3 0.69453125 0.8421875 0.115625 0.07265625
0 0.48125 0.9140625 0.03984375 0.03515625
5 0.659375 0.5578125 0.05078125 0.03828125
0 0.39921875 0.65703125 0.0296875 0.07890625
0 0.79296875 0.54765625 0.04453125 0.03671875
0 0.80546875 0.39765625 0.04296875 0.040625
0 0.29921875 0.875 0.02109375 0.08046875
0 0.47890625 0.9578125 0.0390625 0.03203125
0 0.5671875 0.56796875 0.0421875 0.03515625
5 0.859375 0.54296875 0.05078125 0.04296875
0 0.57109375 0.78046875 0.0203125 0.0765625
0 0.38203125 0.90546875 0.01953125 0.08046875
0 0.5125 0.56953125 0.04765625 0.0359375
0 0.4796875 0.87265625 0.0453125 0.0359375
0 0.07421875 0.1859375 0.04921875 0.03828125
0 0.90859375 0.521875 0.04296875 0.03671875
0 0.6046875 0.971875 0.01875 0.05625
0 0.6 0.771875 0.01640625 0.05390625
0 0.38515625 0.98359375 0.0171875 0.03203125
0 0.55 0.784375 0.01875 0.071875
0 0.73359375 0.55546875 0.04296875 0.03515625
0 0.5265625 0.7828125 0.0171875 0.0703125
0 0.03984375 0.94375 0.01953125 0.0625
5 0.853125 0.18984375 0.05 0.03515625
0 0.625 0.96015625 0.01953125 0.059375
0 0.5203125 0.7765625 0.01953125 0.0734375
2 0.05625 0.659375 0.1125 0.07265625
0 0.4875 0.990625 0.04375 0.01875
0 0.1421875 0.97421875 0.0515625 0.0421875
5 0.77734375 0.2125 0.05078125 0.0390625
0 0.30390625 0.96640625 0.01796875 0.0625
0 0.0125 0.9546875 0.025 0.084375