0 0.5254455297318573 0.9425966884483337 0.04215300790866543 0.03844555737069442
5 0.08127242399063869 0.826109211531007 0.057425180836358836 0.06846036569131968
2 0.9488532772046279 0.7130631505480216 0.10229344559074427 0.07932643692972227
5 0.15393269669087067 0.540573061454757 0.05640650889724856 0.0434603656913195
5 0.35498320212807816 0.5710093631258684 0.054780341901054186 0.04186149810013902
5 0.3947274985543062 0.397100390861285 0.06096667490485981 0.04044446846486114
0 0.6126285588578799 0.6878384128971186 0.03918451680591399 0.08052395459715278
0 0.6250953612527882 0.9363304642838894 0.02837435079830275 0.0833943814588892
0 0.10554427623463518 0.5214950999237501 0.04527800790866539 0.03851829255305557
0 0.5233537891233975 0.9846974622903126 0.04046317391627667 0.03060507541937483
0 0.7094239403022611 0.9179999980032297 0.03000051779449713 0.08499324905006951
0 0.44768003809763324 0.5856550510055212 0.04371550790866543 0.03848192496187508
0 0.45978208456104247 0.8060402861878824 0.026429848821136304 0.07398301386770853
0 0.2804779506452034 0.5622506525447919 0.04527800790866543 0.03851829255305557
0 0.5266923533441228 0.8965756736306949 0.04853034190105419 0.041716027735416716
0 0.4816570845610425 0.8065494324644101 0.023241181824942104 0.07234777868534721
0 0.22156586566423142 0.553074367875521 0.04684050790866543 0.03855466014423605
0 0.4013514551310087 0.9806447621100176 0.02346667490485981 0.03871047577996478
0 0.946604380455798 0.24525805470833414 0.053217841901054184 0.04182513050895835
0 0.6961373731157863 0.9864161575787851 0.023594008897248563 0.027167684842429908
0 0.43703033406675085 0.8031692061157643 0.02655718281352506 0.07710801386770853
5 0.24309737847863166 0.21951763867708354 0.05309050790866543 0.038700130508958354
0 0.4115209980971958 0.7900873246568754 0.021042011862997968 0.05668641109416654
0 0.37990753665193955 0.9719906348773615 0.02710101087441492 0.05214438145888885
0 0.9669764551310088 0.9833119542159032 0.02566584486680341 0.033376091568193544
3 0.04305218239359569 0.8650255879559028 0.018490014828747615 0.07067617591180557
0 0.6201478760815358 0.9996058353904516 0.01932300296574958 0.000788329219096795
5 0.16795545703381295 0.19513392809600708 0.05634284190105419 0.0418978656913195
0 0.9887905163488035 0.9835847111497573 0.0224189673023929 0.032830577700485364
0 0.4996563735728968 0.5970114315144797 0.05165534190105418 0.04178876291777769