3 0.69296875 0.87578125 0.11484375 0.090625
2 0.0578125 0.66640625 0.115625 0.0703125
5 0.65703125 0.58203125 0.0546875 0.0390625
0 0.96171875 0.39375 0.04296875 0.03515625
0 0.4765625 0.9375 0.0390625 0.03359375
0 0.47578125 0.98125 0.0390625 0.03203125
0 0.7921875 0.57265625 0.04453125 0.0359375
0 0.30078125 0.97734375 0.01953125 0.04453125
0 0.56484375 0.5875 0.04296875 0.03515625
0 0.08203125 0.2 0.05 0.0390625
0 0.91015625 0.55390625 0.04140625 0.034375
0 0.4765625 0.8921875 0.0453125 0.03671875
5 0.85859375 0.56953125 0.05 0.03984375
0 0.37890625 0.921875 0.01875 0.08359375
0 0.4 0.67578125 0.03046875 0.07890625
0 0.54921875 0.80625 0.01953125 0.075
0 0.13984375 0.98125 0.05078125 0.03671875
0 0.59765625 0.79609375 0.015625 0.05390625
0 0.2984375 0.8921875 0.02109375 0.0828125
0 0.6 0.984375 0.01875 0.03125
0 0.56953125 0.8015625 0.01953125 0.07421875
0 0.73671875 0.5796875 0.04296875 0.03515625
0 0.52265625 0.80546875 0.0171875 0.071875
5 0.8578125 0.22265625 0.05 0.03515625
0 0.03828125 0.953125 0.02109375 0.0625
0 0.871875 0.40703125 0.05 0.0390625
0 0.6265625 0.9734375 0.02109375 0.04296875
0 0.5171875 0.59140625 0.0484375 0.0375
3 0.73046875 0.01171875 0.05625 0.0234375