3 0.7287206733278687 0.8183915509493946 0.13095605702175916 0.09456909084927716
0 0.5117279544306463 0.8807269320275303 0.0488667269557407 0.04379355866619008
5 0.9036749893031008 0.5271170688825235 0.058925232139537084 0.05226162252816078
5 0.7020735330825452 0.5317820615930564 0.05851512902925915 0.0475741225281606
0 0.8362140872295821 0.5286902765599782 0.05212842799249984 0.0455745799535137
2 0.10140915174421179 0.6020816700464862 0.10412015494824059 0.08958665990702759
0 0.4377758786999525 0.6194341529465366 0.046170953911481405 0.08398151609154336
0 0.5611531730450448 0.7538641472465535 0.031288247690925884 0.07362317029858775
0 0.5101551839782852 0.9256405942803465 0.04376912384546294 0.038778276735204995
0 0.6089680820457859 0.5367205698909296 0.04716752591898139 0.04212179802252862
0 0.6067390751185633 0.753820588580363 0.03482335080120365 0.0785291915859112
0 0.9530892289355082 0.5079410979635173 0.05212842799249984 0.0455745799535137
0 0.6324498490112944 0.9398837747183926 0.02882762902925915 0.04549817029858758
0 0.5547200794538878 0.5365838120972596 0.0551167269557407 0.04423060124083733
0 0.3286817171073132 0.836932645404968 0.037206057021759074 0.08801345222957302
0 0.5120116269565261 0.839047530418376 0.05369092799249984 0.04568384059717552
0 0.4115816914711557 0.8680791025782195 0.03537015494824054 0.08477919158591121
0 0.7745636877479619 0.5337873219846166 0.05212842799249984 0.0455745799535137
0 0.5840144746001836 0.7546236179134583 0.03454994872768502 0.0754041915859112
0 0.41203004227235923 0.9450786451528664 0.021484020735185183 0.03256112772394104
0 0.6349618199347671 0.7439867666726211 0.02665953628657398 0.05621714901126431
0 0.6517760474561556 0.9361742666726212 0.03080023213953691 0.05029493094224975
0 0.12208819641861082 0.13766425494367857 0.05851512902925915 0.047574122528160734
0 0.3310049262025908 0.9263775576577842 0.03019463939685174 0.06112317029858758
5 0.9096360060322681 0.17298694375647278 0.05994092799249984 0.04612088317182246
0 0.5168638052318499 0.9573986926711922 0.04083961347787035 0.02304401609154354
5 0.8335225653631013 0.19245784561772866 0.05851512902925933 0.047574122528160734
0 0.16465746479823898 0.9207170555640971 0.060214330066018465 0.049245883171822415