3 0.286495516790223 0.12024788995708642 0.12202382213985138 0.10205380891829186
3 0.8898734548171726 0.3609568373198554 0.07345734736759475 0.050338489608439826
0 0.5035490967346226 0.041943301453597856 0.04344246515360979 0.03888753737886684
5 0.3238119451985258 0.4130091903254035 0.056106156260602266 0.0444491225281606
2 0.9280034265942042 0.2733422228374664 0.10870536660488846 0.07774222376899793
0 0.5027752812181931 0.08641992113176698 0.049856156260602094 0.04401207995351377
0 0.4162995455613455 0.39796906234936114 0.04344246515360961 0.03888753737886681
0 0.5842807084453697 0.29659831444304807 0.03715774881887359 0.08209123416055819
0 0.1882737492822098 0.4333977360021436 0.0465674651536097 0.039106058666190255
0 0.07026779374724697 0.46502978427677366 0.045059528855940556 0.040559298022528625
5 0.1208952763240518 0.44356469367959817 0.053090283665263985 0.04735560124083733
0 0.5019518803998866 0.008119230554261938 0.041770837748947895 0.016238461108523877
0 0.2478397222403678 0.4237770815429977 0.0465674651536097 0.039106058666190435
0 0.4591492775899962 0.1751981978669721 0.024439494009550165 0.0749671490112643
0 0.601631932669472 0.04521613090290855 0.026383939925866073 0.08601390965492603
0 0.35658481669755576 0.019930633714462846 0.0254563569862416 0.03986126742892569
0 0.47106889111484185 0.39180118982120044 0.05141865626060209 0.04412134059717552
0 0.6857787541763513 0.06816767582334399 0.02956350362819702 0.08779493094224951
0 0.3836854861201839 0.19372395876273538 0.02060516587924912 0.054436127723940776
0 0.9153768747879549 0.7465065712283121 0.05298115626060209 0.04423060124083733
0 0.3780059489115409 0.010544744047915267 0.021785719962933124 0.021089488095830534
0 0.43183280944116154 0.17632900913105246 0.02454862141421188 0.07809214901126431
0 0.41127477278067276 0.184780647498655 0.026220248818873592 0.08132640965492603
5 0.2030504895787449 0.7690403050598941 0.056106156260602266 0.04444912252816078
0 0.9513789615254126 0.008518796257817757 0.027291675497895795 0.017037592515635514
0 0.5061804679791985 0.6137965221205027 0.045004965153609786 0.038996798022528624
0 0.6802678533580446 0.004688591934557837 0.023839293283910833 0.009377183869115674
5 0.12427072515077468 0.7932533372429809 0.05292659255827141 0.042668101240837156
0 0.9688392800370668 0.008171911913101048 0.02007937622353566 0.016343823826202097