3 0.6953125 0.853125 0.115625 0.06953125
0 0.4828125 0.93125 0.040625 0.0359375
0 0.98125 0.25 0.0375 0.03828125
5 0.8609375 0.55078125 0.05078125 0.03984375
0 0.48203125 0.884375 0.04453125 0.0375
5 0.66015625 0.56953125 0.05 0.0375
0 0.48046875 0.975 0.0390625 0.03125
0 0.79375 0.55703125 0.0453125 0.034375
0 0.909375 0.53359375 0.04296875 0.03671875
0 0.565625 0.578125 0.04140625 0.03515625
0 0.3 0.89296875 0.021875 0.08203125
0 0.4 0.66953125 0.03046875 0.07890625
0 0.3828125 0.91875 0.01953125 0.0828125
0 0.07109375 0.20234375 0.05078125 0.0390625
0 0.5734375 0.79296875 0.0203125 0.0765625
0 0.52890625 0.79765625 0.01640625 0.07265625
0 0.60625 0.9796875 0.01875 0.040625
0 0.73359375 0.565625 0.0421875 0.0359375
0 0.60078125 0.78203125 0.01640625 0.0546875
5 0.7796875 0.2234375 0.05 0.03984375
0 0.0375 0.965625 0.01953125 0.0640625
0 0.55078125 0.796875 0.01875 0.07265625
0 0.30625 0.9765625 0.01953125 0.046875
0 0.62734375 0.97265625 0.02109375 0.05390625
2 0.05625 0.6734375 0.11171875 0.07265625
0 0.01328125 0.96484375 0.0234375 0.0703125
0 0.5140625 0.5859375 0.04609375 0.03671875
5 0.85390625 0.2015625 0.05078125 0.0359375
0 0.3828125 0.99140625 0.01796875 0.0171875
0 0.14609375 0.984375 0.0484375 0.03125