0 0.9065565062016991 0.4706054171742363 0.04787521034569906 0.03737888648947969
0 0.927338019133823 0.5148257865448529 0.04635817445232178 0.038841256939830336
0 0.50733277837153 0.09645440931155538 0.041670674452321775 0.038540868290882345
5 0.0535438518076372 0.2053977012643043 0.06400031551854848 0.05556768198597286
0 0.5094324874635877 0.14181697408638003 0.04801160266556703 0.0420663864894796
0 0.5052558013327835 0.051873094536730724 0.04157974623907634 0.03541586829088235
0 0.6897648451437197 0.14869443707087665 0.025801633544379497 0.0827519432447398
0 0.2117213793212373 0.44245401758028846 0.04792067445232169 0.03894138648947969
0 0.09595162681395485 0.456869366131414 0.04635817445232167 0.038841256939830336
0 0.9781915049813115 0.46218045033222843 0.04361699003737698 0.04226664558877822
0 0.9839402255539959 0.5079435333056503 0.03211954889200826 0.040303627390180986
0 0.4378065062016992 0.4405665522794401 0.043233174452321776 0.03864099784053181
0 0.5985644982841404 0.36431134021779404 0.03678459765100204 0.08501535009228504
0 0.6054209373844455 0.11755625616463797 0.0242391335443795 0.08265181369509049
0 0.2700878087881239 0.438396375692138 0.04644910266556703 0.04196625693983016
0 0.4424699594877691 0.22564245912698527 0.023966348904643376 0.0732768136950905
3 0.00835572077054025 0.09956920342377262 0.012710600158284563 0.06163840684754525
5 0.14779527164110534 0.44303620604466626 0.05274456677218971 0.04392927513842757
0 0.4651034774344579 0.22631308759690044 0.022403848904643198 0.07317668414544123
0 0.3943279761808166 0.2326946930878563 0.01873327962517113 0.05422642504614252
0 0.3802103372261608 0.04230023056478503 0.02113085391920828 0.029426684145441175
0 0.5316427373970807 0.6103364366094514 0.049574102665567034 0.04216651603912887
0 0.9467378546441241 0.8599578138427487 0.051136602665566855 0.04226664558877822
5 0.16420649947127458 0.7926554742432635 0.05265363855894432 0.04080427513842757
5 0.3434116485215672 0.4391962145256561 0.05577863855894431 0.04100453423772628
0 0.7190698442192828 0.7806453439184219 0.025801633544379497 0.08275194324473993
0 0.35936663981258554 0.049542231644519194 0.021585494985435005 0.04505168414544118
0 0.9490201731986805 0.10760357186231326 0.02213106426490725 0.06380168414544118
0 0.6795427474927175 0.06538128932263003 0.021585494985435005 0.04505168414544118
0 0.4869570600417651 0.4413768830933936 0.049574102665567034 0.04216651603912887
0 0.4190779235943918 0.22570301588224542 0.025619777117888633 0.07650194324473976
0 0.598642088479802 0.045380867515689996 0.019159176959604098 0.015264054595791854
2 0.943370224102499 0.3919587854651187 0.11325955179500191 0.07918445712440043
5 0.74917619602692 0.9672105929955712 0.03098923871722903 0.06557881400885748
3 0.3085117435987798 0.9988856878460691 0.04429556927947216 0.0022286243078617927
0 0.9746195667721897 0.10300570943152706 0.0273641335443795 0.08285207279438915
0 0.8388040872261608 0.07168825338686077 0.05260817445232178 0.039241775138427616