3 0.69609375 0.8390625 0.115625 0.071875
0 0.484375 0.915625 0.0390625 0.034375
2 0.0578125 0.66640625 0.11484375 0.075
5 0.659375 0.55625 0.0515625 0.0375
0 0.55078125 0.7859375 0.01875 0.07109375
0 0.48359375 0.96015625 0.03828125 0.03203125
0 0.40078125 0.66015625 0.03046875 0.0796875
5 0.85859375 0.5375 0.0515625 0.0421875
0 0.18359375 0.53359375 0.04609375 0.03671875
0 0.48125 0.875 0.04609375 0.0375
0 0.90703125 0.5203125 0.0421875 0.0359375
0 0.06875 0.2015625 0.0515625 0.03984375
0 0.5671875 0.56640625 0.0421875 0.03515625
0 0.57265625 0.78359375 0.0203125 0.0765625
0 0.30078125 0.884375 0.02109375 0.084375
0 0.5125 0.571875 0.04765625 0.03671875
0 0.3796875 0.90703125 0.01875 0.08359375
0 0.79296875 0.54609375 0.04453125 0.0359375
0 0.73359375 0.5515625 0.04296875 0.0359375
0 0.60625 0.971875 0.01875 0.05625
0 0.528125 0.784375 0.0171875 0.0703125
0 0.3109375 0.97109375 0.01875 0.0578125
0 0.38359375 0.98515625 0.0171875 0.02890625
0 0.60078125 0.7703125 0.015625 0.05546875
0 0.7234375 0.99453125 0.02109375 0.0109375
0 0.0390625 0.95703125 0.0203125 0.0625
5 0.7765625 0.21015625 0.05234375 0.03828125
0 0.49140625 0.99140625 0.04296875 0.01640625
0 0.6328125 0.96796875 0.021875 0.0640625
5 0.85390625 0.18984375 0.0515625 0.03671875
0 0.01875 0.96015625 0.0234375 0.07890625
0 0.14921875 0.97734375 0.0515625 0.0453125