3 0.6923907796050226 0.8167751037639268 0.13755816162790727 0.10915134364130097
2 0.0851047015688461 0.5804848543921467 0.10132027297895926 0.10153029121570664
0 0.4713063240217815 0.8717328971056654 0.04791586829088246 0.04432382697140156
0 0.5396222208471775 0.5284615160416796 0.05935401603912886 0.053029147274843244
0 0.415852856256923 0.6068890181677116 0.04583173658176474 0.08456618969849786
0 0.46775982186231324 0.9144305801362036 0.046153109191583754 0.04107128121376711
5 0.8881994231912159 0.5267088578468128 0.059454145588778574 0.054591647274843245
0 0.47792776140642523 0.8279988725598582 0.054466256939830336 0.04952151000193972
5 0.6871981276947228 0.5274097148240333 0.05915375693983034 0.04990414727484325
0 0.584405903756001 0.9331809669500652 0.031229016039128865 0.050733323637421536
0 0.2914197624861594 0.8220192948395507 0.04154475478036197 0.09043355242559414
0 0.9411544424695475 0.5074647792084213 0.052803627390181164 0.04783146424430509
0 0.5922663594961255 0.5288762331609227 0.04791586829088246 0.04432382697140156
0 0.3679915569029185 0.8526796213519102 0.03831962523071262 0.08861596091032524
0 0.821492784542268 0.5274420525462805 0.05602875693983016 0.049649055759574165
0 0.13540417874677035 0.11538627075278537 0.05915375693983034 0.04990414727484325
0 0.6588473804725 0.29333760376392687 0.052803627390180984 0.04783146424430509
0 0.7610361458933201 0.5276650642152101 0.052803627390180984 0.04783146424430509
0 0.5739528577980825 0.7455534211924306 0.03791910703211539 0.08236596091032525
0 0.5527589782484332 0.7457127889204969 0.035956088833518154 0.0759884151526908
0 0.6032899043743098 0.7376613017973744 0.02860466378737563 0.05829073212215263
0 0.3644543491602092 0.9322873730189002 0.022415220542635693 0.03447059484924893
0 0.5313147748246605 0.7419659066485631 0.03439358883351815 0.07586086939505617
0 0.6146743946567025 0.9275688246761918 0.036317034237726274 0.05736596091032524
5 0.9196265892949433 0.1715272792084213 0.05739099784053181 0.04665160151720871
0 0.29243964681617074 0.9114644321124542 0.03213018198597286 0.06479582363742153
0 0.47147510717977364 0.947896784378569 0.04701470234403846 0.030261326971401558
5 0.8414713109173133 0.18968708996896533 0.05925388648947951 0.05146664727484325
0 0.12536276834625557 0.9023280324217151 0.07079216378737559 0.06173446757828529