3 0.25768860297952645 0.8148915350575215 0.1366865228654907 0.11634919467652338
0 0.459384989918017 0.49685782357508435 0.04996528366526398 0.045723676882026255
0 0.4792237747644073 0.4600608191264602 0.05152778366526398 0.045787343878220456
5 0.34716773211346863 0.5319424307991778 0.06262897477225646 0.05092051285158128
2 0.9202679593327959 0.7229574781768081 0.13139882213985138 0.09897069368794006
0 0.4575472484403555 0.9147138270351256 0.046785719962933035 0.0440338428896375
0 0.43559531505309323 0.5549395790122919 0.04996528366526398 0.045723676882026075
0 0.44808296840328854 0.9573469960084863 0.045114092558271326 0.04084517589344294
0 0.46453136922159527 0.8682699085560565 0.056324411069925695 0.049103344866803414
0 0.6213667009800934 0.968280542929006 0.030233137023308564 0.01683467292769336
0 0.2340824003549705 0.4301491205327852 0.056324411069925695 0.04910334486680377
0 0.41114841967708216 0.7734322524342769 0.03699405771188111 0.07640067391627667
0 0.9782663876562807 0.2603354613708941 0.04346722468743849 0.0490396778706093
0 0.5706994574338793 0.36870896585669943 0.04834821996293322 0.0440975098858317
0 0.21538945325752815 0.4997586249814095 0.056324411069925695 0.04910334486680377
0 0.5569569713985135 0.9161397227767816 0.04044643992586607 0.08590300790866542
0 0.6253646539831677 0.5002653719784789 0.05950397477225664 0.050793178859192524
5 0.1538244706807233 0.4842728878329908 0.059613102176918266 0.05391817885919252
0 0.6417312754821974 0.9017323714841874 0.04368056733052796 0.08915534190105419
0 0.10680313774109876 0.45958856422072536 0.05152778366526398 0.045787343878220456
0 0.5836012838349 0.6709572153624078 0.051329376223535304 0.08478617688202608
0 0.36657996414211935 0.7517774283277199 0.02847222958157989 0.05576983893530461
0 0.43712064263524014 0.7778504969970694 0.03537699400955034 0.07477450692008229
0 0.269923185834333 0.515530863612703 0.05319941106992569 0.04897601087441501
0 0.3261707628683258 0.9388436882135516 0.02609127404661713 0.03226867193911005
0 0.9930059886520727 0.5185153758956306 0.013988022695854595 0.040399506920082116
0 0.3913716330165934 0.7671968398867067 0.04033731252120454 0.08277800790866544
0 0.3069569713985135 0.9263264421678843 0.028199411069925694 0.04795733893530461
5 0.221698929126093 0.14274462102707677 0.05783234736759475 0.04760451186299806
0 0.48374263837407094 0.5670602356283629 0.05950397477225664 0.050793178859192524