0 0.096875 0.565625 0.04609375 0.034375
0 0.55078125 0.80625 0.01875 0.07109375
0 0.478125 0.9359375 0.0390625 0.03359375
0 0.02421875 0.57734375 0.046875 0.0359375
0 0.48125 0.88984375 0.0453125 0.03671875
0 0.47890625 0.9796875 0.03828125 0.03046875
0 0.403125 0.66796875 0.03203125 0.07890625
0 0.08203125 0.51953125 0.04609375 0.034375
0 0.37890625 0.91640625 0.01875 0.08125
0 0.30078125 0.97265625 0.01953125 0.0546875
0 0.0203125 0.53125 0.040625 0.034375
0 0.57265625 0.80625 0.01953125 0.0765625
0 0.915625 0.56875 0.04296875 0.034375
0 0.57109375 0.5921875 0.040625 0.0328125
0 0.74296875 0.58671875 0.04296875 0.03515625
0 0.79765625 0.58359375 0.04453125 0.03515625
0 0.29765625 0.88359375 0.02109375 0.08359375
5 0.66484375 0.5890625 0.05078125 0.03671875
0 0.528125 0.80546875 0.01640625 0.071875
0 0.48671875 0.41875 0.04609375 0.03828125
0 0.6015625 0.98671875 0.01796875 0.0265625
5 0.8703125 0.23125 0.0515625 0.0359375
0 0.0875 0.17890625 0.05 0.03828125
5 0.8625 0.58203125 0.05 0.03984375
0 0.03359375 0.9375 0.02109375 0.06015625
3 0.9875 0.92890625 0.02421875 0.0609375
2 0.0578125 0.64921875 0.115625 0.06640625
0 0.52109375 0.590625 0.0484375 0.03828125
0 0.6 0.79921875 0.015625 0.0546875
0 0.29765625 0.109375 0.01796875 0.08125
0 0.13671875 0.97109375 0.05078125 0.03984375
0 0.6234375 0.97890625 0.01796875 0.04140625
0 0.38125 0.98984375 0.01875 0.0203125
5 0.9796875 0.80390625 0.040625 0.040625
3 0.7390625 0.0125 0.0421875 0.025
5 0.2890625 0.0140625 0.0203125 0.02734375
0 0.0109375 0.94375 0.02109375 0.08359375