3 0.7343001343138065 0.16905043911876977 0.12624325256024882 0.08494856909549373
0 0.5121073449218547 0.23725907880756933 0.02945925782192056 0.07860323212215255
0 0.438001257963095 0.1079704494105735 0.04602513154179633 0.04263378121376702
0 0.4335636579207426 0.0628652435012181 0.042627115756780756 0.03769118969849792
0 0.4376603527437754 0.1542555180470253 0.05080363680346807 0.044578918486670595
5 0.831208142488663 0.47289252942609084 0.05576415258848364 0.049649055759574165
0 0.3381531764071813 0.12415381667959777 0.02982327886860805 0.08485323212215254
0 0.366052850324701 0.37291005213573025 0.042232273606936134 0.08431109818322886
5 0.6316708740728114 0.4620991953276876 0.05401964206513998 0.046396510001939714
0 0.2578440501270569 0.15527652879787102 0.03469278939195171 0.08836086939505616
0 0.8806166082877958 0.48713024367039603 0.04915013154179633 0.04288887272903601
0 0.48300586091863185 0.4538885983524067 0.05401964206513998 0.046396510001939714
0 0.5369121109186319 0.4582889269907982 0.04593412628012441 0.04107128121376693
0 0.763929637226991 0.46897056184780583 0.04905912628012441 0.04132637272903601
0 0.488533337029347 0.23768964244305132 0.029277247298576902 0.07547823212215263
0 0.25751709741151635 0.06654886864615014 0.02653167889684287 0.05503818636451803
0 0.5332465975526908 0.23819969653563558 0.02945925782192056 0.07860323212215255
0 0.05554465869720151 0.8522955657615139 0.055582142065139936 0.04652405575957417
0 0.7045091345961552 0.46490507305769346 0.04905912628012423 0.04132637272903601
0 0.002821892135727094 0.09647638727290361 0.005643784271454188 0.06482777454580721
0 0.5576836973832815 0.06122260835434638 0.02213260523343692 0.03290809484924897
0 0.5617433238751675 0.24759054305187447 0.023588689420186527 0.05790809484924893
5 0.7624232612292154 0.804812338060603 0.05540013154179633 0.043399055759574166
2 0.0417339317394403 0.3823340100019397 0.0834678634788806 0.08966802000387934
0 0.09442556321064935 0.06344035985215846 0.05907116311182732 0.05302914727484327
5 0.8415192270283484 0.8214734216999643 0.055491136803468066 0.04496155575957417
0 0.579194676336594 0.06925824896122988 0.0291106473268119 0.045918277879787105
0 0.3377429237057582 0.05033367940669418 0.021586573663405863 0.02353309484924897