3 0.20447407502077813 0.8296875 0.1357703567298018 0.1109375
5 0.30746771832815734 0.5453125 0.0612850098858317 0.046875
2 0.8749085918266921 0.75 0.12394151878308009 0.0890625
0 0.4099308961615856 0.8875 0.054971342889637495 0.0453125
0 0.5642907909146586 0.99140625 0.028825336958138336 0.0171875
0 0.40180271977385107 0.93359375 0.04859400889724856 0.0421875
0 0.39223937737850534 0.9765625 0.04527800790866543 0.0375
0 0.39782346289094994 0.57109375 0.05015650889724856 0.0421875
5 0.11344314570447508 0.49453125 0.061412343878220546 0.05
0 0.9592835222059403 0.28984375 0.0582236768820259 0.0484375
0 0.17758655874633678 0.51171875 0.051719008897248564 0.0421875
0 0.06993056764358536 0.46953125 0.05015650889724856 0.0421875
0 0.3615344999256379 0.790625 0.03593218281352524 0.0765625
0 0.26884829832903245 0.95625 0.026400673916276672 0.034375
0 0.5857784717510175 0.92421875 0.04106535178688588 0.0875
0 0.3170815043742622 0.76953125 0.027228344866803766 0.0546875
0 0.5000810522833652 0.9375 0.037813017794497125 0.084375
0 0.38715658243515194 0.79453125 0.035804848821136395 0.0734375
0 0.539046687682079 0.690625 0.04868685079830275 0.0828125
0 0.2354481382901013 0.5296875 0.051782675893442945 0.04375
0 0.34225791791041543 0.784375 0.037622016805913996 0.0796875
0 0.4433760434232976 0.584375 0.056533842889637496 0.0453125
0 0.24982638429858756 0.94375 0.030162343878220543 0.05
5 0.19613621787104682 0.15234375 0.058096342889637366 0.0453125