0 0.06741085209486988 0.3604056263496462 0.05602875693983032 0.04933807178554286
0 0.054689609034700194 0.40453413464801596 0.047815738741233016 0.042496075934727706
0 0.14391279533960968 0.3895262865174713 0.05602875693983034 0.04933807178554286
0 0.8420882819213744 0.5232863184847725 0.054065738741233105 0.04296967261537983
0 0.11927254318014135 0.42964180103961847 0.05582849784053168 0.04621307178554268
0 0.7819623102990045 0.5070684000185776 0.04937823874123311 0.042614475104890734
0 0.5671851048726471 0.16426190291836257 0.05582849784053181 0.04621307178554281
0 0.577353044416759 0.08028964461999281 0.047815738741233106 0.042496075934727706
0 0.5743374683831675 0.11815649752442225 0.05124112739018098 0.047420374275053766
0 0.6009674244278337 0.254674337981297 0.04064358883351815 0.07616068091374953
0 0.47332568090623867 0.11905430146382567 0.03968186613141409 0.08541728174358654
0 0.48731952729789596 0.046256341505781964 0.024639054595791875 0.020525987552445356
0 0.4597893167774094 0.35670766681580973 0.05178134793281686 0.08011447510489074
2 0.11448730875784499 0.30644109937994446 0.13363212523071266 0.09564623195336797
0 0.3870773002768552 0.13195519793469634 0.04613212523071262 0.08901587842423861
0 0.5084921367940215 0.6192910998041518 0.0460529796419344 0.039252676764564676
0 0.7279736081118495 0.11347176537056161 0.038540868290882456 0.04334818091374957
0 0.2604887399686254 0.9348047429510302 0.03415375693983034 0.04768048340326061
0 0.044851138953489765 0.5421758446060597 0.025819625230712663 0.0874766892121194
0 0.07525573950720016 0.7497282354778528 0.05819203423772625 0.05883147095570571
0 0.23966327729789594 0.02749007303494267 0.057451554595791876 0.023012370125868865
0 0.11483325801956448 0.032802689836819235 0.03591651603912895 0.05092388257342349
0 0.13494549892026583 0.03121687904893855 0.04176599784053168 0.045147479254075605
0 0.40843306369509047 0.05271798382746774 0.038741127390180985 0.046473180913749544
0 0.6271794710040611 0.2512183738740684 0.04593186613141391 0.08589087842423862
0 0.648723803977483 0.2598480126712692 0.04769462523071262 0.08913427759440165
0 0.6735130528977489 0.2827177502237146 0.03828005243632351 0.06354228174358649
0 0.9544473820136595 0.5660084599812657 0.05662953423772628 0.05871307178554286
5 0.8578365044665951 0.8782222722190388 0.06474242288667398 0.06399256763635783
5 0.9008520126430429 0.5425108377808043 0.05446625693983016 0.04921967261537983
5 0.7093363386766345 0.4899032881910784 0.054566386489479514 0.05078217261537983
0 0.6145850431801414 0.467174337981297 0.053504534237726276 0.05847627344521662
0 0.5618908397563688 0.4577392157808357 0.05154151603912886 0.05210787427505377