3 0.6019809816537445 0.8809131941078696 0.13393251387966068 0.09584569368794008
0 0.3256490191306732 0.9007441689361798 0.05124112739018098 0.0457236768820259
2 0.030503818632335995 0.5551212401141683 0.06100763726467199 0.0960075197716634
0 0.4296332171557749 0.7858593151721275 0.03908108883351815 0.07483817391627667
0 0.33865896129567885 0.855799083460916 0.05769138648947969 0.049103344866803414
0 0.3245218198689537 0.6265081728905123 0.053744366131414 0.08478617688202625
0 0.2343021283222569 0.8670641887078432 0.041244366131414 0.08427684091247087
0 0.3103954565153168 0.9442222549057349 0.047815738741233016 0.040908842889637496
5 0.6023557256367648 0.5832396980622023 0.05925388648947951 0.04916701186299814
0 0.8505533937430769 0.6011779786710997 0.052803627390181164 0.045787343878220456
0 0.4082088001291969 0.7797194031188489 0.035956088833518154 0.07471083992388791
0 0.732103782392025 0.6013291703818734 0.054366127390180985 0.04585101087441501
0 0.4513079580564764 0.7880929772254059 0.03928134793281686 0.07796317391627668
0 0.16225595003691184 0.8240264545251741 0.04623225478036197 0.08915534190105419
0 0.5095569563584333 0.5722159678338657 0.05124112739018098 0.045723676882026255
0 0.4274432541712784 0.965946063194961 0.026802331893687636 0.02914367193911005
5 0.7985903755444796 0.6095289895455146 0.061016645588778215 0.052355678859192525
0 0.6741108096899209 0.5943416827391631 0.05124112739018098 0.045723676882026075
0 0.451231207595051 0.9595223082520452 0.03375323874123311 0.040335839923887916
0 0.15115388494832013 0.09747588338436645 0.060916516039128954 0.050793178859192475
5 0.8173436821428564 0.2682500735379033 0.059253886489479865 0.04916701186299814
5 0.894737496917681 0.264317307226281 0.059153756939830514 0.04760451186299815
0 0.4813959762550736 0.7806333042977125 0.03172966378737563 0.05739600593149916
0 0.14190507480619918 0.9105687909890208 0.03309190468807692 0.05433467292769336
0 0.46240135410667993 0.5663453112177947 0.05769138648947969 0.04910334486680377
0 0.21563366903838807 0.9395121916735928 0.023276813695090492 0.02276633794672165
0 0.006889438621261351 0.8827514915970429 0.013778877242522702 0.05548067885919252