3 0.2375 0.38515625 0.065625 0.04921875
3 0.68828125 0.87109375 0.11328125 0.08828125
0 0.6625 0.38828125 0.04296875 0.034375
0 0.4703125 0.92578125 0.0390625 0.03359375
0 0.26328125 0.4375 0.0453125 0.03359375
0 0.4703125 0.8796875 0.04609375 0.03671875
5 0.853125 0.5703125 0.04921875 0.03828125
5 0.65546875 0.5765625 0.05 0.03671875
2 0.05234375 0.63984375 0.1046875 0.06640625
0 0.1015625 0.46015625 0.0453125 0.0375
0 0.39296875 0.66015625 0.0296875 0.0796875
0 0.5609375 0.57890625 0.040625 0.03515625
0 0.51171875 0.58046875 0.0484375 0.03984375
0 0.4671875 0.96875 0.0390625 0.03125
0 0.7875 0.57421875 0.04453125 0.0359375
0 0.28984375 0.87421875 0.02109375 0.08125
0 0.4125 0.36171875 0.04609375 0.034375
0 0.38359375 0.42265625 0.0421875 0.03515625
0 0.58671875 0.7859375 0.015625 0.053125
0 0.5421875 0.7953125 0.01875 0.0734375
0 0.371875 0.90703125 0.01875 0.08125
0 0.58828125 0.98125 0.01796875 0.0375
0 0.075 0.17109375 0.05 0.03828125
0 0.9046875 0.55703125 0.04296875 0.034375
0 0.72734375 0.57734375 0.04296875 0.03515625
0 0.37265625 0.984375 0.015625 0.03125
0 0.56171875 0.7953125 0.01953125 0.07421875
0 0.61328125 0.9734375 0.01875 0.053125
0 0.13125 0.959375 0.04921875 0.040625
0 0.51484375 0.7953125 0.01640625 0.0734375
5 0.85546875 0.221875 0.0515625 0.03359375
0 0.2921875 0.965625 0.0171875 0.0640625
5 0.7796875 0.2375 0.05234375 0.03515625
3 0.98046875 0.409375 0.0390625 0.0453125
0 0.028125 0.9265625 0.021875 0.0640625
0 0.00703125 0.9296875 0.0140625 0.08125