3 0.6971554439613628 0.09526485418398177 0.11970037799792799 0.09221135771838498
0 0.48396408519385703 0.08907981566641901 0.04862159057054072 0.039410009885831744
0 0.47869223428423435 0.0431133996588078 0.04066354135632899 0.03596667490485979
2 0.07275056513486519 0.3351761546389047 0.11726458271265772 0.07339769072219057
5 0.6764620700972639 0.39041552810025837 0.05487159057054072 0.0396646778706093
0 0.4537459698068137 0.5998700770351255 0.035757717535011224 0.031088173916276673
0 0.2550087551672865 0.4670761175670357 0.04705909057054054 0.039346342889637495
0 0.4750920452852704 0.00829866030466744 0.03902826674922295 0.01659732060933488
0 0.08553100909622793 0.45832715315602995 0.05345463978475231 0.04272601087441501
0 0.5832386089723934 0.3887349643738247 0.04535104135632899 0.036157675893442945
0 0.5574251639775734 0.17062163433576857 0.022097631926869355 0.07263900395433272
0 0.3011280064101408 0.017923011102970187 0.02249573821317572 0.035846022205940374
0 0.8640156898230243 0.6528160745264866 0.04222604135632899 0.03603034190105418
0 0.8126906685256874 0.39112649943134636 0.04698631596343468 0.03778384288963732
0 0.38183650496239874 0.06428008692095726 0.022607054176610398 0.08357650395433272
0 0.0359953120344933 0.05019365958182058 0.02485875889134015 0.0649538379467215
0 0.117729348838199 0.796721149695989 0.048621590570540586 0.039410009885831696
0 0.9276628511145105 0.4060100587091558 0.045351041356328635 0.036157675893442945
5 0.8916013424280582 0.7409235695835706 0.05316354135632899 0.03647601087441501
0 0.41372016749223006 0.31188991597043014 0.033253455748187125 0.07777217292769345
0 0.5308990512811264 0.17248522327107324 0.020535131926869354 0.07257533695813834
0 0.3027868598009629 0.09802768722496842 0.02580482878371626 0.08526633794672148
0 0.6056636108344202 0.18117979095183964 0.018099336641599174 0.05376166996194387
0 0.4950879456139926 0.44555265015309936 0.04862159057054072 0.039410009885831696
0 0.6006913587675056 0.0024200627192600076 0.020059942927905538 0.004840125438520015
0 0.7554410947043697 0.3887628447924416 0.04386131596343468 0.037656508897248565
0 0.53216626054397 0.3845541417501424 0.04862159057054054 0.039410009885831786
0 0.577138350495338 0.17373204688333868 0.02224318114108108 0.07576400395433272
0 0.622893844499482 0.009396268745899269 0.020787688998963993 0.018792537491798537
5 0.8761538550434519 0.3924542360854735 0.051819365177646404 0.04109984387822054
0 0.13844606989237612 0.018020488137001904 0.05189213978475227 0.03604097627400381
0 0.25925745347187545 0.42385269958225813 0.04549659057054054 0.03928267589344294
0 0.013610889784752292 0.040625 0.027221779569504584 0.08125
3 0.7765350762980077 0.959298179279122 0.05101884449948209 0.023912343878220454