3 0.26840376055785525 0.8899181053340722 0.11991534639736087 0.10125971622369931
2 0.9162970059390017 0.7349776002399434 0.11615384890464356 0.07918445712440043
0 0.47665051807970266 0.969010529761906 0.0416706744523216 0.038540868290882456
5 0.12439431393570284 0.5668241594684389 0.05279003087881238 0.04549177513842757
5 0.32299929849629666 0.6006844270487274 0.05274456677218975 0.04392927513842757
0 0.41424642412311724 0.6120107557032126 0.043233174452321776 0.038640997840531634
0 0.47459627309426755 0.9975262978082323 0.04001724623907634 0.0049474043835353145
0 0.07174668705524098 0.5470135047803619 0.043233174452321665 0.038640997840531634
0 0.5756947379923132 0.7123681084163913 0.03825616943775678 0.0819904796419344
0 0.1889425472426554 0.5811357857788858 0.04635817445232169 0.03884125693983016
0 0.2481356908161647 0.5911907086655599 0.04640363855894432 0.04040375693983034
0 0.9328793814993155 0.272677859339242 0.04961956677218993 0.04372901603912895
0 0.4827246733316944 0.921654668410854 0.04961956677218957 0.04372901603912922
0 0.5770369629859955 0.9599901746585463 0.025847097651002217 0.08001965068290744
0 0.4437962171426305 0.8338449853451471 0.024011813011265915 0.07483931369509059
0 0.6574518886919584 0.9422441779715779 0.02906302586424747 0.08763970234403828
5 0.1485725776592494 0.2200690754152828 0.05265363855894432 0.04080427513842757
0 0.3684241441022347 0.8149262021871551 0.02029577962517113 0.05432655459579187
0 0.4156939491959418 0.8312614034514592 0.024102741224511347 0.07796431369509058
0 0.3527440051475789 0.9939216340208569 0.021221782132453626 0.012156731958286215
0 0.33422132568069235 0.985898981722961 0.02163095909205772 0.028202036554078092
0 0.652030951307513 0.9987714736249547 0.024755959092057724 0.0024570527500905825
0 0.3970121453558759 0.8277160988556673 0.024102741224511347 0.07796431369509058
5 0.6714872404330885 0.27158122454780537 0.04588681301126592 0.07624112739018099
0 0.4641100318032493 0.6199024012919908 0.04961956677218957 0.04372901603912886
3 0.30213916152019793 0.026406317857143636 0.0425966769596041 0.016765997840531677
0 0.9400083244270512 0.9916272069675169 0.022585705331134066 0.016745586064966032
0 0.9189600385336739 0.9935605455703224 0.029989028371529967 0.012878908859355321