3 0.862641009515022 0.6967628275308507 0.10894696856846835 0.13221120248167448
5 0.499830872002072 0.12273655758090954 0.06152400496239885 0.08373014381548423
5 0.5629128372652809 0.6867769142696284 0.04629711124870504 0.05774679802252862
0 0.8956676410276065 0.47569085686394585 0.041172963606069854 0.048044016091543365
0 0.8523350179920772 0.4804986891632481 0.04615156203449331 0.054621798022528624
2 0.5746703602152478 0.08094217751118023 0.08503427956950453 0.08693155347041022
0 0.5578679263880794 0.593152600407658 0.041172963606069854 0.04804401609154354
0 0.6248307562052531 0.41756237454497314 0.08477741439185812 0.04797831411407198
0 0.5688674307313055 0.7608699781315988 0.04288101282028158 0.05127827673520517
0 0.8303081224163569 0.2971181066118443 0.08746576674922295 0.03882183540139543
0 0.570789495661283 0.8205727600625842 0.04288101282028158 0.051278276735205
0 0.5660762628247908 0.938596140384415 0.04288101282028158 0.051278276735205
0 0.9421252640631359 0.471101545851967 0.03797518899896417 0.046262994804219915
0 0.959068707405326 0.5953420751850622 0.03397689371369381 0.027294473516896466
0 0.7690280583149489 0.5358092660146687 0.07623716832079949 0.03180701089576328
0 0.1038077425564019 0.12717949505632145 0.04629711124870504 0.05774679802252858
0 0.8719818920610638 0.3784116652780346 0.08575771753501123 0.035587574757733706
0 0.772660326511914 0.5587932979456539 0.07794521753501123 0.03504127153942491
0 0.9525447256022911 0.6176159129322462 0.0449871683207995 0.029621798022528623
0 0.566951827959656 0.6000581642696284 0.03961046360606986 0.04793475544788173
0 0.7697322256022912 0.6048324176238231 0.05734161910658777 0.027370883171822413
5 0.5761447756450724 0.8907049436027237 0.04785961124870504 0.05785605866619008
0 0.9022666672873424 0.13206654300197546 0.04956766046291676 0.06109031930985207
0 0.7732403693159848 0.5799963085893157 0.08114299214211709 0.03682229282674854
5 0.23381388048363658 0.836198851997142 0.04629711124870504 0.05774679802252862
0 0.948199789703699 0.3743358064956288 0.032268844499482086 0.024060212873234656
5 0.2247791747354496 0.9123789397443257 0.043172111248705035 0.057528276735205
0 0.9229322700589918 0.2941894845878867 0.0652268937136938 0.02947968639013112
5 0.5539831011190197 0.5419343078330111 0.046224336641599174 0.056184298022528625
0 0.9432575785788284 0.37947677456464357 0.033904119106588124 0.02573197351689647
5 0.8034050965709059 0.79059495500269 0.03285104135632899 0.03656021287323465
0 0.32529517494033733 0.5212401235365669 0.04437073821317572 0.04982503737886681