0 0.9321646228491959 0.38789938726433704 0.042460210772388506 0.04859400889724856
0 0.6122854775480191 0.8783903719784789 0.044049981849627426 0.05334517589344294
0 0.8861072342855143 0.39602756365207165 0.04718407220870695 0.055035009885831696
0 0.975083375874258 0.3775547948689913 0.039317030054229464 0.04534167490485981
0 0.6812990979613279 0.9209015241459257 0.04405907220870695 0.05490767589344294
0 0.7912850927949664 0.34987941692183233 0.07363748789975162 0.03736734882113639
0 0.6535553721618248 0.8532656965793276 0.044049981849627426 0.05334517589344294
5 0.5542027284317819 0.2970249668452826 0.047202252926866174 0.0581600098858317
0 0.688392417832344 0.5283320221687593 0.0846568011314682 0.05187551779449713
2 0.7419593420093996 0.8707622612943444 0.08821813836728971 0.1270028517868859
0 0.637617275654425 0.9344029500393687 0.044040891490547726 0.051782675893442945
0 0.9343089058302914 0.48783572026814265 0.08302157825883114 0.03931185079830275
0 0.5766049692583997 0.38675862889856116 0.042460210772388506 0.04859400889724856
0 0.4280816317279904 0.5123700770351255 0.044040891490547726 0.051782675893442945
0 0.9207509207592102 0.5751274732338922 0.08617384933607006 0.044126684790691685
0 0.5198499334486337 0.16792505726346202 0.044040891490547726 0.051782675893442945
0 0.7849123729473917 0.3290403349066099 0.07676248789975162 0.03749468281352515
0 0.5350073008368806 0.2212264707996153 0.044031801131468026 0.050220175893442943
0 0.7730481772021178 0.3045178373780678 0.056413626463433175 0.030417011862998146
0 0.4778028131335207 0.059455982662613406 0.04560339149054791 0.05184634288963737
0 0.5854896107489475 0.436408460419492 0.047202252926866174 0.0581600098858317
0 0.7914259933607006 0.3740981669218323 0.07207498789975161 0.037303681824942016
0 0.27988658888614165 0.9630451921678844 0.04873748184962743 0.0535361768820259
0 0.9540481923274283 0.25416371581951835 0.028261355386194252 0.024583505931498984
0 0.15926449579658752 0.7804157173767552 0.08302157825883119 0.03931185079830275
0 0.9883868308911097 0.5488567919032418 0.02322633821778055 0.03233233893530461
5 0.07504403190094103 0.8104162351712525 0.025136355386194253 0.02445617193911005
0 0.9951953670936593 0.468101540420367 0.0096092658126814 0.023946835969555026
0 0.9430106983775526 0.23742188479287912 0.04233294574527378 0.026719008897248563
5 0.503080069085449 0.10609356072350314 0.048773843285945875 0.059786176882026164