3 0.69375 0.875 0.11484375 0.09140625
5 0.659375 0.57890625 0.05078125 0.03671875
2 0.05546875 0.66875 0.1109375 0.0703125
0 0.4796875 0.8921875 0.046875 0.03828125
0 0.47890625 0.9375 0.0390625 0.034375
0 0.4765625 0.98203125 0.0390625 0.0328125
0 0.56484375 0.58671875 0.0421875 0.03515625
0 0.79296875 0.57109375 0.04375 0.0359375
0 0.30078125 0.978125 0.01953125 0.04375
0 0.6015625 0.98515625 0.01796875 0.0296875
0 0.07890625 0.2 0.05 0.0390625
0 0.54921875 0.80703125 0.01875 0.07421875
0 0.29765625 0.89375 0.021875 0.0828125
0 0.909375 0.55 0.04296875 0.03671875
0 0.37890625 0.921875 0.01875 0.08359375
0 0.3984375 0.67578125 0.03046875 0.0765625
0 0.59765625 0.79609375 0.015625 0.053125
0 0.73359375 0.578125 0.04296875 0.03515625
5 0.86171875 0.56796875 0.05078125 0.03984375
0 0.52265625 0.80546875 0.0171875 0.071875
5 0.8546875 0.2171875 0.05078125 0.034375
0 0.6234375 0.97734375 0.01953125 0.0453125
0 0.5171875 0.590625 0.0484375 0.0375
0 0.03671875 0.95703125 0.02265625 0.0640625
0 0.56875 0.7984375 0.02109375 0.078125
3 0.7234375 0.00859375 0.04375 0.0171875
0 0.3828125 0.99296875 0.0203125 0.0140625
0 0.0109375 0.96015625 0.021875 0.0796875
0 0.1375 0.98125 0.05625 0.0375