3 0.6984375 0.83984375 0.11796875 0.0796875
2 0.05625 0.6640625 0.1125 0.07421875
0 0.48515625 0.9140625 0.03984375 0.03515625
0 0.51484375 0.56796875 0.05 0.03984375
0 0.40078125 0.65703125 0.02890625 0.078125
0 0.4859375 0.95703125 0.0390625 0.03046875
5 0.8609375 0.53359375 0.05 0.04140625
0 0.48671875 0.8703125 0.0453125 0.03828125
5 0.66171875 0.553125 0.05 0.03671875
0 0.60546875 0.97109375 0.01796875 0.05703125
0 0.30078125 0.88203125 0.021875 0.08359375
0 0.91171875 0.51015625 0.04453125 0.0375
0 0.5671875 0.56328125 0.04140625 0.03515625
0 0.38046875 0.9046875 0.01875 0.08359375
0 0.7953125 0.540625 0.04609375 0.03828125
0 0.06796875 0.19609375 0.04921875 0.03828125
0 0.6078125 0.32421875 0.04375 0.03828125
0 0.73515625 0.546875 0.04296875 0.0359375
0 0.5734375 0.7796875 0.0203125 0.0765625
0 0.55234375 0.78203125 0.01875 0.07265625
0 0.6015625 0.76953125 0.01640625 0.0546875
0 0.38515625 0.984375 0.015625 0.03125
0 0.53046875 0.78046875 0.0171875 0.07265625
0 0.0390625 0.95546875 0.01953125 0.06171875
0 0.63515625 0.965625 0.021875 0.06875
0 0.725 0.99296875 0.01953125 0.01328125
0 0.01484375 0.9578125 0.02265625 0.08046875
5 0.853125 0.17890625 0.05078125 0.034375
0 0.31171875 0.9703125 0.01953125 0.05859375
0 0.49375 0.98984375 0.0421875 0.01953125
5 0.778125 0.20390625 0.05078125 0.0390625
0 0.14453125 0.9765625 0.05859375 0.04609375