3 0.9023933679185492 0.53109168296512 0.11402723201781732 0.13977474025173783
0 0.9120245486155479 0.30712138669938643 0.042696577339272325 0.04694677759440165
5 0.6066899692473221 0.5870628761259316 0.049146572008272396 0.06460787427505377
0 0.5929007365929579 0.4975626682424803 0.04273294000636341 0.050071777594401644
0 0.8755790659611836 0.219337966783299 0.08323067067154533 0.04221265601864026
0 0.8673660292807297 0.32143326304903264 0.047474984006999676 0.05511447510489074
5 0.6411178712205962 0.7811554956271005 0.05067270934118149 0.0616012734452168
0 0.955120567950366 0.2929279095199033 0.03958975867281822 0.04827247925407559
0 0.3834320932129601 0.8568821591189181 0.05063634667409058 0.05847627344521698
0 0.7955359352721392 0.39010167529145023 0.07539998933799978 0.040058160167825194
0 0.9826268552673667 0.4110500248718873 0.023728401336727246 0.02677598755244546
0 0.6309258058959594 0.7179217898182417 0.045912484006999675 0.0549960759347277
0 0.8043745859325485 0.4354850302704721 0.07696248933799979 0.04017655933798814
0 0.6379694306174568 0.3138379410629971 0.08337612133990877 0.05471265601864026
0 0.625375787237459 0.6582391364988938 0.04431362133990877 0.05175267676456467
0 0.6373837965468236 0.8337360439674267 0.044331802673454136 0.053315176764564855
0 0.5848706079328667 0.449776363678377 0.047511346674090585 0.058239475104890734
0 0.10670289131127375 0.15427125767366984 0.049110209341181446 0.061482874275053764
0 0.8022671932686393 0.4153501290257166 0.07541817067154533 0.041620660167825105
0 0.8016944812619577 0.46456887902571664 0.05343408267027243 0.030588071785542858
0 0.8295494979710467 0.15023369188818975 0.0879727146721816 0.04725535352912935
0 0.9141335833068194 0.12587138669938644 0.05503294533736351 0.0338314709557058
0 0.46549554129536547 0.2441677489510928 0.04596702800763595 0.05968357593472771
5 0.30195482654364203 0.8825701659673953 0.04596702800763604 0.05968357593472788
2 0.552570469326864 0.028475584433590117 0.094859061346272 0.056951168867180234
0 0.9769035665977304 0.4333394219674579 0.03470226400381797 0.030729781743586492
5 0.28842922322568676 0.7704137080839439 0.04585794000636341 0.050308575934727706
0 0.9468364479630926 0.1998883045408814 0.023710220003181702 0.025213487552445367
0 0.3674092932447768 0.6239279491608742 0.05067270934118149 0.06160127344521662
0 0.8823670573281366 0.001963227167872189 0.055396572008272214 0.003926454335744378
3 0.06610878055382338 0.8255076402470933 0.03657384667409056 0.0574106809137497