3 0.3742153981444778 0.46437577091618953 0.10857136182749905 0.074875631037097
0 0.6546449074917547 0.9103401741231172 0.050071777594401644 0.04355142319868044
0 0.6664946346712378 0.9530588715366924 0.04670997925407576 0.040335494985435004
0 0.6402146319719455 0.864564672869476 0.05835787427505377 0.05002874373179367
5 0.7173510141211618 0.5185952918323791 0.0647262734452168 0.051773100158284534
0 0.5551777037574883 0.9202811269469688 0.04377515601864026 0.08390363855894449
0 0.49699927346843875 0.979130941211876 0.03255239087179333 0.018096782132453627
0 0.046051741501137576 0.29775553840065977 0.050663773445216775 0.05136392319868044
0 0.6288571991840961 0.5493572100164945 0.05175267676456467 0.04515938730530315
0 0.9476170093472771 0.4265512296790428 0.053315176764564855 0.04520485141192587
0 0.8433564844521676 0.47656325303600794 0.05511447510489091 0.04837531551854859
0 0.4959640340418936 0.6761506937191586 0.05627515601864026 0.08426735141192587
0 0.7880377479486295 0.9244672071135007 0.027604781743586493 0.03510242570596276
0 0.682092633421838 0.7662575535108616 0.041620660167825105 0.07604567445232177
0 0.787864423664287 0.4985351929277357 0.05343357593472753 0.046767351411925874
0 0.7249070954544742 0.7423055764721151 0.03226897095570571 0.05550585391920819
0 0.5838290417155634 0.5647609011618637 0.05835787427505377 0.05002874373179385
0 0.46852980873651023 0.9134066528112165 0.04881785352912935 0.08872753087881265
0 0.6589511313472456 0.7708457651102018 0.041620660167825105 0.07604567445232177
2 0.1648692446246372 0.7601669586963464 0.13222234937994445 0.09894962852981451
0 0.7009726879859415 0.7570955021780781 0.04173905933798814 0.07760817445232178
5 0.7276192049836663 0.1581291532734347 0.06136447510489074 0.04855717194503919
0 0.8057813550022438 0.9106403878340286 0.03503877344521698 0.050909282132453625
5 0.9052169444102113 0.45597195671778934 0.06171967261538001 0.0532446719450391
5 0.7959897740699167 0.12012303642210273 0.06292697510489073 0.04860263605166186
0 0.5793857209789277 0.9814315756141851 0.024029495850815152 0.008494461599340041