0 0.45323014133900125 0.07295572717792424 0.04645227611928178 0.054366127390180985
0 0.4470863619403591 0.012113566472867664 0.04645227611928178 0.02422713294573533
0 0.848813799752173 0.33959040562015275 0.043409163274411355 0.05572836829088228
0 0.6230337132537269 0.7254637561738632 0.04168288896415202 0.0525032387412331
0 0.9367199135015543 0.3113769656146155 0.041355340343633175 0.046253238741233015
0 0.6129051187262224 0.6661586073458825 0.03979284034363299 0.046153109191583754
0 0.39312264247065504 0.4770214659191573 0.049822937584671045 0.05925388648947969
0 0.8957264213034704 0.32101158390549783 0.04464411465389269 0.04957849784053163
0 0.3980756518544508 0.018668602330195152 0.04168288896415202 0.037337204660390304
0 0.8517517712580418 0.2389593499446268 0.08469590456798422 0.04124436613141409
0 0.401749528494131 0.07469750231635185 0.04168288896415202 0.05250323874123304
5 0.2920216514042249 0.8907218229512726 0.048424211894930555 0.06227875693983052
1 0.8791907807574386 0.8445294270579525 0.0490040660333733 0.04362888648947951
0 0.6212996313893786 0.32769688464377833 0.08214411465389268 0.051981607032115386
0 0.7857981433751661 0.42772026373200234 0.07820024310259513 0.036156347932816676
0 0.7785145878572421 0.4032709762550736 0.07351274310259512 0.035855959283868796
0 0.9332031671195988 0.21505267813768675 0.035767081637205676 0.028765350092285046
0 0.9643359011770822 0.423286680297155 0.021540807326946167 0.02473918414544123
0 0.7878652544110142 0.4774198750830544 0.057642081637205855 0.030167163787375627
2 0.5198720867255885 0.037755114128829204 0.09150582654882307 0.07551022825765841
0 0.07203769504790292 0.17057451341823532 0.06380355042954133 0.05859255243632351
0 0.018752242763910767 0.4051788533314875 0.037504485527821534 0.04276729333702498
0 0.8497233610358478 0.01250313695551757 0.049822937584671226 0.02500627391103514
0 0.8055595239715754 0.16950724553340507 0.09604284034363317 0.049757772978959294
0 0.9018956134106972 0.14386809300479647 0.07392217887824373 0.043668459283868796
0 0.9585019810052657 0.4454620689461031 0.03107958163720568 0.02846496144333699
0 0.7853920296257847 0.45032644895717766 0.07836401741285463 0.03928134793281686
0 0.5798923021270219 0.5086557904115894 0.04480788896415202 0.05270349784053163
0 0.570793941091174 0.4594067620339593 0.04653416327441171 0.055928627390180986
0 0.6334212573516902 0.8392561459025455 0.04645227611928178 0.054366127390181165
5 0.6324220013587964 0.7840377197766687 0.049659163274411534 0.056128886489479515
5 0.5954962907070612 0.5971978562661482 0.049659163274411534 0.056128886489479515
3 0.0427486697215906 0.848298995219638 0.06535940637700659 0.08828005243632334