3 0.14547434415680485 0.36401288158101297 0.12384618605101831 0.13361608656782167
3 0.5747358023571278 0.8905158063611187 0.07130765494824054 0.08504961179556503
0 0.13832339137661925 0.5868154645206375 0.044589330066018416 0.04673115626060227
0 0.18387033722958224 0.5789558353018773 0.04982363421305545 0.05314484736759475
5 0.44247648327083267 0.33718496443581947 0.05023373732333312 0.057832347367594836
0 0.09929984759717478 0.5975818389300743 0.04132762902925917 0.045059528855940556
2 0.5037684829415259 0.9392286140729997 0.09869036116879606 0.0953521947351895
0 0.4166576941095366 0.2033010377567972 0.04982363421305554 0.05314484736759484
0 0.4693888807262027 0.4835688911148418 0.050097036286573984 0.05626984736759475
0 0.4125184153158331 0.08433278294747376 0.04812443317629622 0.05152778366526396
0 0.4148366647037025 0.6124230666127378 0.08664012902925915 0.04664187622353531
0 0.2262218069752763 0.7584970023622527 0.09078082488222217 0.04055556733052797
0 0.4584910454763881 0.43066214592416524 0.044589330066018465 0.04673115626060209
0 0.24651801724833242 0.47097715499465787 0.07929652073518509 0.03392362141421188
0 0.4266765345431477 0.26407484664980463 0.044589330066018465 0.04673115626060227
0 0.9576269233278687 0.8332612900342319 0.05179623732333312 0.05788691106992587
0 0.06143011776671205 0.4782242037208643 0.04138641762490736 0.027926592558271325
0 0.06413545273370283 0.4554042626138717 0.05117152073518514 0.03294147477225664
0 0.17967970617407275 0.6833258767716895 0.0856832217719444 0.035704376223535304
5 0.40381665004726824 0.13714032441728605 0.05505793836009243 0.059558538474587405
0 0.10244326291300791 0.6962103118882323 0.03146461347787035 0.021349210344286364
0 0.6973088291710638 0.4732588405745369 0.04812443317629622 0.05152778366526398
0 0.2516251822813416 0.4935242775899962 0.07617152073518518 0.03381449400955017
0 0.25173319754990653 0.4410168364830036 0.058437216588148114 0.026964293283910833
0 0.2631873988694897 0.518196895376011 0.07617152073518518 0.03381449400955017
5 0.7447841111687961 0.06646071435100148 0.05023373732333312 0.057832347367594815
5 0.7456425650802775 0.14792896916032489 0.048671237323333116 0.05777778366526398
0 0.0686260460420359 0.5963020811255261 0.022440927992499925 0.042842264427970275
0 0.1764151710187945 0.9326363960089832 0.05662043836009252 0.059613102176918176
0 0.1365537142325911 0.7725991970974423 0.06081992280870363 0.036393856986241604