0 0.09719608651716624 0.4777629026617383 0.038540868290882366 0.04208934091247087
0 0.14260871606681558 0.477479059772101 0.045291516039128954 0.05015650889724856
0 0.4612304171742364 0.8780733314837498 0.04060401603912887 0.04996550790866543
0 0.49363070943152704 0.9558654090503481 0.04206638648947969 0.04846667490485999
0 0.4494801912329297 0.9513980849437911 0.045391645588778215 0.051719008897248384
0 0.05236444786821829 0.4748899120532785 0.036978368290882344 0.04202567391627667
0 0.5077444717700281 0.8949769885941125 0.04060401603912887 0.04996550790866543
0 0.36214806291989815 0.5664447647915666 0.08531573874123302 0.04243685079830275
0 0.1168856276947228 0.577221733194086 0.08451470234403846 0.02993685079830275
0 0.6105867604835746 0.4952250449061723 0.04206638648947951 0.048466674904859806
0 0.4402160988556674 0.40347257950658344 0.04186612739018099 0.04534167490485981
5 0.4436333906515328 0.3101218275294171 0.045591904688076924 0.05484400889724857
0 0.44767244370616516 0.17758124155986196 0.04206638648947951 0.048466674904859806
0 0.22610353408084274 0.4114137079852151 0.07670220234403846 0.02961851581733086
0 0.4433201148947964 0.45191007950658346 0.046954145588778216 0.051782675893442945
0 0.44361480181801466 0.23649332654083394 0.04206638648947951 0.048466674904859806
0 0.4699503570321154 0.06074656863216853 0.04206638648947969 0.048466674904859786
0 0.8507527945644174 0.9060657499256379 0.045591904688076924 0.054844008897248386
0 0.09433281384274879 0.9220049925856262 0.06576470234403846 0.029172846843970035
0 0.06628006014212097 0.8142707470342504 0.03162953423772623 0.05583350593149916
0 0.2371621475913631 0.36396570501946557 0.05598918414544114 0.02254084486680368
0 0.14641124382613682 0.659047394753073 0.08627746144333708 0.03312551779449713
0 0.2263142851605769 0.3902562909890207 0.07826470234403846 0.029682182813525148
0 0.22697442165005652 0.4372267914833122 0.07503957279438911 0.027992348821136305
0 0.04762927822074657 0.35210632806088976 0.028064443244739824 0.024519838935304607
0 0.9270988417589535 0.7039992311425576 0.08441457279438928 0.02837435079830275
0 0.06441027220376691 0.6506393285551814 0.04691457279438915 0.02684634288963732
0 0.04445991517165153 0.571556665019028 0.016826554595791854 0.019386669961943957
0 0.057315158850130055 0.33212940908752897 0.0452519432447398 0.025220175893442942
0 0.09397186843854063 0.9408186595818206 0.06898983189368776 0.03086268083635879
5 0.802981704964932 0.12393899943134631 0.04256703423772627 0.056279174904859806
5 0.454204243521595 0.10838557258650124 0.045591904688076924 0.05484400889724857
2 0.3797894524916967 0.9150732657801498 0.08250971622369914 0.12024351581733086