3 0.84097976341648 0.686692332759983 0.11384922359113006 0.1364129419114118
0 0.9363666413692957 0.47971843711430495 0.04215278366526398 0.04682837842423861
2 0.7389930673305279 0.049283607979053214 0.09816965988879929 0.09856721595810643
5 0.5538220145976063 0.6285534817296534 0.0457688569862416 0.061127676764564674
0 0.8915352910064762 0.4744990634639511 0.04711310217691818 0.0549960759347277
0 0.9764013643274538 0.48216800827514783 0.037410719962933214 0.04491068091374952
0 0.48175607475655813 0.875276038993049 0.04544147477225664 0.05175267676456485
0 0.5863567176854984 0.48352440164574084 0.04555060217691818 0.054877676764564676
5 0.5106424773889633 0.8276547551748703 0.05040179328391083 0.05992037427505394
0 0.5263468337422328 0.7614494147179953 0.04555060217691818 0.054877676764564676
0 0.972922911745307 0.6052386553707183 0.05415417650938607 0.03094326929603177
0 0.6891419225874891 0.3762545080746552 0.08272321996293322 0.04834425684847723
0 0.26838790145127883 0.021624239727284132 0.04878472958157989 0.043248479454568264
0 0.5771652561600857 0.5343531958368819 0.04387897477225664 0.051634277594401645
0 0.935081905164294 0.3756345883590604 0.085411710344286 0.03608105518880329
0 0.9221701881965856 0.29749793296512006 0.08708333774894825 0.039324454358966324
0 0.5399529767559911 0.7024529230163651 0.04544147477225646 0.05175267676456467
0 0.7763046498068162 0.584278650396341 0.05550595553496276 0.027581470955705713
0 0.9908135168750409 0.3074397727972949 0.018372966249918223 0.028930483403260432
0 0.9690625463639538 0.6314935020513704 0.06187490727209237 0.03286096680652086
0 0.7957788469042587 0.5138710620140585 0.07441964664195524 0.03368976099766208
0 0.7909747850160264 0.5557509086947107 0.08077877404661712 0.0372883576783142
0 0.9984821731356434 0.3858724261166428 0.0030356537287133277 0.023295790041956276
0 0.9840502063375711 0.7236334578602293 0.018005955534962936 0.024739890871793336
0 0.796570020588056 0.5365273120140586 0.07759921034428637 0.03548905933798814
5 0.19205119009550226 0.721765488377638 0.04727679328391084 0.05968357593472771
0 0.9965488955032381 0.48929342404205034 0.006902208993523828 0.048769386722608485
0 0.3684400421876025 0.43423848712823815 0.04544147477225646 0.05175267676456467
5 0.16177590225388702 0.7969081209510614 0.05363592068857255 0.06328217261538001