0 0.11606980815305482 0.39240501730020555 0.04798773213953696 0.050220175893442943
5 0.44850832714481365 0.6597304160447923 0.05349543836009261 0.059786176882026254
0 0.6547377862400913 0.75687862456148 0.05804623732333312 0.05841467787060939
0 0.5124213790292591 0.06447360726127442 0.05349543836009261 0.05978617688202612
0 0.7019853501890729 0.6295786369187697 0.054921237323333115 0.05828734387822045
3 0.10060523525060017 0.8829862549429158 0.05111273213953691 0.0503475098858317
0 0.5657765737044437 0.4340831117098987 0.04839783524981467 0.05490767589344294
0 0.5425816644208785 0.5693693542955248 0.05138613421305536 0.0534725098858317
0 0.6692365984921294 0.1751776384016444 0.05165953628657398 0.056597509885831745
2 0.4386127321395369 0.06613692494204083 0.10535046427907382 0.10082235376405227
0 0.1631204654103696 0.40522069368794006 0.05165953628657398 0.0565975098858317
0 0.0723492024508789 0.3820604249048598 0.04289012902925917 0.04534167490485981
0 0.4537242159760174 0.5680840855124446 0.0462885311027776 0.04859400889724856
0 0.5138840086241662 0.2591494372993305 0.05478453628657398 0.05672484387822054
0 0.3885114446751845 0.38326607513232125 0.0901752321395369 0.051939184790691595
5 0.4352639077764799 0.8553639096190017 0.056757139396851744 0.06147601087441501
0 0.6214333770030089 0.21604537752722952 0.05478453628657398 0.05672484387822054
0 0.43818456475097073 0.7908703280980708 0.05152283524981467 0.055035009885831696
0 0.9001154516024071 0.18925602034031716 0.05505793836009261 0.059849843878220545
0 0.18177484618305512 0.22693386760421674 0.08949172695574066 0.044126684790691505
0 0.056820530207823114 0.4981974194676523 0.028886417624907356 0.027644838935304606
0 0.5581910832235645 0.22281003068325944 0.051522835249814845 0.055035009885831696
0 0.44165202587249863 0.73262674657714 0.04812443317629622 0.051782675893442945
0 0.4446675935446741 0.9094611606075848 0.05138613421305536 0.0534725098858317
5 0.7835735601328222 0.9481813982874762 0.05349543836009261 0.059786176882026254
0 0.1445181454291198 0.29936994171077375 0.08765582488222216 0.04093801779449713
0 0.09579838996249959 0.2140890163116224 0.05259731969842587 0.03172484387822054
0 0.2445447056084249 0.5439913750185905 0.057011417624907336 0.028790844866803767
0 0.2437252079174991 0.4723392095052709 0.07630822177194432 0.035804848821136305
0 0.06498434472245271 0.52032708745243 0.04193322177194438 0.03440417490485981
5 0.7760939593316187 0.8715870647893791 0.051932938360092606 0.0597225098858317
0 0.23711362295050833 0.49464529102620175 0.07800742280870362 0.03743101581733086
5 0.12429772200828552 0.7889789283649009 0.07251884043361101 0.06367518083635879
0 0.23725988590999902 0.5141128740300074 0.08283162384546294 0.03918451680591382
0 0.4572989838364805 0.5199649204934166 0.049960335249814844 0.05497134288963732
0 0.702238211357869 0.7214478019377977 0.0462885311027776 0.04859400889724856
0 0.6790482617817123 0.42079388593018646 0.056620438360092604 0.05991351087441501
0 0.07192068402476799 0.27928559338392894 0.023515412441111085 0.01964133794672147
0 0.11602483265791656 0.05377094022789899 0.05478453628657398 0.05672484387822054