3 0.31614971723059015 0.08942957869300606 0.11617182028847228 0.09860102698730666
2 0.9386013730064233 0.28925679994098863 0.10781380642076392 0.07461722376899793
0 0.5329202963527777 0.025132859867686617 0.04142508700597229 0.03721577673520511
5 0.3358569262930552 0.3821033977507565 0.05403418977951393 0.04277736188449897
0 0.5294673348217708 0.07295300083317922 0.04778418977951393 0.04234031930985205
0 0.4272813600886455 0.37493040009654505 0.04142508700597212 0.037215776735205174
0 0.1990654411106941 0.3947887040711584 0.04774782218833336 0.04077781930985207
0 0.48304497008038183 0.15731692917753867 0.021985409194305562 0.07329538836760255
5 0.11670035068624936 0.7499785846450908 0.05083645459715278 0.039433840597175515
0 0.8926075808346173 0.7573401644233776 0.04934668977951375 0.04244957995351371
0 0.597758820669722 0.28891150058107773 0.03463087955902786 0.08041947351689646
5 0.29486302469819387 0.6688821319113147 0.05090918977951393 0.04255884059717552
0 0.0846574489944788 0.41760848105846504 0.04455008700597225 0.03743429802252862
0 0.6308850176674305 0.040339191750399295 0.022239982332569498 0.08067838350079859
0 0.26005749249746496 0.3881837889683507 0.04142508700597229 0.03721577673520508
5 0.13574782351951356 0.4007762601394586 0.050981924961875036 0.04568384059717552
0 0.7133533319719791 0.00393198017610962 0.023111498100139016 0.00786396035221924
0 0.40784494832888873 0.17115519007330196 0.018423998100139016 0.0543268670802791
0 0.43695122008038184 0.16054011816555985 0.022058144376666887 0.07642038836760259
0 0.4565552052627429 0.15604936011978815 0.02205814437666671 0.07642038836760254
0 0.39485790511024305 0.006037560507775724 0.01965918977951393 0.012075121015551448
0 0.7128428792746874 0.06948987520292535 0.02227634992375016 0.08579538836760255
3 0.23809865273861028 0.9630034725084903 0.041279616641249996 0.030965776735204998
0 0.9938214287615971 0.018489375959229996 0.011338849923750161 0.03697875191845999
0 0.476463742497465 0.37305118982120045 0.04934668977951393 0.04244957995351371
0 0.9772333408056945 0.01693776562577758 0.02325696846486096 0.03387553125155516