3 0.87768568022718 0.3018611182379872 0.09443177693097127 0.11991534639736087
5 0.5545047938047978 0.8926131165221275 0.05356133723582168 0.07654577962517095
0 0.9281679901392469 0.5176164988793728 0.03618293969514994 0.043233174452321596
0 0.8812838997801672 0.5174179220780533 0.03934430113146803 0.049574102665567034
2 0.6336746642181066 0.935629679137682 0.0724113311856975 0.09427884890464355
0 0.6590321707592102 0.5934278072717852 0.08144998789975162 0.0367391335443795
0 0.9190399924769377 0.9632699796790429 0.0641806746680352 0.022176528371529967
0 0.5799072312604523 0.4238260126029193 0.03462043969514959 0.04318771034569906
0 0.5804879724798535 0.25503054849629664 0.03776362041330898 0.04640363855894432
5 0.5766493792921035 0.132465226709542 0.04092498184962743 0.05274456677218975
0 0.8714099717924825 0.700548670824412 0.08295794574527378 0.027409597651002038
0 0.9711594660369458 0.5202724859472491 0.03303975897699054 0.04001724623907634
0 0.5793567436552882 0.19489703054960797 0.03621021077238851 0.04792067445232169
5 0.5833503938282388 0.478422584389674 0.04092498184962743 0.05274456677218957
0 0.7899589421310365 0.39974234026216876 0.05478749394987581 0.018778743731793845
0 0.5654073522629363 0.08043972545590078 0.03618293969514959 0.043233174452321665
0 0.7950509631100796 0.4691371979423007 0.07354658430895551 0.020886813011265916
5 0.2410664032962086 0.20317750963341846 0.037809072208706954 0.05421613855894432
0 0.15925592631835503 0.9150530354976659 0.04094316256778661 0.055869566772189926
0 0.7972492673648057 0.44406900178236663 0.07512726502711473 0.02405727711788863
0 0.9832311773985095 0.3940820589876449 0.03353764520298093 0.021358174452321688
0 0.9076469327612628 0.6166677643187789 0.08137726502711473 0.0242391335443795
0 0.9769175448849522 0.37238891541413566 0.046164910230095654 0.021721887305303157
0 0.9842185231203423 0.6160025230942676 0.02822499394987581 0.01800585391920819
5 0.5785805597156751 0.3300987446562306 0.03779998184962743 0.05265363855894432
0 0.7987026830558502 0.425273537675744 0.07826135538619425 0.025710705331134065
0 0.35382197511213215 0.512449558063208 0.0362011204133089 0.04635817445232178
0 0.9575116191367627 0.8605708770134758 0.04248748184962743 0.05279003087881264
5 0.22734881606038693 0.12856395453971126 0.03624657220870695 0.05417067445232169
5 0.8115334394005622 0.21314561071613985 0.028315897540672097 0.03363085391920828
0 0.5887817406302261 0.20321799590987188 0.03620112041330899 0.04635817445232169
0 0.9635929266129427 0.6970850385336738 0.06261817466803521 0.02213106426490725