3 0.74765625 0.86171875 0.11640625 0.06640625
0 0.48125 0.93203125 0.03984375 0.0359375
2 0.05703125 0.66171875 0.11328125 0.06875
0 0.55 0.8015625 0.01875 0.0703125
0 0.48046875 0.8859375 0.04609375 0.0375
0 0.40078125 0.66796875 0.03125 0.078125
0 0.38125 0.91640625 0.01875 0.08125
0 0.47890625 0.9765625 0.0390625 0.03203125
5 0.6625 0.575 0.04921875 0.0359375
0 0.9125 0.54609375 0.04375 0.034375
0 0.52734375 0.8 0.01640625 0.071875
0 0.7953125 0.56796875 0.0453125 0.034375
0 0.57265625 0.8 0.01875 0.07421875
0 0.29765625 0.88828125 0.021875 0.084375
0 0.56796875 0.58125 0.0421875 0.034375
0 0.60234375 0.98125 0.0171875 0.0375
5 0.86328125 0.56328125 0.05 0.0390625
0 0.7359375 0.571875 0.0421875 0.0359375
0 0.62421875 0.9734375 0.0203125 0.053125
0 0.07734375 0.19140625 0.05 0.03828125
5 0.78359375 0.23203125 0.05078125 0.0359375
0 0.03515625 0.94921875 0.0203125 0.0640625
5 0.85859375 0.21328125 0.05078125 0.034375
0 0.6 0.7875 0.015625 0.0546875
0 0.30234375 0.975 0.01953125 0.05
0 0.51953125 0.584375 0.04765625 0.03671875
0 0.38359375 0.98984375 0.01875 0.01953125
0 0.0109375 0.9546875 0.01875 0.07890625
0 0.13828125 0.978125 0.05078125 0.04296875