3 0.8787500678571437 0.3423697839082216 0.09803458667404996 0.11984592721213971
3 0.6335059353728336 0.9275986927185084 0.057931218383167504 0.077474336641599
0 0.9550178809339254 0.5601245181924559 0.038540868290882456 0.042298815963434676
5 0.5884848156976753 0.3709120450758733 0.04236677513842757 0.053381865177646405
2 0.715646609339242 0.9562244408587361 0.07898419802510173 0.08755111828252779
0 0.9105366957087501 0.558831691889939 0.04206638648947987 0.0486943651776464
5 0.5609746776670362 0.17256443630836765 0.04402940468807692 0.05501713978475231
0 0.9463320982373584 0.6555269094249502 0.08265181369509023 0.025659279569504534
0 0.700218561840164 0.6316012961093306 0.0817902205426357 0.03652400496239867
0 0.9888673438445927 0.5581104079772082 0.022265312310814522 0.04059076674922295
5 0.2887375346991516 0.23933444354707797 0.036317034237726274 0.05621576674922304
0 0.8063522385843495 0.4402571662493758 0.05422642504614252 0.01966183664159917
0 0.6005923943521606 0.46260939350429675 0.038640997840531634 0.04386131596343468
0 0.5428266525286085 0.12031057754086201 0.03884125693983016 0.04698631596343472
0 0.6069215399409389 0.5127549427185085 0.04216651603912887 0.0502568651776464
0 0.5721112392026584 0.23695442204034398 0.03894138648947969 0.048548815963434674
0 0.3424282433647115 0.5058883968140656 0.04216651603912895 0.0502568651776464
0 0.25035227636582 0.9409097520669146 0.04236677513842757 0.053381865177646405
0 0.580553597314508 0.2957664958616616 0.038841256939830336 0.04698631596343468
0 0.9888534022194542 0.43916135483405505 0.02229319556109175 0.022350188998963995
0 0.8215452444444455 0.5071728384991168 0.07317668414544087 0.023660131926869353
0 0.8184808011997058 0.48366256389201095 0.07327681369509058 0.025222631926869354
0 0.9271198257198247 0.7325239030148094 0.08597707279438893 0.02892982878371626
0 0.979874273209672 0.4145423444949728 0.040251453580656 0.023077935070022447
0 0.3813906138150622 0.5061452619917121 0.04236677513842757 0.053381865177646405
0 0.814935496603914 0.46480340198135206 0.07640181369509058 0.02536818114108108
5 0.2374754233480995 0.24162038151258472 0.04100453423772628 0.05643409057054054
0 0.39700392427095016 0.5917745469379001 0.0420663864894796 0.0486943651776464
0 0.9897969918235521 0.7349276191020786 0.02040601635289576 0.020171258891340214
5 0.21396926973975677 0.1665283362273144 0.03924177513842757 0.05323631596343472
0 0.9837797813815072 0.9933884547124752 0.03244043723698553 0.013223090575049667
0 0.2786454341454412 0.033229992761289684 0.03763970234403846 0.028236315963434722