2 0.94305557395395 0.30239063120627857 0.11388885209210002 0.08106928134945379
3 0.29320190689357445 0.15993588462763814 0.12062501324684387 0.09980110001590833
0 0.4997395943723699 0.07624958593254856 0.04187996515360979 0.03641021467218157
5 0.35178825552711357 0.4499972632877293 0.052926592558271326 0.039662484006999676
0 0.6039459778522994 0.3298280245862764 0.03564981252120454 0.08163180800445442
0 0.4967584381117677 0.035642767266094 0.041770837748947895 0.033285214672181575
0 0.444992618503805 0.4332813832750027 0.045059528855940556 0.0380090773392725
0 0.2196578018062493 0.4710739266390922 0.04823909255827141 0.039607940006363404
0 0.376927087748948 0.02873215897518296 0.022331356986241602 0.05746431795036592
0 0.6819171773119945 0.10070305124127696 0.02794643992586625 0.0846659013367271
0 0.5029117235911302 0.12232515459900313 0.04991071996293321 0.04275112133990877
0 0.533881536830125 0.6510859539306395 0.049801592558271324 0.03962612133990895
0 0.9664261967189243 0.7726667685391877 0.053035719962933214 0.04278748400699968
0 0.3957118372007938 0.2306472792807297 0.020714293283910834 0.05646817600254535
0 0.10604173510869357 0.5075665046546824 0.0465674651536097 0.036464758672817864
0 0.6703769873861283 0.02038248862191115 0.02200397477225664 0.0407649772438223
0 0.27945938774109874 0.4602176952975926 0.04344246515360961 0.036428396005727136
0 0.4655332638798161 0.21576661927118468 0.02438493030721922 0.07212953866963626
0 0.6022743173305279 0.08052745858532193 0.024766876223535305 0.08306703866963623
0 0.5949404777674815 0.008318840627001825 0.021130955534962935 0.01663768125400365
0 0.423400327582147 0.2178200152769117 0.026165685116542648 0.07839772000318171
5 0.15449659327606158 0.48511879264800084 0.05465278366526398 0.04436816534054522
0 0.44352185462398896 0.21211490794082088 0.024494057711881113 0.07525453866963625
0 0.25445188702330857 0.012670533298865222 0.02236607332097771 0.014317038669636229
0 0.34743056070710593 0.034254084619683975 0.024166675497895973 0.06587953866963622
0 0.4947470818433162 0.42566833060154846 0.052926592558271326 0.039662484006999676
0 0.9423338329396245 0.021153553270230174 0.025292665879248943 0.04230710654046035
5 0.18627739444933872 0.8356727759786828 0.05292659255827141 0.039662484006999676
5 0.261775902253887 0.804313140634956 0.05448909255827141 0.03968066534054486
0 0.48938988221398516 0.006656890634956005 0.04440476442797028 0.01331378126991201
0 0.9665525829396244 0.02101719326863934 0.026855165879248945 0.04203438653727868
0 0.8341393870233086 0.010943306612047968 0.05890377404661713 0.021886613224095935