0 0.0234375 0.528125 0.046875 0.034375
0 0.01953125 0.48125 0.0390625 0.03125
0 0.1015625 0.52421875 0.046875 0.034375
0 0.79375 0.6125 0.0453125 0.0296875
0 0.08515625 0.4765625 0.046875 0.03125
0 0.73359375 0.609375 0.040625 0.0296875
0 0.46640625 0.88125 0.04609375 0.03125
0 0.4609375 0.96796875 0.0390625 0.03203125
0 0.46484375 0.92890625 0.04140625 0.03515625
0 0.51484375 0.80234375 0.01796875 0.0703125
0 0.36796875 0.89609375 0.01640625 0.08203125
0 0.36640625 0.98203125 0.01640625 0.03515625
0 0.3984375 0.65703125 0.02890625 0.07265625
2 0.05859375 0.596875 0.11640625 0.05859375
0 0.28828125 0.85625 0.02265625 0.0828125
0 0.4921875 0.41171875 0.0390625 0.0265625
0 0.6109375 0.9828125 0.02734375 0.034375
0 0.31171875 0.0203125 0.02109375 0.040625
0 0.01796875 0.3359375 0.0359375 0.0796875
0 0.09921875 0.14375 0.0515625 0.04453125
0 0.125 0.92890625 0.046875 0.0421875
0 0.00546875 0.88828125 0.01015625 0.08984375
0 0.02578125 0.89140625 0.02109375 0.07109375
0 0.290625 0.9578125 0.01953125 0.0734375
0 0.5390625 0.8140625 0.02109375 0.0796875
0 0.56171875 0.8125 0.0234375 0.0828125
0 0.5890625 0.79765625 0.0203125 0.0578125
0 0.909375 0.60625 0.04296875 0.0453125
5 0.8734375 0.26640625 0.05078125 0.04765625
5 0.85390625 0.6125 0.04453125 0.03515625
5 0.6609375 0.60390625 0.04453125 0.0375
0 0.56640625 0.59609375 0.0390625 0.04765625
0 0.5140625 0.5890625 0.04140625 0.0390625
3 0.76796875 0.0265625 0.08046875 0.053125