3 0.68984375 0.86953125 0.1140625 0.08828125
3 0.0921875 0.5546875 0.0703125 0.0421875
0 0.471875 0.921875 0.040625 0.03359375
5 0.65703125 0.571875 0.053125 0.03671875
2 0.05234375 0.6375 0.10390625 0.06640625
0 0.4734375 0.87734375 0.04609375 0.0375
0 0.56484375 0.575 0.04140625 0.034375
0 0.3953125 0.65625 0.0296875 0.07890625
0 0.79296875 0.56796875 0.04453125 0.03515625
0 0.9109375 0.55078125 0.0421875 0.0359375
5 0.86015625 0.565625 0.05078125 0.03984375
0 0.47265625 0.965625 0.0390625 0.03203125
0 0.73359375 0.5703125 0.04296875 0.034375
0 0.51796875 0.79375 0.01796875 0.07265625
0 0.37421875 0.90625 0.01875 0.0828125
0 0.61796875 0.971875 0.0203125 0.05625
0 0.51015625 0.575 0.0484375 0.03828125
0 0.290625 0.8734375 0.02109375 0.084375
0 0.59375 0.784375 0.01484375 0.05390625
0 0.0734375 0.16484375 0.04921875 0.0375
0 0.59609375 0.9796875 0.01875 0.040625
0 0.5453125 0.79609375 0.01953125 0.07578125
0 0.13046875 0.96171875 0.0515625 0.0421875
0 0.56640625 0.78984375 0.01953125 0.07734375
0 0.375 0.984375 0.01640625 0.03125
5 0.784375 0.2296875 0.05234375 0.03671875
0 0.02421875 0.92578125 0.02109375 0.0640625
0 0.47890625 0.34765625 0.0421875 0.03515625
0 0.29375 0.965625 0.01796875 0.0640625
5 0.86328125 0.21484375 0.05 0.0359375
0 0.00625 0.9328125 0.0125 0.0828125