3 0.80390625 0.878125 0.1171875 0.0703125
5 0.66015625 0.578125 0.0515625 0.03671875
0 0.47578125 0.93203125 0.0390625 0.034375
0 0.475 0.9765625 0.03828125 0.03046875
0 0.47734375 0.88671875 0.0453125 0.03671875
0 0.54921875 0.80390625 0.01875 0.07265625
0 0.79453125 0.57265625 0.0453125 0.0359375
0 0.39921875 0.66796875 0.03046875 0.078125
0 0.378125 0.915625 0.01875 0.08046875
0 0.56796875 0.58671875 0.0421875 0.03515625
0 0.3 0.9734375 0.0203125 0.05234375
0 0.91015625 0.55390625 0.04296875 0.034375
0 0.51875 0.58671875 0.04765625 0.03671875
0 0.07890625 0.18515625 0.05 0.03828125
0 0.03125 0.94453125 0.01953125 0.06171875
0 0.52265625 0.80234375 0.0171875 0.0703125
0 0.59765625 0.79296875 0.015625 0.053125
0 0.56953125 0.8015625 0.0203125 0.07578125
0 0.73828125 0.578125 0.0421875 0.034375
0 0.62265625 0.975 0.01953125 0.05
0 0.296875 0.88515625 0.02109375 0.084375
0 0.5765625 0.59296875 0.04375 0.03515625
5 0.86171875 0.57109375 0.05 0.0375
0 0.60078125 0.98359375 0.01796875 0.0328125
5 0.78359375 0.23828125 0.0515625 0.03515625
5 0.8625 0.22109375 0.05078125 0.03515625
0 0.1453125 0.67109375 0.025 0.02421875
2 0.0578125 0.65703125 0.109375 0.071875
0 0.01015625 0.95 0.01953125 0.0921875
0 0.13984375 0.9734375 0.0578125 0.040625