3 0.30979077090551305 0.133654826095116 0.12090330517696728 0.09871028763096841
0 0.5190677893919518 0.049990748235289185 0.042627115756780756 0.03721577673520511
2 0.9531995011742437 0.2691081909064812 0.09360099765151268 0.08275750569998319
0 0.6191944049369709 0.3010672931557246 0.03423776308359248 0.08020095222957302
5 0.1657193363940625 0.4614241830359365 0.05411064732681177 0.04735560124083733
0 0.5207891840879275 0.09301412855712005 0.04749662628012441 0.040668558666190326
5 0.36435425746898475 0.42400132064723434 0.05218412628012441 0.04099634059717552
0 0.5103192048522663 0.39810582014303125 0.052275131541796326 0.04255884059717552
0 0.3953880947100933 0.014658625668691158 0.020463689420186525 0.029317251337382316
0 0.5157383920651399 0.011643068301445866 0.04088260523343692 0.023286136602891732
0 0.23070729956235958 0.44589773600214355 0.04905912628012441 0.04077781930985207
0 0.7052173919945528 0.06756674228320445 0.02678928413027979 0.0859046490112643
0 0.1160756521649606 0.4845064039549428 0.04593412628012437 0.040559298022528625
0 0.4566859706372819 0.4065628123493611 0.04418961575678075 0.03732503737886681
0 0.6242558183311469 0.051264035109952935 0.023664284130279968 0.08568612772394082
0 0.9771164443642162 0.7378417654121133 0.04576711127156763 0.04255884059717552
0 0.43939424189573073 0.19048434428034633 0.02468075256024882 0.07642038836760259
0 0.2912352758848362 0.4346053208993359 0.042718121018452494 0.038778276735204995
0 0.46030598137238704 0.1858843255909129 0.022936242036904985 0.07318612772394081
0 0.4118607760965977 0.2026072858662576 0.020372684158514787 0.05588936708027905
0 0.4823174892648948 0.18669842657964864 0.021373742036904987 0.07307686708027909
0 0.6899648473409292 0.0047787501644880655 0.022026189420186526 0.009557500328976131
0 0.9641758920651398 0.0034215688440862534 0.02239021046687384 0.006843137688172507
0 0.4484184443289226 0.3992966155676698 0.04584312101845249 0.038996798022528624
0 0.3668913683876166 0.022755166944393074 0.024407736775233245 0.04551033388878615
5 0.1940080202702285 0.8124403798176278 0.05356461575678066 0.03798060124083733
0 0.9859375 0.005082439821200407 0.028125 0.010164879642400815
5 0.26672518345264307 0.7814692492436954 0.050439615756780756 0.0377620799535137
0 0.5173559730563563 0.6266678627176783 0.05218412628012441 0.04099634059717552