3 0.7839157338303409 0.2373257507249158 0.13484639077317445 0.10221102084968248
0 0.5603232620973293 0.555324278305023 0.05064845318850324 0.04359688730530316
0 0.5885069793077851 0.11073084382357139 0.04908595318850324 0.04355142319868044
5 0.6939712437799636 0.5007086376345076 0.06043288896415202 0.05168217194503928
0 0.6503153397778062 0.2630806055020539 0.039949970601357875 0.07760817445232168
0 0.8235668905460317 0.5473827123242561 0.05401911465389268 0.04837531551854859
0 0.45757564111185867 0.33625837806759606 0.0543400192218769 0.08426735141192579
0 0.594067582541717 0.0679894143566848 0.04735967887824373 0.040380959092057744
0 0.4006384871097012 0.09824390102884965 0.04348440637700666 0.08551160266556704
0 0.6055738070998037 0.4661541297169487 0.050730340343632996 0.04515938730530315
2 0.12034123473485203 0.24219952335696499 0.13180327792830412 0.10368259263643723
0 0.05625763907569371 0.7013495513327835 0.041764776119281824 0.05269910266556703
0 0.4877290513340524 0.0929773909997198 0.0418400192218769 0.08390363855894437
0 0.6302108796918979 0.25157480416927036 0.03814180913596861 0.07287521034569897
0 0.5780951017635938 0.15021088097058993 0.05401911465389251 0.0483753155185485
0 0.7653482767966503 0.5230670224325282 0.05401911465389268 0.04837531551854859
0 0.6066096053816384 0.24776784256993017 0.03814180913596861 0.07287521034569897
0 0.6761751549066686 0.2802142812080168 0.031072937584671046 0.05706835391920828
0 0.7191052040930145 0.08722881083318797 0.034279824739800804 0.058721782132453625
0 0.9326419973980082 0.6043805215745983 0.05401911465389268 0.04837531551854859
0 0.5059600729307785 0.02408263849243734 0.024420145861557073 0.01943196159934022
5 0.8879126735627185 0.5695365086424746 0.06536605042954129 0.05650606426490725
0 0.5555771291260709 0.4498782603583343 0.06026911465389269 0.04855717194503928
5 0.8112328233810043 0.9074109301918025 0.05229284034363317 0.04520485141192552
0 0.6081367265942517 0.038756555422911614 0.04834896879233561 0.029488923198680426
0 0.7384284141789227 0.09871188011266012 0.041184921980838854 0.07140363855894435
0 0.42269387155129756 0.0279003087881239 0.032887743102595124 0.032159282132453615
5 0.7458225073476308 0.8649446338735839 0.06183161465389268 0.04860263605166182