3 0.6859375 0.86953125 0.1140625 0.0890625
5 0.09375 0.56328125 0.0734375 0.04921875
0 0.4703125 0.9265625 0.03984375 0.034375
0 0.4703125 0.8796875 0.04609375 0.0375
2 0.04765625 0.64375 0.0953125 0.06875
0 0.39296875 0.659375 0.03046875 0.0796875
0 0.021875 0.93125 0.02265625 0.0640625
0 0.56171875 0.575 0.040625 0.0328125
0 0.73046875 0.57109375 0.04296875 0.0359375
5 0.853125 0.56328125 0.05078125 0.0390625
0 0.2875 0.875 0.02109375 0.0828125
0 0.46796875 0.96953125 0.03828125 0.03125
0 0.790625 0.56796875 0.0453125 0.03515625
5 0.5078125 0.58046875 0.04921875 0.0390625
0 0.5875 0.784375 0.015625 0.0546875
0 0.90546875 0.55078125 0.04140625 0.034375
0 0.51796875 0.79140625 0.01640625 0.0734375
5 0.78046875 0.2296875 0.0515625 0.0359375
0 0.06875 0.16875 0.05234375 0.0390625
0 0.54296875 0.79296875 0.01953125 0.07578125
0 0.59375 0.98046875 0.01875 0.03828125
0 0.37109375 0.90859375 0.01875 0.08203125
0 0.61484375 0.97421875 0.01953125 0.0515625
0 0.37265625 0.98515625 0.01640625 0.02890625
5 0.65546875 0.57109375 0.05078125 0.0359375
0 0.56171875 0.79375 0.0203125 0.078125
0 0.471875 0.3515625 0.04296875 0.03515625
0 0.128125 0.965625 0.05 0.040625
5 0.85546875 0.2140625 0.0515625 0.03515625
5 0.77421875 0.80078125 0.03046875 0.0265625
0 0.7828125 0.57734375 0.04375 0.034375
0 0.29140625 0.9671875 0.01796875 0.06171875
0 0.0046875 0.9328125 0.009375 0.07890625