3 0.6953125 0.8421875 0.115625 0.07109375
0 0.540625 0.46875 0.0421875 0.0328125
0 0.4828125 0.9140625 0.0390625 0.03515625
5 0.659375 0.559375 0.05078125 0.0390625
0 0.571875 0.78125 0.01953125 0.07578125
0 0.79296875 0.5484375 0.04453125 0.0375
0 0.4 0.65703125 0.03046875 0.07734375
0 0.4796875 0.9578125 0.0390625 0.03203125
0 0.29921875 0.87578125 0.0203125 0.08046875
0 0.5671875 0.56875 0.04140625 0.03359375
2 0.05625 0.65859375 0.1125 0.075
0 0.07421875 0.1859375 0.04921875 0.03984375
0 0.38203125 0.9046875 0.01953125 0.08046875
0 0.55 0.78671875 0.01796875 0.06953125
0 0.48046875 0.87265625 0.04453125 0.03671875
0 0.73203125 0.55625 0.04375 0.03671875
0 0.5265625 0.784375 0.0171875 0.0703125
0 0.6 0.77109375 0.015625 0.0546875
0 0.6046875 0.97265625 0.01796875 0.0546875
0 0.909375 0.521875 0.04453125 0.03671875
0 0.3859375 0.984375 0.01640625 0.03125
5 0.859375 0.54375 0.05234375 0.04296875
0 0.0375 0.946875 0.01875 0.06328125
0 0.515625 0.571875 0.04921875 0.0359375
5 0.85 0.190625 0.04453125 0.034375
0 0.48828125 0.990625 0.04375 0.01875
0 0.625 0.96640625 0.021875 0.0671875
0 0.30390625 0.96640625 0.0171875 0.0609375
5 0.77890625 0.2140625 0.0515625 0.0359375
0 0.0140625 0.94921875 0.01953125 0.078125
0 0.14296875 0.9671875 0.0578125 0.04765625