3 0.6587354336279422 0.25388374148187864 0.05705558344622812 0.07592730032431154
3 0.11244693181891988 0.31181243303659695 0.09668464947960165 0.11720686525911975
5 0.3959998224805526 0.858701475246529 0.05360303482570909 0.06962275324641069
5 0.42355260741780326 0.13934750324970616 0.04332727611928178 0.05227161201270887
0 0.5823954251486575 0.6977797918061902 0.03979284034363299 0.0444045649348082
0 0.04637711725588437 0.5299545068998588 0.0364221788782438 0.03966251785690744
5 0.4076023015611951 0.33944296063603235 0.04012038896415202 0.0506545649348082
2 0.30876541610354596 0.944521972810897 0.07078389077317437 0.0995829886359143
0 0.09168961725588436 0.529163574270299 0.03995661465389255 0.0475295649348082
0 0.6361843249669434 0.3565275004103324 0.03658595318850324 0.042787517856907445
0 0.30798964665452655 0.6018805052783011 0.07976274310259504 0.032613676947516976
0 0.009967062981155819 0.5330482792209932 0.019934125962311637 0.039607970779006865
0 0.08922195726083314 0.7102908433450225 0.08395892017181653 0.023320497564368027
0 0.1782279828142881 0.456624326705931 0.07442014586155699 0.020031856330665933
0 0.0605857021724505 0.6311760876629796 0.08379514586155704 0.020195497564368024
5 0.773634494572933 0.13167573052483 0.03872166327441171 0.05375229139585782
0 0.41153288500742313 0.26444296063603234 0.03823034034363317 0.04437729139585782
0 0.009070165932174199 0.40825283076312074 0.018140331864348398 0.01943183847375849
0 0.4403992706922149 0.0859770413991531 0.03658595318850324 0.04278751785690749
0 0.39209240897899844 0.48645432833078406 0.043163501809022356 0.04914661201270878
0 0.19236240389061576 0.41032602516380334 0.05394387155129747 0.016552300324311632
0 0.7797296913183167 0.9089825243563198 0.04168288896415202 0.05068183847375849
0 0.18242748190977692 0.4807476193196048 0.07269387155129756 0.01687958279171564
5 0.753297661126705 0.2069621026838086 0.04012038896415202 0.0506545649348082
0 0.41698834690235376 0.20502705032760682 0.03995661465389251 0.0475295649348082
0 0.3988237658309749 0.43247989448340823 0.036504066033373486 0.041225017856907444
0 0.6989144555633524 0.09785588393339666 0.03666784034363317 0.04435001785690749
0 0.6507668826325739 0.10806272687138203 0.03839411465389268 0.04750229139585782
0 0.01745587601808246 0.38624146306836904 0.03491175203616492 0.01970457386326192
0 0.6894332349619947 0.17451384131972286 0.03995661465389251 0.04752956493480816
0 0.1809369029861046 0.4347220531669806 0.07910764586155702 0.02011367694751698
0 0.01407915225093558 0.7087886189125677 0.02815830450187116 0.019840941558013546
0 0.006755774537402119 0.869657935065192 0.013511549074804239 0.0507091120127086
0 0.6206711103584794 0.4887087548745592 0.043163501809022266 0.04914661201270896
0 0.025889215853689113 0.9745403039777596 0.051778431707378225 0.022965941558013726
0 0.028811158978998407 0.9925772378251352 0.05762231795799681 0.013972771103318137
5 0.673038114542351 0.5916058839333966 0.05245661465389251 0.047747753246410875