3 0.6984375 0.84140625 0.115625 0.0734375
2 0.05859375 0.67734375 0.1171875 0.078125
0 0.48671875 0.92421875 0.040625 0.034375
0 0.40234375 0.665625 0.0296875 0.07890625
0 0.4859375 0.87734375 0.046875 0.03828125
0 0.79765625 0.40703125 0.04375 0.0375
0 0.5734375 0.7875 0.0203125 0.07578125
5 0.66015625 0.559375 0.05 0.03828125
5 0.8578125 0.53671875 0.05 0.04296875
0 0.4875 0.96328125 0.03828125 0.03203125
0 0.56796875 0.57109375 0.04140625 0.0328125
0 0.60546875 0.97421875 0.0171875 0.0515625
0 0.79296875 0.54453125 0.04453125 0.0359375
0 0.51640625 0.575 0.04921875 0.0390625
0 0.303125 0.890625 0.021875 0.0828125
0 0.53046875 0.78984375 0.0171875 0.071875
0 0.73203125 0.5546875 0.04296875 0.03671875
0 0.0703125 0.2078125 0.05078125 0.0390625
0 0.90859375 0.51875 0.04140625 0.03515625
0 0.31328125 0.975 0.0203125 0.05
0 0.38671875 0.91328125 0.01796875 0.08203125
0 0.60078125 0.775 0.01640625 0.05234375
0 0.38984375 0.98828125 0.01796875 0.0234375
0 0.553125 0.78984375 0.01953125 0.0734375
0 0.04140625 0.965625 0.02109375 0.0671875
0 0.63515625 0.96796875 0.0203125 0.0640625
5 0.8546875 0.18984375 0.05078125 0.0375
0 0.01796875 0.96640625 0.021875 0.0671875
0 0.725 0.9953125 0.01953125 0.009375
5 0.7765625 0.21015625 0.0515625 0.0390625
0 0.49453125 0.99375 0.04140625 0.0125
0 0.15 0.98203125 0.0546875 0.03515625