3 0.6198982986325724 0.14837771640553563 0.1386157030344176 0.119202131123531
2 0.031952146356759366 0.41292697510489074 0.06390429271351873 0.09460395020978148
0 0.4028702952985926 0.14922613092303832 0.05695137272903601 0.05090057178554282
0 0.39797537226999413 0.10326243548714169 0.04862868969849785 0.04405857593472771
5 0.6127883318031935 0.4473363572773289 0.05813123545613248 0.04633147095570571
0 0.3945154034837611 0.05897963922140809 0.0485011439408634 0.042496075934727685
0 0.5178744445302899 0.4448607074824659 0.050191189698497854 0.044176975104890735
0 0.48046939468976946 0.22899798652676012 0.03749974212409235 0.07893048340326043
3 0.2478333983136134 0.5462409956503225 0.08622428454774686 0.06709425684847722
0 0.8654349707430871 0.45311737367357574 0.050191189698497854 0.044176975104890735
0 0.7461588122583561 0.4409348371561045 0.05344373545613248 0.04597627344521662
0 0.299011842723217 0.13113713652211573 0.03957242515463033 0.08529888257342351
0 0.5015631446897695 0.23059637532396096 0.03749974212409235 0.07893048340326043
0 0.06130712739165015 0.8764109798787756 0.058513872729036055 0.05101897095570571
0 0.5309955531745004 0.2359709595570584 0.029719193032477876 0.0597068867226084
0 0.6863374021066353 0.4419044186899095 0.05357128121376711 0.04753877344521662
0 0.517012156817741 0.05096807490904245 0.025350686364518003 0.025213487552445367
5 0.8417913370940273 0.7909133715989833 0.05982128121376675 0.048012370125868745
0 0.34108854604749866 0.3764389037435552 0.04869233363936125 0.08288427759440165
0 0.21586437393698404 0.0808159825780679 0.03195137272903601 0.049006185062934436
0 0.2199781759035364 0.16523852676920908 0.04295251666989941 0.08866068091374957
0 0.5383132009083855 0.059656913291324776 0.02962359818322895 0.03951278589277141
0 0.45352425741686575 0.2316727006339887 0.03568215060882309 0.07568708423309749
0 0.4673004886209345 0.44810318403724914 0.05682382697140156 0.049338071785542684
5 0.8162640181677115 0.439172350228359 0.06020391848667046 0.05269987012586874
0 0.05373116469364876 0.09289881763635795 0.05669628121376698 0.047775571785542814