5 0.3880391158013282 0.6471906194251215 0.04309933664159917 0.05430706677218957
2 0.3498694133584008 0.04862405344435457 0.09088617328319834 0.09724810688870913
0 0.048880378207325 0.45811036520197934 0.039319365177646434 0.04015363855894431
0 0.010923498656956429 0.4555225742940371 0.021846997313912857 0.04006271034569906
0 0.5620201555050273 0.9487434445770884 0.03946491439185813 0.043278638558944496
0 0.5287050428040709 0.013683100620502976 0.04258991439185813 0.02736620124100595
0 0.09412010360021913 0.4583544061099216 0.042953787427387445 0.05118206677218975
0 0.317561911705771 0.38475646707612354 0.08441354135632881 0.03678459765100213
0 0.0715430903656528 0.35680627797581854 0.08397689371369373 0.027409597651002038
5 0.38590076530599016 0.8438610309453194 0.046224336641599174 0.054397994985435
0 0.45845646960643516 0.7098975564138554 0.043099336641599 0.05430706677218957
5 0.07414562800243721 0.8537123702165443 0.06341183664159915 0.05489810015828454
0 0.38572313689377735 0.7806707091585647 0.03961046360606986 0.04640363855894432
0 0.3908067049241267 0.5542673335317441 0.04110018899896399 0.04488660266556703
0 0.10554140881028688 0.28013847789667623 0.08568494292790545 0.030580061757624753
0 0.8158004743594368 0.0730063440230924 0.04302656203449331 0.05274456677218971
0 0.02361932072094567 0.280181593494367 0.04640411910658786 0.024755959092057724
0 0.3836191354460353 0.7253383514784328 0.03946491439185813 0.043278638558944496
0 0.397452541360838 0.8973581039857151 0.04124573821317572 0.04801160266556721
0 0.00405168341739274 0.5744998948271505 0.00810336683478548 0.02287521034569906
0 0.17765604156572584 0.5074163802456741 0.07445634449948199 0.024011813011265915
3 0.04147221505832113 0.9521869741357525 0.06900686517764644 0.0410174565847754
0 0.010573511167651737 0.5977328063473484 0.021147022335303474 0.026409387305303157
0 0.6132854423087328 0.19982857145755023 0.04124573821317572 0.04801160266556703
0 0.18215729694240934 0.5782828097125607 0.05556079528527032 0.020341243731793846
0 0.1734758097626909 0.5301635584589195 0.07609161910658786 0.025619777117888633
5 0.7213331511618011 0.7779271762346883 0.043172111248705035 0.05586956677218975
0 0.1741286271738677 0.5496493443522968 0.07765411910658786 0.02566524122451135
5 0.732610945413614 0.854057767221773 0.04153683664159917 0.05426160266556721
0 0.3877031296550671 0.5036452079049235 0.04302656203449331 0.05274456677218975
0 0.06429794044670607 0.011264108933773189 0.06827911910658786 0.022528217867546378
0 0.005257849566579221 0.3541873948271505 0.010515699133158442 0.020858069279472157
0 0.035875379859954835 0.11754520117449896 0.03706766046291672 0.058812710345698974