3 0.6953125 0.87109375 0.11484375 0.090625
2 0.05546875 0.6703125 0.1109375 0.06953125
0 0.48046875 0.89140625 0.04765625 0.0390625
0 0.4796875 0.9375 0.040625 0.03515625
5 0.6609375 0.575 0.04921875 0.03515625
0 0.48046875 0.98203125 0.040625 0.0328125
0 0.5671875 0.58671875 0.0421875 0.03515625
0 0.55 0.8046875 0.01875 0.07421875
3 0.28984375 0.5125 0.0734375 0.0484375
0 0.9109375 0.54453125 0.0421875 0.03515625
0 0.79375 0.56796875 0.0453125 0.03515625
0 0.37890625 0.91953125 0.01796875 0.08125
0 0.5703125 0.80078125 0.01953125 0.07421875
0 0.07421875 0.203125 0.0484375 0.03984375
0 0.59921875 0.79296875 0.01640625 0.05546875
0 0.734375 0.57265625 0.04296875 0.0359375
0 0.603125 0.98359375 0.01796875 0.0328125
5 0.85625 0.2109375 0.0515625 0.03515625
0 0.39765625 0.671875 0.0296875 0.07578125
0 0.30078125 0.978125 0.0203125 0.04375
0 0.29765625 0.89375 0.021875 0.0828125
0 0.625 0.97421875 0.01953125 0.05078125
0 0.52265625 0.8046875 0.0171875 0.071875
0 0.51640625 0.58828125 0.04765625 0.0375
5 0.86328125 0.5625 0.05 0.03984375
0 0.0109375 0.96171875 0.02109375 0.0765625
0 0.03359375 0.9609375 0.02421875 0.0578125
0 0.1390625 0.98203125 0.04765625 0.0359375