3 0.68984375 0.8703125 0.115625 0.0890625
5 0.09375 0.5609375 0.07578125 0.05
2 0.046875 0.640625 0.09375 0.065625
0 0.47265625 0.9265625 0.03984375 0.034375
5 0.65625 0.57265625 0.05234375 0.0375
0 0.471875 0.88046875 0.04609375 0.0359375
0 0.39453125 0.65859375 0.0296875 0.0796875
0 0.46953125 0.9703125 0.03828125 0.03046875
0 0.5640625 0.57578125 0.04140625 0.03359375
0 0.79296875 0.56796875 0.04453125 0.03515625
0 0.90859375 0.55234375 0.0421875 0.03515625
0 0.28984375 0.8765625 0.02109375 0.08359375
0 0.51796875 0.7953125 0.01796875 0.07265625
0 0.51328125 0.578125 0.0484375 0.03984375
0 0.59609375 0.98125 0.01953125 0.0375
0 0.7328125 0.571875 0.04296875 0.0359375
0 0.37265625 0.90859375 0.01875 0.0828125
0 0.0703125 0.16640625 0.05 0.0375
0 0.6171875 0.97265625 0.01875 0.0546875
0 0.59375 0.784375 0.015625 0.05390625
0 0.565625 0.7921875 0.01953125 0.0765625
0 0.37421875 0.9859375 0.0171875 0.028125
0 0.12890625 0.96484375 0.05 0.040625
0 0.54453125 0.796875 0.01796875 0.075
0 0.02421875 0.93203125 0.021875 0.06171875
5 0.78359375 0.23046875 0.05234375 0.0359375
5 0.86171875 0.5671875 0.05078125 0.0390625
0 0.29296875 0.96953125 0.01875 0.0609375
5 0.8625 0.215625 0.05078125 0.0359375
0 0.00625 0.934375 0.0125 0.08359375
0 0.4765625 0.34921875 0.04375 0.0359375