0 0.4859375 0.93203125 0.03984375 0.0359375
5 0.6640625 0.57265625 0.05 0.0375
0 0.70625 0.359375 0.04765625 0.04453125
0 0.05390625 0.59453125 0.05 0.03828125
0 0.5671875 0.33125 0.0484375 0.03984375
3 0.98203125 0.8890625 0.0359375 0.0625
0 0.4078125 0.490625 0.04765625 0.03515625
0 0.54921875 0.49453125 0.04453125 0.0375
0 0.121875 0.4265625 0.046875 0.03828125
2 0.05859375 0.66953125 0.1171875 0.071875
0 0.4859375 0.88515625 0.046875 0.03828125
0 0.4875 0.97578125 0.03828125 0.03125
0 0.571875 0.58046875 0.040625 0.03359375
0 0.24765625 0.565625 0.04609375 0.03984375
0 0.4046875 0.66953125 0.03046875 0.08046875
5 0.86328125 0.5578125 0.0515625 0.04140625
0 0.17578125 0.4671875 0.046875 0.03984375
0 0.79765625 0.5640625 0.0453125 0.03671875
0 0.075 0.2015625 0.05078125 0.0390625
0 0.303125 0.8921875 0.02109375 0.0828125
0 0.60859375 0.98046875 0.01875 0.03828125
0 0.19921875 0.528125 0.0453125 0.03828125
0 0.7390625 0.56875 0.04296875 0.03515625
0 0.91484375 0.54140625 0.04375 0.03671875
5 0.86328125 0.2078125 0.05078125 0.03671875
0 0.3859375 0.91796875 0.01796875 0.0828125
0 0.31328125 0.9765625 0.0203125 0.046875
0 0.603125 0.78671875 0.015625 0.05390625
0 0.53203125 0.79765625 0.0171875 0.07109375
0 0.6296875 0.97265625 0.0203125 0.0546875
0 0.0390625 0.96015625 0.0203125 0.06484375
5 0.7890625 0.22578125 0.0515625 0.0359375
0 0.55546875 0.80078125 0.01953125 0.07265625
5 0.8796875 0.86875 0.0484375 0.0578125
0 0.575 0.79765625 0.01953125 0.078125
0 0.52265625 0.58359375 0.046875 0.0359375
0 0.65859375 0.31796875 0.04140625 0.03515625
0 0.36484375 0.3828125 0.05 0.03984375
0 0.38515625 0.990625 0.01640625 0.01796875
0 0.01328125 0.959375 0.01796875 0.08125
0 0.1484375 0.9796875 0.046875 0.040625