3 0.09568717439319414 0.3494965137949981 0.1076332748856251 0.1302182680561673
5 0.39416104198437474 0.3375123466498046 0.045022865691319504 0.05621528366526398
2 0.36458907076663116 0.9372767336731131 0.08510365824437507 0.1013293762235353
0 0.10006163060586756 0.5640128815810129 0.04338763050895835 0.053035719962933034
0 0.054603660241145345 0.5718452289486077 0.04004442496187503 0.043551592558271325
0 0.014956392383090041 0.5811855126138717 0.029912784766180082 0.043497028855940555
0 0.395867052717951 0.4319071873939775 0.04011716014423614 0.04667659255827132
0 0.3886767210303123 0.20421869701262435 0.041752395326597205 0.04985615626060227
0 0.032398085868610475 0.7545039615254125 0.045858013867708346 0.02501984736759475
0 0.005736934461180369 0.457430554083684 0.011473868922360738 0.022638891832631992
0 0.828707428574166 0.8515946277831798 0.04658536569131968 0.056269847367595105
0 0.17769762775607598 0.48167904201796646 0.07721711664125004 0.03079862141421188
0 0.11617367382451327 0.7437723034507118 0.08510235182361114 0.034196439925866254
0 0.39845372416444436 0.08600441035213548 0.0433148953265972 0.0499107199629331
0 0.08045568579236054 0.6685193323066524 0.08659211664125002 0.031126003628197018
0 0.3238069487101384 0.6100619584453697 0.08063305737069441 0.04340774881887359
0 0.18431195687826354 0.4322693190598084 0.05519664627652778 0.023784729581580066
0 0.3872947525654512 0.26359369701262436 0.040153527735416715 0.04823909255827141
5 0.3848081450422568 0.13565966997078233 0.0481478656913195 0.056324411069925695
0 0.18176687870600652 0.5080778509109739 0.07405574905006947 0.029126994009550166
5 0.7348633496394097 0.08752718249983606 0.04186149810013902 0.054543656260602244
0 0.012259691395034545 0.4345560492743606 0.02451938279006909 0.024637901451278844
0 0.39632034118694404 0.47950887369164663 0.044986498100138925 0.05465278366526398
0 0.1844204064414232 0.46114828720864304 0.08041485182361115 0.034032748818873595
3 0.9550829710303124 0.1844393549176891 0.02292966014423605 0.04607639183263199
0 0.009252833018818877 0.6756894807627063 0.017696646276527797 0.02247520072563951
0 0.04502210638583256 0.9164310426509387 0.045168336056041716 0.06246528366526398