3 0.3216313124991762 0.11473506128465547 0.1204136858759707 0.09738528896022584
5 0.3518132848997408 0.41117368466145 0.05536933847375849 0.04001707386326192
2 0.9503699671255589 0.3303335986266188 0.0992600657488822 0.0737023271096728
0 0.536297784495999 0.10082869967898374 0.04911933847375849 0.03990797970746054
0 0.7169244472400564 0.01962424858196075 0.022638659090609536 0.0392484971639215
0 0.5401670783274888 0.05387187906213271 0.04281479139585791 0.03667388555165918
0 0.5409795560063544 0.013818330764768395 0.041197744317957155 0.02763666152953679
0 0.4462627142828898 0.40483613555495446 0.04437729139585791 0.03670115909060954
5 0.14878374228606694 0.42018799472499424 0.055423885551659155 0.04314207386326192
0 0.9258737167152266 0.7950233900224767 0.0522716120127086 0.041525026785361165
0 0.2159439687471166 0.41745273255012966 0.04593979139585782 0.036728432629559826
0 0.09982409090609519 0.43589086120193 0.04437729139585782 0.03670115909060954
0 0.46508703206036694 0.1849094192401745 0.023184129869616397 0.07538182954530477
0 0.41508921185055303 0.010530576705930973 0.020803423701106105 0.021061153411861946
0 0.7176159683433748 0.1015712191607443 0.026472771103318315 0.08481137662320544
0 0.41604556006354426 0.19592478571711025 0.01811480032431163 0.05342500892845372
0 0.637382997564368 0.07171216964721164 0.023320497564368027 0.08319432954530477
0 0.4916768055993173 0.18600826907801876 0.02312958279171564 0.07225682954530477
0 0.6143484667185218 0.3190644565788426 0.03576595048646745 0.08028751785690744
0 0.27758089813026554 0.41168792776159113 0.0459670649348082 0.03829093262956
0 0.4448018055993173 0.18682647524652896 0.024773903408566687 0.07697160308425506
0 0.4938780539744642 0.4016605426169691 0.05068183847375849 0.039935253246410875
0 0.39256932954530477 0.01854762824805852 0.022638659090609536 0.03709525649611704
5 0.14550437824146795 0.7695703859586963 0.05218979139585782 0.03683752678536116
0 0.9838352577106377 0.041438694000236156 0.024501168019063258 0.0613466030842551
0 0.9978198912337021 0.04039834538020792 0.004360217532595812 0.07820682061685102
0 0.8810142207790068 0.017204609174982698 0.06468979139585755 0.034409218349965395