0 0.5370878616398347 0.6716529447648789 0.03431109818322895 0.039685212873234656
0 0.5434976161817625 0.7644195989719232 0.03794628121376693 0.0461537341605581
0 0.614319912398439 0.6390646838691156 0.0360011439408634 0.04135697351689647
0 0.5309493030053225 0.6231443889486803 0.025860869395056163 0.03132640965492613
5 0.5651644195254407 0.48947422929375417 0.03820137272903601 0.0492787341605581
0 0.5292431528555412 0.5774330512014962 0.0360011439408634 0.04135697351689647
0 0.49708487284972225 0.7334863092472681 0.03274859818322877 0.03957595222957302
0 0.5897987892103609 0.8062357583747477 0.034056006667959694 0.03656021287323483
0 0.5824323125482203 0.6871251254550269 0.0360011439408634 0.04135697351689647
0 0.39234725454192787 0.06577927522259583 0.03249350666795969 0.036450952229572973
3 0.2691182090741574 0.4239520441641308 0.18096269970043757 0.1043154314464525
0 0.644231068757138 0.7674739071339106 0.027423369395056164 0.03143567029858776
0 0.5179387331609228 0.5160802879599445 0.0344386439408634 0.04124771287323466
0 0.5733757901284449 0.5696862531789677 0.03781873545613248 0.0445912341605581
0 0.650194413147345 0.8657093113409549 0.03612868969849785 0.04291947351689629
0 0.35263105029956243 0.06700292163597008 0.03781873545613248 0.04459123416055817
0 0.08007142665244245 0.3703674943000168 0.07273586939505616 0.034604228964778105
5 0.3882176060591366 0.016966847760591798 0.03625623545613248 0.033933695521183596
0 0.12120828587638108 0.8560921908296066 0.06766573212215254 0.029588947033792935
0 0.037692350140082875 0.2995358242535306 0.06272314060688348 0.026136165102807675
0 0.43646391636063875 0.048712107521898126 0.03832891848667046 0.05084123416055818
0 0.2394316116398346 0.6924670973824394 0.03612868969849785 0.04291947351689629
0 0.1065072834604851 0.6365116643465031 0.05322059484924897 0.02391810124083733
0 0.12273896390594938 0.875404919542283 0.062850686364518 0.027698665102807496
0 0.10733517044352463 0.28379085593241427 0.06610323212215255 0.02947968639013112
0 0.10472164285360161 0.6583866643465031 0.062850686364518 0.027698665102807673
0 0.5878375475453106 0.7636494206275639 0.039636326971401556 0.047825494804219916
0 0.2602703990625194 0.7321798074056826 0.06935577787978708 0.03126070767745457
0 0.23114062164177432 0.6417786825317334 0.03612868969849785 0.04291947351689629
0 0.10956863951962173 0.6751371217718561 0.065975686364518 0.027917186390131122
0 0.12023416998448266 0.4017378265993191 0.06910068636451805 0.028135707677454568
0 0.6233743718109521 0.14749989674235037 0.07181109818322895 0.042307468321116336
0 0.11162547603392095 0.6975202201627018 0.06297823212215255 0.029261165102807674
0 0.26511739572853954 0.7489302648310356 0.055038186364518 0.027152361884499144
0 0.12157507663304579 0.8801470498641141 0.06441318636451801 0.027807925746469665
0 0.5450918092142404 0.7068256202592468 0.020408094849248926 0.021623627723940865
0 0.11714241027240709 0.801224374369746 0.05972568636451805 0.027480143815484227
0 0.350430563635482 0.004215475484532617 0.031090503333979846 0.008430950969065234
5 0.4329879721202129 0.010858959392989243 0.043016418486670635 0.021717918785978486