0 0.5307094133165229 0.4303715292959668 0.03823332363742153 0.029170674452321597
0 0.039558383769745846 0.4797353126155546 0.034980777879787095 0.027517246239076344
0 0.5103647045322296 0.335877383215175 0.038105777879787084 0.0276081744523216
0 0.6055818675588884 0.42975175217807815 0.03836086939505616 0.030733174452321776
0 0.5456657651235958 0.7245474266303997 0.03836086939505616 0.0307331744523216
0 0.4900694693659612 0.7277239024155049 0.03836086939505616 0.030733174452321776
0 0.6023143778506921 0.7275754867386719 0.04148586939505616 0.03082410266556703
0 0.8258941096829805 0.3469606695707707 0.03160068636451783 0.02430131802583091
0 0.026867194071247928 0.5206330972552907 0.04292082363742163 0.02930706677218975
0 0.7893029054406151 0.34646657607640374 0.04123077787978709 0.027699102665567032
0 0.9245548792278179 0.36045721674691916 0.03979582363742153 0.029216138558944317
5 0.23694382467619177 0.544137478754606 0.03647937606301595 0.06497178213245362
0 0.7061090575472504 0.7354668915949523 0.04148586939505616 0.03082410266556703
0 0.2006569276912126 0.9504784069678515 0.026849284547746866 0.061573997492717324
0 0.8850622024061977 0.4527954809326841 0.03316318636451783 0.024346782132453625
0 0.12369581496411616 0.9480413802456742 0.025541876063015945 0.06465353338609496
0 0.7179876910271321 0.8668389120489234 0.024106921820650485 0.06617056927947189
0 0.49437471890691925 0.8468459754559008 0.022289330305381404 0.06300010517284953
0 0.6615941698153047 0.8606858519406512 0.021779147274843424 0.05675010517284953
0 0.307015532421715 0.058094678675463786 0.023054604851188643 0.07237510517284948
0 0.535796944361112 0.8549934445770884 0.023851830305381405 0.06304556927947225
0 0.7363550537542285 0.8709808427694512 0.023724284547746777 0.061483069279472245
0 0.13845955875519836 0.8626578097125608 0.023596738790112325 0.059920569279472244
0 0.14713279921230066 0.7945981314993154 0.027742104851188644 0.07251149749271768
0 0.47756985617982284 0.8426585806287502 0.021779147274843248 0.056750105172849175
0 0.6480573125482202 0.7114360096999255 0.023979376063016034 0.06460806927947224
5 0.0037395392346067993 0.4306135025072825 0.007479078469213599 0.03238660266556703
0 0.683022759663584 0.8655181044479336 0.024362013335919565 0.06929556927947225
5 0.5246984004396452 0.3798857959890142 0.04786341515269079 0.032568459092057724
0 0.5182108316340156 0.8508287818032493 0.024106921820650485 0.06617056927947225
0 0.6665522210329511 0.7140154404204532 0.023469193032477874 0.05835806927947225
0 0.8642404219413367 0.7269687668260614 0.023979376063016034 0.06460806927947224
0 0.5594257629975639 0.8519677329777482 0.023851830305381582 0.06304556927947225
0 0.2661216573974691 0.7022849478757938 0.024106921820650485 0.06617056927947225
4 0.3349172628768776 0.046075714964552504 0.03954047424624481 0.09215142992910501
0 0.5776496045128329 0.8483198957515874 0.024362013335919565 0.06929556927947189
0 0.03856971074114737 0.43455920493542266 0.050988415152690716 0.032659387305303156
5 0.22997686330682457 0.6963221043814267 0.0329397878817268 0.07889788981258565