0 0.54296875 0.48125 0.034375 0.02578125
0 0.56640625 0.44140625 0.03515625 0.0265625
0 0.7484375 0.53203125 0.034375 0.02734375
0 0.7296875 0.43359375 0.034375 0.02578125
0 0.28984375 0.5734375 0.03359375 0.0265625
0 0.75390625 0.390625 0.03515625 0.0265625
0 0.6328125 0.39140625 0.03671875 0.02890625
5 0.96640625 0.51796875 0.0390625 0.02734375
5 0.69375 0.38984375 0.040625 0.03046875
0 0.41328125 0.56953125 0.03671875 0.02734375
0 0.56953125 0.7359375 0.03203125 0.0265625
0 0.62734375 0.72734375 0.03515625 0.02734375
0 0.27890625 0.5234375 0.03671875 0.02890625
0 0.875 0.5671875 0.0328125 0.0265625
0 0.81796875 0.434375 0.0390625 0.028125
0 0.6828125 0.72734375 0.0375 0.028125
0 0.83203125 0.39140625 0.03984375 0.0296875
0 0.85 0.3359375 0.028125 0.021875
0 0.096875 0.571875 0.0421875 0.0296875
0 0.125 0.53125 0.03515625 0.0265625
0 0.10078125 0.39296875 0.03203125 0.03046875
0 0.60859375 0.35 0.03515625 0.0265625
0 0.6203125 0.5625 0.034375 0.02890625
0 0.63515625 0.4359375 0.0328125 0.0265625
0 0.678125 0.4375 0.02734375 0.0203125
0 0.33828125 0.91484375 0.0171875 0.0703125
0 0.31875 0.9484375 0.0171875 0.07109375
5 0.16953125 0.46953125 0.04375 0.03359375
0 0.76484375 0.85625 0.01484375 0.05703125
0 0.94921875 0.3375 0.03515625 0.028125
0 0.59609375 0.84921875 0.01484375 0.0625
0 0.87578125 0.3921875 0.03203125 0.025
0 0.33828125 0.0640625 0.015625 0.06484375
0 0.575 0.84921875 0.01484375 0.05234375
0 0.23984375 0.82734375 0.01875 0.06796875
0 0.725 0.71015625 0.01640625 0.0625
0 0.6171875 0.8546875 0.015625 0.06484375
0 0.2390625 0.97421875 0.015625 0.0515625
0 0.81953125 0.85546875 0.01640625 0.06484375
0 0.7828125 0.85546875 0.0171875 0.0671875
0 0.83828125 0.8578125 0.015625 0.06171875
0 0.11796875 0.52421875 0.0359375 0.02734375
0 0.675 0.84375 0.01796875 0.0703125
0 0.31015625 0.040625 0.015625 0.06796875
0 0.7453125 0.7078125 0.015625 0.0546875
0 0.3234375 0.8609375 0.01640625 0.06640625
0 0.240625 0.89765625 0.01484375 0.0578125
0 0.94453125 0.7 0.01640625 0.053125
0 0.62578125 0.57109375 0.03515625 0.02890625
0 0.65859375 0.85546875 0.015625 0.0640625
0 0.3921875 0.0171875 0.01171875 0.034375
5 0.55078125 0.38984375 0.04296875 0.0296875
3 0.3515625 0.27890625 0.03046875 0.09453125
0 0.63515625 0.85625 0.01796875 0.059375
0 0.7859375 0.72734375 0.03828125 0.0296875