0 0.2906492492070305 0.6370675543720745 0.03165279172311406 0.03870967292769336
0 0.539073461101961 0.706438272774594 0.030008404567984214 0.03708350593149916
0 0.2768047551999243 0.5811531353987138 0.02992651741285455 0.035521005931499164
0 0.5199229121427578 0.4749017712917193 0.030008404567984214 0.037083505931498985
0 0.29133532394683137 0.694784553877783 0.03165279172311397 0.03870967292769336
0 0.6068662279489887 0.9438547011394949 0.028609678878243727 0.04014483893530496
0 0.45557596562451685 0.8238711704934165 0.030008404567984214 0.03708350593149916
0 0.45777587347186144 0.7319701719762912 0.03157090456798421 0.03714717292769336
0 0.4654157123451565 0.9521235044858052 0.031489017412854634 0.035584672927693364
5 0.5016001215512975 0.03603027228030247 0.03132524310259512 0.03245967292769344
0 0.4233799462910984 0.09053208847819412 0.03189845318850324 0.04339717292769345
0 0.6909712330373713 0.8677643864244781 0.024911468792335613 0.02908000494291585
0 0.5360536024409622 0.6041900232688857 0.03173467887824373 0.04027217292769336
0 0.6946085673881106 0.9669194694282837 0.02852779172311415 0.038582338935304605
0 0.29756206976295985 0.7987226373758802 0.03165279172311406 0.03870967292769354
0 0.11209272274906441 0.3538200197716635 0.06496325870642727 0.019797846843970034
0 0.17127953075337923 0.82865819368794 0.06652575870642727 0.019861513840164234
0 0.1785155828804012 0.2824662846004111 0.06668953301668674 0.022986513840164414
0 0.030002839777806167 0.24523158695813835 0.035275758706427275 0.018588173916276672
0 0.1731419239014028 0.7749429446765232 0.05715075870642723 0.019479511862998143
0 0.16393294097557307 0.5843497781746205 0.05394387155129752 0.01778967787060921
0 0.16479275610443547 0.6007560281746205 0.06331887155129752 0.01817167984777566
4 0.9310197851643934 0.33105885976991345 0.1044351944820761 0.029202021748829844
0 0.6912678041591276 0.8287973869187697 0.028445904567984216 0.037019838935304604
0 0.3154212771353346 0.7378633918245046 0.06496325870642732 0.019797846843970034
0 0.17152187019250115 0.8481576101898429 0.06183825870642727 0.01967051285158128
0 0.16380014416407634 0.6264417776803289 0.06652575870642723 0.019861513840164415
5 0.16086441542211813 0.332419863649884 0.06973264586155703 0.02155134783255317
0 0.16370829093014455 0.6693150271860373 0.06340075870642728 0.019734179847775656
0 0.3360967045432404 0.9538703938016709 0.057150758706427315 0.019479511862998324
0 0.17312091248144207 0.6852901956651065 0.06981453301668675 0.023113847832553346
0 0.3188705037295863 0.7590526423187961 0.057150758706427315 0.019479511862998143
0 0.1026181462002413 0.24741085228117754 0.060275758706427277 0.0196068458553869
0 0.9089024457252716 0.3106681053212891 0.06792448439616763 0.016800180836358793
0 0.9870473778828757 0.4162907056253003 0.02590524423424867 0.014155341901054186
0 0.16330217718076315 0.6466906106841345 0.06192014586155703 0.02123301285158128
0 0.1708357954527003 0.7904406106841344 0.06668953301668674 0.02298651384016459
5 0.05280625395672889 0.323339340912471 0.07302142017181652 0.024803681824942015
0 0.5091127284032739 0.09012752326888565 0.03206222749876275 0.04652217292769345
0 0.16733906546754668 0.24770928262324476 0.06989642017181649 0.02467634783255317
0 0.44719249830251934 0.6192791709877081 0.03313340456798421 0.03721083992388792