0 0.67734375 0.74140625 0.03671875 0.0265625
0 0.56015625 0.45390625 0.03515625 0.0265625
0 0.675 0.378125 0.03359375 0.0265625
0 0.62109375 0.740625 0.0359375 0.0265625
0 0.8390625 0.40703125 0.0359375 0.025
5 0.92265625 0.58125 0.04296875 0.02890625
0 0.6296875 0.4046875 0.03671875 0.028125
0 0.628125 0.44921875 0.0328125 0.02578125
0 0.84453125 0.353125 0.02734375 0.021875
0 0.94453125 0.35546875 0.03671875 0.02578125
0 0.5640625 0.7484375 0.0328125 0.0265625
0 0.67421875 0.45078125 0.02734375 0.02109375
0 0.0796875 0.534375 0.03203125 0.0234375
0 0.42265625 0.3109375 0.0296875 0.0515625
0 0.0515625 0.4265625 0.03359375 0.0265625
0 0.72578125 0.44765625 0.034375 0.02578125
0 0.071875 0.57265625 0.03828125 0.0265625
5 0.0234375 0.5328125 0.04140625 0.028125
0 0.80390625 0.35390625 0.0359375 0.02578125
0 0.78125 0.7421875 0.03671875 0.028125
0 0.07265625 0.49140625 0.04296875 0.028125
0 0.159375 0.375 0.02578125 0.034375
0 0.5859375 0.86484375 0.01484375 0.0625
0 0.3484375 0.47265625 0.01640625 0.0671875
0 0.65234375 0.8671875 0.0171875 0.06328125
0 0.809375 0.87421875 0.015625 0.06484375
0 0.60703125 0.86953125 0.01484375 0.06484375
0 0.23359375 0.8421875 0.0171875 0.06953125
5 0.01875 0.4890625 0.0375 0.028125
0 0.77578125 0.8703125 0.01640625 0.065625
0 0.71640625 0.721875 0.0171875 0.0640625
0 0.83203125 0.87109375 0.01484375 0.0609375
0 0.2328125 0.978125 0.015625 0.04296875
0 0.75859375 0.86875 0.01328125 0.0546875
4 0.30546875 0.07890625 0.02109375 0.1
0 0.6296875 0.86953125 0.01640625 0.06484375
0 0.56953125 0.8640625 0.01328125 0.05234375
0 0.28671875 0.0171875 0.01328125 0.03359375
0 0.66953125 0.8609375 0.01640625 0.0671875
0 0.23515625 0.90703125 0.0140625 0.05703125
0 0.73828125 0.72421875 0.015625 0.05625
0 0.390625 0.0234375 0.0125 0.046875
0 0.934375 0.71875 0.01640625 0.06328125
0 0.00390625 0.56875 0.0078125 0.025
0 0.2859375 0.1 0.0140625 0.065625
5 0.5484375 0.40546875 0.04296875 0.02890625
0 0.22578125 0.2703125 0.0234375 0.06171875