0 0.720011761114826 0.5291839029982344 0.0398625870059723 0.03505683847375849
0 0.869103877756076 0.5036498891985166 0.046221689779513755 0.03985343262955983
5 0.5518962343293398 0.5997167711000231 0.05254442496187508 0.043087526785361166
0 0.06864862965593704 0.5428244740254177 0.03986258700597225 0.03505683847375849
5 0.7479542699485412 0.5710947134688156 0.04934668977951393 0.039907979707460586
0 0.5592918134515273 0.5506071152558244 0.04622168977951393 0.03985343262956
0 0.6705748055677427 0.5376997865212986 0.03350348423243048 0.030260244317957152
0 0.9560038125015968 0.5309584573797357 0.044550087005972114 0.035138659090609536
0 0.05467770184427041 0.5050653754053894 0.046148954597152805 0.036728432629559826
0 0.6334735426499648 0.5870724951254408 0.04785692496187508 0.04300570616851011
0 0.8550212343293397 0.605007837656389 0.031868249050069505 0.02710797077900686
0 0.9523508292190968 0.5871675470713101 0.039789851823611146 0.03193183847375849
0 0.39136073746347183 0.4788979362797125 0.03855466014423614 0.045967064934808025
0 0.6242992176118398 0.5447077171222635 0.04465918977951393 0.039826159090609534
0 0.4895403982732981 0.6595906030809597 0.043060322188333444 0.03823638555165907
0 0.9154495880528121 0.6279465056754523 0.030378484232430482 0.030205697240056395
0 0.24910638117454847 0.17707456330995508 0.029688806420763925 0.0676784237011061
0 0.8158314477602078 0.6097947491826305 0.039789851823611146 0.03193183847375849
0 0.1613888288378471 0.15131485835926087 0.024783100873680564 0.0582216030842551
0 0.19314732190399292 0.16359271590774283 0.028053571238402818 0.06452615016215582
0 0.73944240007625 0.09731629423193632 0.03455814437666671 0.07557274431795713
4 0.4646527670987496 0.48642979261037844 0.06537173328249998 0.05736821509696384
5 0.018372333112534497 0.5528346737011061 0.03674466622506899 0.033548885551659066
0 0.2874603663569096 0.17461776501423842 0.0297251740119445 0.0692409237011061
0 0.5708891557758331 0.2538139358726754 0.04614895459715278 0.036728432629559826
0 0.5386968644570486 0.12585653124629279 0.023075130508958354 0.05194432954530477
0 0.06921102089847173 0.585820497564368 0.052435322188333376 0.03840002678536116
0 0.5195650047496526 0.14193549877888872 0.0262728656913195 0.055123876623205434
0 0.7598458190542013 0.09376460023829074 0.026418336056041804 0.06137387662320544
0 0.24996679236562436 0.7781149119299833 0.03761040919430556 0.07250229139585791
0 0.6724334719802428 0.25636796590444755 0.028053571238402953 0.06452615016215582
0 0.17158014000826372 0.21714440990138845 0.028053571238402863 0.06452615016215582
0 0.9437564260087147 0.6206249293765584 0.0224568814588892 0.025381829545304768
0 0.14894468664538188 0.0815381465087078 0.022856924961875035 0.04256932954530477
0 0.7583196866453819 0.09217482669934039 0.03125130642076392 0.06770569724005646
0 0.5581553792746874 0.12932245048317206 0.024928571238402773 0.0644716030842551
0 0.6845185107335763 0.10651797036867441 0.02478310087368065 0.0582216030842551
0 0.5793218644570486 0.12656564325900163 0.027980836056041625 0.06140115016215577
0 0.692037457162604 0.2535838851413268 0.03263196846486114 0.05992047077900677
5 0.019462054427187257 0.5950494472400565 0.038924108854374515 0.036728432629559826
0 0.7285568386214928 0.22921117653718462 0.046112587005972115 0.035165932629559825
0 0.8857517427818052 0.2249209172016938 0.036120644376666886 0.07560001785690744
0 0.6265215599361456 0.2477508965054125 0.04622168977951393 0.03985343262955983
0 0.5153113030022914 0.2575332252399384 0.04622168977951393 0.03985343262955983
0 0.6003065116835069 0.13162133603483123 0.031396776785486226 0.07395569724005649
0 0.7017969297115277 0.10291172929712815 0.03455814437666671 0.07557274431795716