0 0.604187240675945 0.48168142592300356 0.041548882573423464 0.03326703333863605
0 0.7520667883915712 0.39003772390200453 0.03830548340326061 0.03166817067154515
0 0.6823947510489072 0.4612229279121859 0.041548882573423464 0.03326703333863605
5 0.6624975707598576 0.5185359885821402 0.04479228174358667 0.034865896005727134
3 0.3491767415011376 0.29463760128900207 0.10028711037760658 0.16976815467854492
0 0.6294310813333125 0.21631041725018565 0.046473180913749704 0.03644657733927241
0 0.8334137220046131 0.514201382558914 0.04154888257342364 0.03326703333863605
0 0.3737418014638257 0.4640324912874112 0.04166728174358649 0.03482953333863605
0 0.5783342130815433 0.4397575552594125 0.03998638257342346 0.03324885200509069
0 0.7212330307179012 0.49908600724064056 0.041548882573423464 0.03326703333863605
0 0.8380886439952928 0.4727042258911869 0.04467388257342364 0.03330339600572714
0 0.5758091738647797 0.23100926392427618 0.04166728174358649 0.03482953333863605
0 0.9705217130815434 0.4351940405395059 0.046473180913749704 0.036446577339272326
0 0.5627558346573047 0.399278005927776 0.04010478174358649 0.03481135200509069
0 0.9498997145314358 0.33847358187464216 0.03998638257342364 0.03324885200509069
0 0.6628061466945853 0.5638848512492312 0.03998638257342346 0.03324885200509069
5 0.1312610713845575 0.6177682079885459 0.05632177759440164 0.04280566534054522
0 0.48376799689972233 0.47135354793923 0.04491068091374952 0.036428396005727136
0 0.7719667365267602 0.4875485232336409 0.04322978174358649 0.0348477146721816
0 0.5200919701305132 0.2386950419319122 0.04166728174358667 0.03482953333863614
0 0.6110418145360803 0.5308638132559127 0.04166728174358649 0.03482953333863605
0 0.617481991300645 0.5745774505888217 0.04322978174358649 0.0348477146721816
0 0.9134806529183626 0.5492389065484146 0.03494368506293455 0.028506808004454244
0 0.46150836889969094 0.8070643286123662 0.03754846680652087 0.06288180800445424
0 0.5153894628810507 0.7235518472708666 0.03984467261537983 0.051980670671545326
0 0.2969928151607802 0.6275688272995016 0.0475387734452168 0.0505090773392725
0 0.6939816012540442 0.3664735019096405 0.03830548340326061 0.03166817067154524
0 0.3513637742936313 0.7981807719605473 0.04427206348717307 0.06920453333863623
0 0.5709631114265138 0.6314183439290487 0.04334818091374952 0.0364102146721816
0 0.8735068483542591 0.5583053712205961 0.04322978174358667 0.0348477146721816
0 0.9921625132843582 0.5215582545353696 0.01567497343128359 0.0364465773392725
0 0.39517112864795323 0.6952370379535476 0.04692346680652104 0.06299089600572697
0 0.951299039016271 0.4807701698759148 0.04166728174358667 0.03482953333863605
0 0.717209304163118 0.5491769139083679 0.04334818091374952 0.0364102146721816
0 0.8369377732447241 0.32336729722314145 0.0433481809137497 0.0364102146721816
0 0.7265778458554595 0.1878121525700499 0.04659158008391255 0.03800907733927246
0 0.7180764163916025 0.05498147123650445 0.036341164317009955 0.0675511266709089
0 0.9577704915011376 0.2875559718730513 0.046473180913749704 0.0364465773392725
0 0.206035005822792 0.5519972099777283 0.03518048340326052 0.03163180800445424
5 0.2041090047738848 0.08285631130650124 0.0303512734452168 0.050309082670272565
0 0.5032219336130419 0.11925469859963944 0.03622276514684693 0.06598862667090888
0 0.12884889564567806 0.10093469665022803 0.030232874275053768 0.04874658267027256
0 0.5415053674497985 0.9030938966025029 0.03250576929603177 0.05813976400381797
0 0.5267302885920637 0.10959788792968506 0.036341164317009955 0.06755112667090887
0 0.4880113307086125 0.12490526193509391 0.029143970955705888 0.054978401336727115
0 0.735630769296032 0.04930363590073184 0.03454186597668389 0.06440794533736346
5 0.24696120083448134 0.18400973130172874 0.038377260997662074 0.07381930800445433
0 0.6669166580932326 0.07121554591027686 0.03094326929603177 0.058121582670272565
0 0.6759984280139646 0.222024067910595 0.03622276514684693 0.06598862667090888
0 0.5667632927412486 0.10131267325750348 0.03454186597668389 0.06440794533736346
0 0.07018093881113399 0.5856375079965002 0.046473180913749565 0.0364465773392725
0 0.5426629419114116 0.1031569839274579 0.03622276514684693 0.06598862667090888
0 0.1761643713752687 0.24035118531191008 0.0381404626573361 0.07069430800445434
0 0.5296933742982757 0.9845529819382755 0.026539189212119396 0.020603401336727244
0 0.8854605514638256 0.4580781045512781 0.04166728174358667 0.03482953333863605
0 0.6927715309183939 0.21635532324159518 0.032387370125868745 0.056577264003817976
0 0.8835023520792369 0.17425708788195998 0.0323873701258691 0.05657726400381802
0 0.15460775747317718 0.17257333931413726 0.03262416846619489 0.05970226400381802
0 0.6828493114125805 0.06477464190804968 0.036341164317009955 0.06755112667090887
0 0.5840691919114117 0.10267517858850361 0.03657796265733602 0.07067612667090888
0 0.5792789772027052 0.9785024292648213 0.02424298340326043 0.031504538669636165