0 0.256051658792491 0.5450827997741211 0.0309424651536097 0.03766659997176518
0 0.6265328614170469 0.9510337520661384 0.029379965153609612 0.03757559471009344
0 0.6191816305695227 0.6512157625894822 0.034231156260602094 0.04253611049510884
0 0.26194948392756723 0.6023415629283007 0.034176592558271414 0.040973610495108836
0 0.2569370909138089 0.6597445392507774 0.034176592558271414 0.040973610495108836
0 0.6324356318354669 0.8968012783744979 0.02609127404661713 0.032706084186749605
0 0.4755654843909034 0.08851209428657028 0.030997028855940557 0.03922909997176514
0 0.5669072470047751 0.06966265472520936 0.032668656260602266 0.04244510523343699
0 0.6939211918247827 0.4918400335655825 0.052872028855940556 0.040503173635170954
0 0.4255978439938518 0.95726282331047 0.030997028855940557 0.03922909997176518
0 0.5202132962791357 0.04979049950588981 0.034176592558271324 0.04097361049510882
0 0.7266617368379741 0.2684249203690506 0.04791171034428636 0.03241765785015547
5 0.37416176333166196 0.4443687101845253 0.05766865626060227 0.043901189420186525
0 0.24566726341647996 0.7612237392648948 0.03423115626060227 0.04253611049510866
0 0.6218652087846417 0.9877932155167845 0.031051592558271324 0.024413568966431144
0 0.5600421773119945 0.14099162315517827 0.034449411069925696 0.048786110495108836
0 0.10947679227242049 0.790715276237772 0.06331845553496285 0.027077710466874017
0 0.11686021713734425 0.7342300578078031 0.06811508293962457 0.030475726251889414
0 0.13835572730414528 0.5460244025178964 0.06488095553496284 0.027168715728545935
0 0.5104960450980094 0.12874995741251502 0.03434028366526398 0.045661110495108834
0 0.11102936858862307 0.7681955341302797 0.06800595553496284 0.02735072625188941
0 0.1345685283926044 0.5715326367328808 0.06488095553496284 0.027168715728545935
0 0.12895593465320662 0.6117481130553577 0.06800595553496284 0.02735072625188941
0 0.9656647278522994 0.39227746225066384 0.058467264427970275 0.022117194681858444
0 0.20037948983319898 0.20112840244730928 0.07124008293962455 0.030657736775233247
0 0.10199160825218603 0.30844880780780315 0.07113095553496285 0.027532736775233248
0 0.27088302902557654 0.7018788313441522 0.0664980192372937 0.028822220990217674
0 0.059908257256394135 0.1750146815276788 0.03664682813030114 0.022405621018452494
0 0.12016626641170483 0.7172700709619828 0.06008432813030114 0.02377069994353036
0 0.27008442085820855 0.7236628260824803 0.05701389183263199 0.025151189420186525
0 0.1297941713215447 0.18922066567207607 0.061755955534962846 0.026986705205202098
0 0.1366419490811769 0.630907636732881 0.0711855192372937 0.029095236775233246
0 0.14403280842967128 0.5299821735645839 0.05534226442797028 0.021935184158514788
0 0.1305085109694092 0.5892283709478654 0.06644345553496285 0.027259720990217673
0 0.6586036736837974 0.060969465163848456 0.03341270072563951 0.019098610495108814
0 0.24570944735189637 0.9187177208490432 0.05550595553496285 0.02662268415851443