0 0.44908476371018013 0.420806008931749 0.03261409255827132 0.039607970779006865
0 0.4599974710592415 0.35424975446752216 0.03255952885594056 0.038045470779006864
0 0.7377454704262693 0.4719831306869858 0.03412202885594055 0.03807274431795715
0 0.413439962706539 0.12239182833078406 0.027708337748947896 0.03327615016215577
0 0.754955306994091 0.3592513056059079 0.037410719962933214 0.042814791395857824
0 0.7421080774125108 0.41412972037856033 0.035739092558271325 0.03966251785690744
0 0.4977751686200199 0.9493207467568844 0.032668656260602266 0.04117047077900686
0 0.42257676117829135 0.911594650165451 0.03255952885594056 0.038045470779006864
0 0.41743794882672286 0.3432810267886565 0.04059028366526398 0.04443183847375849
0 0.3083282997376967 0.5388174435899037 0.04823909255827141 0.03988070616851012
0 0.47173606842683624 0.308759976464345 0.027708337748947896 0.033276150162155814
5 0.40892099974554597 0.9672679517075785 0.03757441106992569 0.04750229139585756
0 0.35288188630551837 0.4256083315771949 0.03428571996293313 0.04276024431795715
0 0.4805133569014236 0.2586372455390684 0.034176592558271324 0.039635244317957154
0 0.4064979927436059 0.16467478571711025 0.03579365626060227 0.041225017856907485
0 0.4387251941022175 0.024353748785479298 0.032668656260602266 0.041170470779006804
0 0.45955840600614817 0.9257838352306429 0.03590278366526398 0.04435001785690744
5 0.36767844085253854 0.9633032004897626 0.037410719962933034 0.04281479139585755
0 0.8627008304077357 0.4487211343404338 0.06822421034428601 0.03086026217486477
5 0.39964775890085663 0.4279151254086847 0.039191474772256554 0.0490920649348082
0 0.7787871657944312 0.2581154995995535 0.038973219962933216 0.0428420649348082
0 0.13902024983036396 0.6471771887186397 0.06822421034428627 0.03086026217486477
0 0.7494791225105203 0.3148427865311844 0.06822421034428636 0.030860262174864594
0 0.8990252547245055 0.30286316356142695 0.058740082939624474 0.02757162094116259
0 0.8687970629845406 0.4306569269541075 0.06504464664195524 0.029243215096963836
0 0.9133531387525892 0.2503012252498243 0.06660714664195524 0.029270488635914305
0 0.9212028442875517 0.2267409943245477 0.06191964664195524 0.02918866801906326
0 0.9035317054501448 0.28560747971405115 0.07140377404661713 0.03247730925276535
0 0.8167111962948341 0.826637628658391 0.06186508293962447 0.027626168019063257
0 0.7561829240623156 0.8159825466774542 0.07140377404661713 0.032477309252765
0 0.8534250341286 0.4684023888046607 0.06191964664195524 0.02918866801906326
0 0.8872593092715256 0.8410216826361505 0.03664682813030105 0.020939791395857554
0 0.7509697006408214 0.29451664976170927 0.06030258293962447 0.02759889448011297
0 0.8750569866683382 0.40790521956778136 0.06660714664195524 0.029270488635914305
0 0.7890674452833438 0.09787742898270246 0.05879464664195542 0.02913412094116259
0 0.8480554878494644 0.48801545942151164 0.0571230192372937 0.02598184740221221
0 0.440969607912914 0.9885702073896215 0.026780754809323425 0.00671365016215546
0 0.3789086067317876 0.9100145592560607 0.03762897477225655 0.04906479139585791
0 0.8733680010963084 0.3891961298762069 0.06822421034428601 0.030860262174864594
0 0.007676057627063068 0.5114323778410215 0.015352115254126136 0.024010244317957154
4 0.05148805581296453 0.6057766672082844 0.10297611162592905 0.0439875535707225