0 0.3806067879860901 0.6337721154038448 0.029525673916276675 0.03601309471009344
0 0.5488566526617383 0.09853110737016273 0.02789950692008212 0.034359589448421435
0 0.4254218808757274 0.5909622600998207 0.027963173916276673 0.035922089448421346
0 0.5086600755894318 0.06643196793585873 0.03127917490485963 0.04079159997176514
0 0.43336307897511084 0.8381025706090469 0.031279174904859805 0.04079159997176518
0 0.46250265859323736 0.06530981271653917 0.02815417490485981 0.04060958944842143
0 0.38407405030619873 0.9714919232822352 0.031342841901054186 0.04235409997176518
0 0.5947275681750581 0.10668451258948226 0.02783583992388792 0.03279708944842143
0 0.35151485418398176 0.7135205285862594 0.03121550790866543 0.03922909997176518
0 0.8863089372249686 0.3499842754613132 0.06638900395433253 0.022572220990217672
0 0.33173957057215386 0.8721219838620486 0.02620967292769345 0.031143584186749607
0 0.41455990711036267 0.06956540223554777 0.03121550790866543 0.03922909997176514
0 0.36451880334631037 0.16375574701622825 0.031279174904859805 0.04079159997176514
0 0.3828032993547966 0.5798658654038448 0.029716674904859807 0.04070059471009344
0 0.3326362257053502 0.9269914943853923 0.027963173916276673 0.035922089448421346
0 0.8787776215213684 0.26575348862961023 0.05851283695813834 0.020554694681858443
0 0.9548453730042432 0.2631359938206949 0.04445033695813834 0.019735647326811722
0 0.3355092163138099 0.9717957601704079 0.03121550790866543 0.03922909997176518
0 0.33252872673111433 0.5260359391378379 0.029589340912471052 0.037575594710093266
0 0.5473379150190281 0.0397098442159831 0.03032416996194396 0.017354099971765135
0 0.7191307771116752 0.705173762448308 0.029716674904859807 0.04070059471009326
0 0.7251818003433798 0.5951085177099797 0.02789950692008212 0.034359589448421345
0 0.8536119119789163 0.8641454859987743 0.06313666996194414 0.01926521046687384
0 0.8122758710270768 0.2642295150085567 0.06326400395433289 0.022390210466874016
5 0.5444052801146058 0.2846506178935064 0.07184050790866543 0.041595236775233246
0 0.7190472054765762 0.6495685045558002 0.03127917490485963 0.04079159997176518
0 0.7016594342220379 0.7495762098315895 0.06482650395433272 0.022481215728545934
0 0.8489071659332492 0.8450769675829228 0.06482650395433254 0.022481215728545577
0 0.5129854782511701 0.13324774161338204 0.02809050790866543 0.03904708944842143
0 0.04533376874589927 0.30961719468185844 0.06339133794672148 0.025515210466874015
0 0.55832715315603 0.09673338894019382 0.026209672927693363 0.031143584186749583
5 0.4232890365032153 0.6433060100998207 0.02971667490485963 0.04070059471009344
0 0.4667325607606842 0.1344693363940625 0.031342841901054186 0.04235409997176513
0 0.05066059730108059 0.3326374657285458 0.0727026709505271 0.024498742036905073
0 0.8473247612943444 0.7878182044287433 0.05695033695813834 0.020463689420186525
0 0.7029659717510175 0.9673552440324565 0.06638900395433271 0.022572220990217672
0 0.702426096769608 0.7691984650932613 0.07120383794672147 0.025970236775233246
0 0.721115088366651 0.8102252834949955 0.03446784190105419 0.04253611049510866
0 0.8520295073400117 0.8068867228445947 0.0791436719391104 0.0295502630835923
0 0.8367957795831332 0.7002804070736965 0.07114017095052709 0.024407736775233245
0 0.8446547005336603 0.6803774307512199 0.07426517095052709 0.0245897472985769
0 0.8462636214841872 0.6601104333820558 0.06964133794672164 0.02587923151356151
0 0.8462782089366172 0.64053368075122 0.0727026709505271 0.024498742036904986
0 0.8409195468833387 0.6182946597045325 0.07582767095052709 0.02468075256024882
0 0.8393079673395742 0.6001894018120247 0.05851283695813834 0.020554694681858443