0 0.6251824255601353 0.8350123184766728 0.03361613680346807 0.04281021287323483
0 0.6419317678511541 0.641666510062584 0.028473610495108836 0.03466993094224939
0 0.6341045863234753 0.5874324781315988 0.030036110495108837 0.03477919158591121
0 0.6054930098880591 0.7107007333273789 0.03517863680346807 0.04291947351689647
0 0.47044317570130956 0.6763589482943007 0.03178062101845249 0.038013452229573017
0 0.40822899992941286 0.1024626263865585 0.030036110495108837 0.03477919158591121
0 0.5926451284168501 0.596982440752732 0.028655621018452492 0.037794930942249394
0 0.7220798123636033 0.8822475874182079 0.03472361049510884 0.03510697351689629
0 0.49184586575678074 0.06862821178795393 0.030400131541796327 0.04102919158591123
0 0.4485508920651399 0.07338141376542535 0.032053636803468066 0.04270095222957297
0 0.7285943938489299 0.9805031859735415 0.03030912628012441 0.03899362805291702
0 0.030458857652511395 0.2557801064366173 0.03234206314006218 0.020935212873234653
0 0.6683254808076896 0.8543686058555396 0.03821263154179633 0.04157549480421992
0 0.6472331888554892 0.6926116510280768 0.028655621018452492 0.037794930942249394
0 0.7260462465221181 0.9369897177400386 0.030127115756780752 0.036341691585911204
0 0.6147916861540661 0.7634815259020259 0.0383946420651398 0.04470049480421991
0 0.6781261440606914 0.755461212292157 0.03977513154179633 0.04168475544788173
0 0.09916335502167548 0.2598063247577337 0.058904563140062184 0.022792643815484227
0 0.7141539202984634 0.8396776751653917 0.028655621018452492 0.037794930942249394
0 0.31191731513561355 0.7065113519971419 0.03187162628012441 0.03957595222957302
0 0.19959786761115775 0.8620515217915266 0.07149556840173403 0.025229228964778017
0 0.37390647881213823 0.167754490616846 0.032144642065139985 0.044263452229572973
5 0.6010715494211852 0.6481461030055481 0.03517863680346807 0.04291947351689629
0 0.33546820720075354 0.7501738706865753 0.06671706314006212 0.023338947033792933
0 0.6859015757295445 0.6618586777632818 0.028655621018452492 0.037794930942249394
0 0.2007130465785878 0.841121662757019 0.07158657366340586 0.026791728964778373
0 0.2936916889260764 0.5939731471696789 0.028473610495108836 0.03466993094224939
0 0.19500210189672934 0.7831452717915266 0.06202956314006221 0.023011165102807672
0 0.30556162834626294 0.6508240807098185 0.03196263154179624 0.04113845222957302
0 0.18064492833214554 0.6568723488950488 0.06837056840173403 0.025010707677454568
0 0.4497563472703421 0.13415502279993274 0.03352513154179633 0.0412477128732347
0 0.18104747575777932 0.5969892505042032 0.05091005261671851 0.019121340597175518
0 0.16690459186749584 0.2606529127570192 0.06515456314006221 0.02322968639013112
0 0.18033411519208334 0.6381769792168797 0.07774556840173404 0.025666271539424912
0 0.18439228363616963 0.6143406414696957 0.0682795631400622 0.023448207677454747
0 0.49828485253201393 0.13910460275344655 0.0340711631118273 0.0506227128732347
5 0.06570538389028346 0.33994193898802116 0.08105257892507774 0.029009792826748537
0 0.1834815019955514 0.6788566095387105 0.07627407366340586 0.027119510895763276
0 0.19468431250477763 0.6975355537225117 0.0760920631400622 0.023994510895763276
0 0.19379591766762747 0.802512630826034 0.07949007892507778 0.028900532183086726
0 0.3366512756024876 0.7704863706865753 0.06221157366340595 0.026136165102807675
0 0.32412815977511966 0.8092921445717888 0.03526964206513998 0.04448197351689629
0 0.3621349359423046 0.967563466479531 0.07783657366340586 0.027228771539424913