0 0.7001491935833132 0.5789085708831699 0.05534206493480802 0.04196410151720879
0 0.5286348835197691 0.38949473982888244 0.02718979139585791 0.038105777879787084
3 0.4387796765404799 0.21688602937759915 0.05012845941492117 0.10082891848667064
0 0.28504675040374183 0.28420055938341815 0.03193183847375849 0.0416134151526907
0 0.5687800113574951 0.8517238017973746 0.03031479139585791 0.03836086939505634
0 0.284466097805954 0.3405781051410527 0.03193183847375849 0.0416134151526907
0 0.27452408197764144 0.39850217544449446 0.028725017856907443 0.03667082363742171
0 0.5786427917995995 0.2962232298269428 0.03031479139585791 0.03836086939505616
0 0.6817290612813602 0.1063001183077944 0.023955697240056396 0.03160068636451805
0 0.6179120231319132 0.12559199437081034 0.03193183847375849 0.0416134151526907
0 0.5739236586802772 0.6533660501303846 0.03193183847375849 0.04161341515269079
0 0.5665238104639907 0.9465739161914609 0.02998750892845372 0.01961086939505634
0 0.6815460547885385 0.013035242184435336 0.028779564934808023 0.02607048436887067
5 0.5203482398471397 0.9456490160416795 0.03171365016215581 0.029113415152690437
0 0.524012982136502 0.886672628768776 0.03204093262956 0.04786341515269079
0 0.4855592191541537 0.2075909066485631 0.0319045649348082 0.0400509151526907
0 0.2871393100635442 0.17997544498933182 0.03505683847375849 0.041868506667959784
0 0.4320806266166149 0.953636601348031 0.03311250892845372 0.01986596091032524
0 0.6777097629856434 0.144964005580698 0.028752291395857908 0.03823332363742162
0 0.532377492286067 0.3798008754347961 0.028752291395857908 0.03823332363742162
0 0.8097832922033416 0.5848241178487524 0.06614319724005639 0.035044421820650484
0 0.15681838473758497 0.3783806072670846 0.0643897824674041 0.023979376063015943
5 0.627353027189103 0.30789431134027223 0.035165932629560005 0.04811850666795978
0 0.05090317004436286 0.6303413331803194 0.06756932954530474 0.027359467578284936
0 0.15715575527500575 0.12877921999418102 0.06441705600635439 0.025541876063015945
0 0.6072169943113666 0.947163976492963 0.029851141233702094 0.011798369395056341
0 0.15600235835926085 0.15234426575181553 0.06754205600635439 0.025796967578285025
5 0.14666568343704348 0.6483422919646127 0.07225682954530477 0.027742104851188644
0 0.9215214074624611 0.6664571419355176 0.0706670560063543 0.02605205909355419
0 0.9466401842478224 0.7160426826921824 0.0644170560063543 0.025541876063016035
0 0.1589324894466932 0.18574669711536373 0.07069432954530477 0.027614559093554102
0 0.3070211619299833 0.2432886458977174 0.06447160308425506 0.028666876063015944
0 0.1563683713449044 0.3525993572670846 0.06597955600635438 0.025669421820650483
0 0.1564132357932452 0.31034808438826733 0.06597955600635438 0.025669421820650483
0 0.034748110384560466 0.7357143593931165 0.04413182954530476 0.02544628121376711
0 0.31563468262955985 0.01961202983664113 0.05816705600635448 0.02503169303247781
0 0.17789413838773765 0.7342001725695566 0.07225682954530477 0.027742104851188644
0 0.16336839366603875 0.3950579242365465 0.05339773538950343 0.019961555759574166
0 0.11059754423193632 0.7334346401478415 0.06129205600635439 0.025286784547746778
0 0.16082227191409726 0.2043691513577292 0.058112508928453724 0.021906693032477786
0 0.5982770020252997 0.5246352722505974 0.030260244317957152 0.035235869395056164
0 0.3042819456152034 0.2208237145341692 0.059729556006354476 0.025159238790112327
0 0.16707800040374182 0.2938302640848256 0.0706670560063544 0.026052059093554104
0 0.15449222564697548 0.3347581530247191 0.06441705600635439 0.025541876063015945
5 0.035687273128617955 0.6550542907566647 0.048846603084255105 0.02739141848667064