0 0.67421875 0.4515625 0.03515625 0.025
0 0.5671875 0.49765625 0.03359375 0.0265625
0 0.675 0.74140625 0.0359375 0.02734375
0 0.60625 0.3625 0.034375 0.0265625
0 0.5984375 0.40546875 0.0328125 0.02421875
0 0.61796875 0.74140625 0.0359375 0.02734375
5 0.6125 0.446875 0.03828125 0.02578125
0 0.55078125 0.40625 0.034375 0.0265625
0 0.79453125 0.4453125 0.03671875 0.0265625
0 0.071875 0.57734375 0.03359375 0.025
0 0.76328125 0.38984375 0.03203125 0.02734375
0 0.89296875 0.4046875 0.0328125 0.0265625
0 0.03359375 0.490625 0.03828125 0.02734375
0 0.00859375 0.575 0.0171875 0.0265625
0 0.5578125 0.44921875 0.0359375 0.02578125
0 0.04375 0.53515625 0.03671875 0.02578125
0 0.69140625 0.371875 0.03359375 0.02890625
0 0.56328125 0.74921875 0.0328125 0.0265625
0 0.7265625 0.44765625 0.03671875 0.0265625
0 0.8421875 0.353125 0.028125 0.02265625
0 0.6546875 0.40546875 0.0328125 0.02578125
0 0.94140625 0.35546875 0.03671875 0.0265625
0 0.8015625 0.35390625 0.0359375 0.0265625
0 0.78046875 0.74296875 0.0359375 0.028125
0 0.81171875 0.87109375 0.01640625 0.065625
0 0.1203125 0.54140625 0.0375 0.02734375
0 0.584375 0.8671875 0.01484375 0.06328125
0 0.23125 0.9796875 0.0140625 0.040625
0 0.609375 0.86953125 0.01484375 0.065625
0 0.75703125 0.86953125 0.0140625 0.05546875
0 0.38515625 0.11484375 0.01328125 0.0578125
0 0.71875 0.72421875 0.01640625 0.06328125
0 0.73828125 0.721875 0.015625 0.05625
0 0.83046875 0.87265625 0.0140625 0.0609375
0 0.2328125 0.9078125 0.0140625 0.05703125
0 0.62734375 0.8703125 0.015625 0.0640625
0 0.56796875 0.86328125 0.0125 0.05078125
5 0.31796875 0.87421875 0.015625 0.0703125
0 0.775 0.8734375 0.01640625 0.0671875
0 0.93359375 0.71875 0.0171875 0.0625
0 0.23203125 0.84296875 0.0171875 0.06796875
0 0.66875 0.8609375 0.01640625 0.06796875
0 0.65078125 0.86875 0.015625 0.0625
0 0.259375 0.9796875 0.01640625 0.040625
0 0.11015625 0.49375 0.04296875 0.028125