0 0.6970989826145934 0.39992279844007006 0.04104317067154532 0.03688305737069451
0 0.8428751066200022 0.36346123441986183 0.047347714672181594 0.041716027735416716
5 0.5149859166136388 0.4027172240675352 0.053652258672817865 0.046548998100139016
0 0.09795076857895857 0.6485485624046875 0.04104317067154524 0.036883057370694416
5 0.7054932852880476 0.3501046363959728 0.05049089600572696 0.04335126291777787
0 0.5410666112746846 0.4447417231176046 0.047347714672181594 0.041716027735416716
0 0.647725691279457 0.4120584693178825 0.03473862667090888 0.0320500870059723
0 0.9115620192950473 0.30332447463621603 0.045748852005090865 0.03855466014423614
0 0.10060305390677701 0.6892462975870487 0.04731135200509069 0.038591027735416714
0 0.5941648866168204 0.3811162874221533 0.048946577339272324 0.0448773953265972
0 0.7884063299650016 0.27623268493295206 0.033139764003817976 0.028888719414791632
0 0.8847909813017288 0.2534692917905563 0.0394443080044546 0.03372168977951393
0 0.4176098352562308 0.5778425510055212 0.039607940006363404 0.04778418977951393
0 0.6038302406110935 0.42354017676482697 0.04578521467218159 0.041679660144236054
0 0.4340631806174568 0.3727011093261462 0.0442227146721816 0.041643292553055565
0 0.8350364293045921 0.2312117788727785 0.0316136266709087 0.031977351823611146
0 0.41137527987750566 0.9121629996187505 0.033594297342454026 0.0679512194147918
0 0.751542129296638 0.287878046540209 0.03944430800445424 0.03372168977951393
0 0.34191620786923327 0.9711424755408856 0.02723520934118149 0.05771504891822872
0 0.3656446092059604 0.9470458394745143 0.031995434675363296 0.06478985182361115
0 0.8902917152291867 0.7881170487244105 0.03839088534372692 0.07743532218833327
4 0.4813365279280942 0.5410341884483337 0.06787839067472703 0.06093880642076392
5 0.04544338657704958 0.6613927481001389 0.04416817067154523 0.03695579255305557
0 0.44747641187941467 0.8989369542159033 0.03361247867599957 0.06951371941479181
0 0.6731411252387316 0.7127312697547228 0.04731135200509069 0.038591027735416714
0 0.6958508245544597 0.8429824674180214 0.025599984006999678 0.05214438145888885
0 0.0812178019175947 0.6090860189017014 0.05359771467218157 0.04186149810013902
0 0.6717047998886414 0.8361687697547229 0.028761346674090405 0.055342116641249814
0 0.9098775092298229 0.7838841436141675 0.030396572008272216 0.06162848423243048
0 0.16773874661841132 0.35946918502986125 0.04146134134309047 0.07282055737069451
0 0.7642842932447769 0.6703093400431951 0.031995434675363296 0.06478985182361115
0 0.32392073321136927 0.9062201645126391 0.03199543467536321 0.06478985182361115
0 0.8640063139720013 0.2264158293096188 0.02374658267027243 0.027108013867708357
0 0.9098593278962774 0.7854466436141674 0.03359429734245438 0.0679512194147918
0 0.7116121845560505 0.8316273933298269 0.0288704346753633 0.06471711664125017
0 0.8369849018937321 0.8025055506242715 0.02723520934118149 0.05843074905006951
0 0.7327786598902323 0.8258683558107645 0.030396572008272216 0.06162848423243048
0 0.7838882685789585 0.6645139349329521 0.03506589067472685 0.060175087005972294
5 0.0287104199156857 0.6219302045971528 0.04731135200509068 0.038591027735416714
0 0.8267842932447766 0.6717640436904173 0.04729317067154497 0.03702852773541672
0 0.9720427965865946 0.6126280458746189 0.03837270401018138 0.07587282218833344
0 0.7264752105745043 0.6959990178548617 0.047347714672181594 0.041716027735416716
0 0.6205610179026408 0.7318254554501741 0.047347714672181594 0.041716027735416716
0 0.7493394512253686 0.8129689655181604 0.03522952267663584 0.07423758700597212
0 0.8534366052275957 0.7989811603316673 0.03839088534372692 0.07743532218833327