0 0.75703125 0.37935435205601487 0.0265625 0.03482528589277143
0 0.35546875 0.07150168878791205 0.025 0.034706886722608375
0 0.3890625 0.366612356629407 0.028125 0.03963118506293437
0 0.74609375 0.3239331462471561 0.028125 0.03806868506293446
0 0.74609375 0.26612064624715603 0.028125 0.03806868506293446
0 0.3546875 0.12624838837299354 0.021875 0.029782588382282336
0 0.5796875 0.8888864078695182 0.025 0.03626938672260849
0 0.49140625 0.930732210983729 0.0265625 0.03951278589277152
0 0.32890625 0.5438269746806835 0.0484375 0.03492037427505359
0 0.553125 0.015845068561796852 0.025 0.031690137123593705
0 0.53828125 0.9396802358788381 0.028125 0.039631185062934546
0 0.31640625 0.7736804180419876 0.04375 0.028315176764564676
5 0.64921875 0.5093988947972635 0.053125 0.03840057178554268
0 0.7484375 0.1628180474919115 0.028125 0.03963118506293446
0 0.35625 0.02534873920283054 0.025 0.03783188672260838
0 0.4921875 0.8580167613986476 0.028125 0.04588118506293455
0 0.8796875 0.09896626719821751 0.0609375 0.02024256763635792
0 0.87734375 0.15617511595346203 0.065625 0.023722765146847014
0 0.87265625 0.34871781346395114 0.0625 0.020360966806520952
0 0.5421875 0.8573529879534305 0.028125 0.04275618506293455
0 0.88046875 0.12156331761313599 0.065625 0.020597765146847014
0 0.87421875 0.32281816429378807 0.0625 0.020360966806520952
0 0.8765625 0.28123431553854356 0.065625 0.020597765146847014
0 0.06953125 0.7119187369277455 0.05625 0.01676237012586874
0 0.84140625 0.7065545468672116 0.06875 0.023959563487172986
0 0.9296875 0.5748649937530008 0.06875 0.020834563487172986
0 0.728125 0.2276384867040308 0.0640625 0.022041865976683984
0 0.9828125 0.6966206719674579 0.034375 0.01822978174358649
0 0.87578125 0.17426226512362505 0.0578125 0.01844326929603186
0 0.72734375 0.20582268628911232 0.0546875 0.01976897095570589
0 0.9125 0.7003861346247939 0.059375 0.020124168466194803
0 0.8671875 0.26397596055952166 0.06875 0.022397063487173074
0 0.86875 0.3662013113893587 0.053125 0.01652557178554286
0 0.8765625 0.30389056553854354 0.0640625 0.020479365976683983
0 0.4015625 0.962540163268103 0.03125 0.016430483403260608
0 0.734375 0.008338837958075069 0.053125 0.016677675916150138