0 0.4218228261465666 0.7037955334435945 0.026200401451278842 0.03612317029858776
0 0.5652033262313846 0.3880280578330111 0.03255952885594056 0.039685212873234656
0 0.5566765197006298 0.5424970365456876 0.029379965153609612 0.037904191585911205
0 0.5151288820443491 0.6782106614196369 0.030997028855940557 0.03957595222957302
0 0.4266417901190499 0.5882251637654253 0.026200401451278842 0.036123170298587935
0 0.4160068465649866 0.7582098818344402 0.027762901451278844 0.03623243094224957
0 0.41045376181126353 0.8275226105471166 0.02781746515360961 0.03779493094224975
0 0.3799651975607785 0.6241191050992351 0.02609127404661713 0.03299817029858776
0 0.55103412179273 0.8162076881548419 0.02921627404661713 0.03321669158591121
0 0.3839185767795387 0.5781892460647277 0.026145837748947985 0.03456067029858776
0 0.315984509997165 0.8639903522492434 0.02280258293962456 0.028092149011264313
0 0.5551536813187097 0.698238938154842 0.02921627404661713 0.03321669158591121
0 0.5192410070867581 0.515601400775975 0.02921627404661713 0.03321669158591121
0 0.47394337605389936 0.6017138633971083 0.027762901451278844 0.03623243094224939
0 0.5055727996528787 0.9070076507759751 0.02921627404661713 0.03321669158591121
0 0.3140549330479902 0.9640996128929051 0.0262549651536097 0.03768567029858794
0 0.33477918313280824 0.6397551767548756 0.026036710344286274 0.03143567029858776
0 0.5755679404740204 0.1585044487985037 0.029434528855940556 0.03946669158591125
0 0.3502727191603249 0.7567459348006473 0.03735615626060227 0.04313799480421991
0 0.3427777108076224 0.5228408283640299 0.02754464664195542 0.029982430942249394
0 0.9705852853945445 0.30673304325407696 0.04278770072563916 0.02013753737886681
0 0.14474449329176003 0.3852540750098352 0.0696230192372937 0.029807468321116293
0 0.5294196267716895 0.1568437598104825 0.02609127404661713 0.03299817029858776
0 0.40957081889017244 0.8752334908689475 0.029270837748947898 0.03477919158591121
0 0.3052355599893158 0.4317188016288248 0.048020837748947984 0.03609031930985207
0 0.8356248874018266 0.8971945162667705 0.061537700725639154 0.021448665102807497
0 0.3189929481089327 0.8226933628929052 0.026200401451278842 0.036123170298587935
0 0.4898239026324053 0.07967497243161567 0.029489092558271323 0.04102919158591123
0 0.5356101177860149 0.04685140077597512 0.028670637023308566 0.01759169158591123
3 0.9301189981010834 0.433907548449857 0.11499008293962447 0.03453852698730664
0 0.18989579138499427 0.32575874271053296 0.06956845553496285 0.028244968321116382
0 0.46065970308789217 0.17474717181119703 0.03255952885594056 0.0396852128732347
0 0.8411829505560033 0.6931790056231086 0.0662252007256395 0.021776447033792935
0 0.5187747595338289 0.3495393582013282 0.034176592558271324 0.04135697351689647
0 0.8339359018297969 0.8782806253012778 0.06622520072563916 0.021776447033792935
0 0.8970659398410483 0.30394154300197546 0.05992063702330839 0.01977690445914595
0 0.4181596898410483 0.2704531557196536 0.057614092558271324 0.042995883171822416
5 0.9670758502780018 0.3848034129322461 0.0444593281303014 0.023371798022528624
0 0.6943501013743101 0.771408276406229 0.06622520072563934 0.021776447033792935
0 0.7247791897562301 0.6176876967048168 0.027708337748947896 0.03466993094224939
0 0.8370063712445759 0.6333669630484617 0.05049107332097762 0.017558840597175517
0 0.5257589134321783 0.1495393582013282 0.02609127404661713 0.03299817029858776
0 0.840391776872206 0.7158352556231087 0.06304563702330838 0.019995425746469307
0 0.37638384057453683 0.6818223444555733 0.029270837748947988 0.03477919158591121
0 0.8314682216922137 0.2985713459681826 0.06310020072563952 0.0215579257464694
0 0.46757183576521344 0.6944640921097849 0.02932540145127884 0.036341691585911204
0 0.8433729331328081 0.6753195162667703 0.06773313702330838 0.020323207677454568
5 0.8559746591710091 0.38173340723226296 0.06935020072563951 0.02199496832111638
5 0.4200172786863045 0.6433661318344401 0.026200401451278842 0.03612317029858776
0 0.7149751146211539 0.6741726434865081 0.029489092558271323 0.04102919158591121
0 0.7114756031884085 0.7295321328428462 0.030997028855940557 0.03957595222957302
0 0.69122510137431 0.7711897551189055 0.07269345553496276 0.028463489608439828
0 0.6921601187975052 0.7892677657625672 0.06477182813030105 0.024792186390131123
0 0.7094096169834068 0.8335476434865081 0.029489092558271323 0.04102919158591121
0 0.683695310452652 0.9866821301573427 0.07263889183263199 0.02663573968531452
0 0.8336655725183695 0.818741734335785 0.06778770072563951 0.021885707677454746
0 0.8407960262392338 0.8388192875540937 0.0758730192372937 0.030244510895763455
0 0.8311978261465665 0.732421822082969 0.0725843281303014 0.02533848960843983
0 0.8348436705189364 0.6504452024048 0.06935020072563916 0.021994968321116203