0 0.56796875 0.4953125 0.03359375 0.025
0 0.73984375 0.54453125 0.03203125 0.02578125
0 0.65 0.49453125 0.034375 0.02578125
5 0.6125 0.4453125 0.0375 0.0265625
3 0.38046875 0.7375 0.05 0.1609375
0 0.67578125 0.74140625 0.03671875 0.02734375
0 0.7796875 0.40625 0.03515625 0.025
0 0.35078125 0.5703125 0.03359375 0.0265625
0 0.55625 0.54140625 0.0328125 0.025
0 0.67578125 0.44921875 0.03515625 0.02578125
0 0.796875 0.44453125 0.03671875 0.02578125
0 0.61953125 0.740625 0.03515625 0.0265625
0 0.93671875 0.446875 0.03671875 0.028125
0 0.55390625 0.584375 0.0328125 0.0265625
0 0.94765625 0.54375 0.0328125 0.02578125
0 0.59921875 0.40234375 0.0328125 0.025
5 0.06796875 0.48515625 0.04765625 0.03125
0 0.4546875 0.53515625 0.0359375 0.02734375
0 0.728125 0.446875 0.0359375 0.0265625
0 0.56328125 0.74765625 0.03359375 0.0265625
0 0.559375 0.446875 0.03515625 0.0265625
0 0.5515625 0.403125 0.0359375 0.0265625
0 0.8453125 0.35234375 0.028125 0.02265625
0 0.32734375 0.221875 0.01953125 0.06015625
0 0.40625 0.2875 0.02421875 0.04765625
0 0.225 0.434375 0.034375 0.04296875
0 0.69140625 0.58203125 0.03203125 0.025
0 0.2234375 0.2578125 0.0234375 0.06484375
0 0.48828125 0.3609375 0.03515625 0.02890625
0 0.80390625 0.35390625 0.0359375 0.0265625
0 0.9453125 0.35546875 0.03671875 0.02734375
0 0.2984375 0.3453125 0.0296875 0.0578125
0 0.90390625 0.4078125 0.034375 0.0265625
0 0.65625 0.40234375 0.03359375 0.02734375
0 0.84296875 0.58671875 0.034375 0.02890625
0 0.77890625 0.74375 0.03671875 0.0296875
0 0.8125 0.871875 0.015625 0.06640625
0 0.97109375 0.590625 0.03671875 0.02890625
0 0.1609375 0.52890625 0.028125 0.02421875
5 0.30703125 0.97578125 0.01640625 0.0484375
0 0.584375 0.865625 0.01484375 0.0640625
0 0.228125 0.97734375 0.015625 0.0453125
0 0.37421875 0.11015625 0.015625 0.05546875
0 0.61015625 0.86875 0.01484375 0.06640625
0 0.56796875 0.8640625 0.01328125 0.05390625
0 0.83125 0.8734375 0.01484375 0.06171875
5 0.31640625 0.86875 0.01640625 0.07109375
0 0.7578125 0.86953125 0.0140625 0.05625
0 0.71953125 0.72421875 0.015625 0.0640625
0 0.6515625 0.86640625 0.015625 0.0625
0 0.01875 0.53125 0.03671875 0.028125
0 0.628125 0.8703125 0.015625 0.0640625
0 0.23046875 0.8328125 0.0171875 0.06875
0 0.33515625 0.02265625 0.0140625 0.0453125
0 0.84765625 0.44609375 0.034375 0.0265625
0 0.7375 0.725 0.015625 0.0546875
0 0.93515625 0.7171875 0.01484375 0.0546875
0 0.23125 0.903125 0.0140625 0.0578125
0 0.77578125 0.871875 0.01640625 0.065625
0 0.66796875 0.8609375 0.01640625 0.06796875
0 0.3859375 0.021875 0.0109375 0.04375