0 0.7090560312528834 0.41275760856941357 0.03028751785690744 0.034720445337363515
0 0.6993009760573079 0.3003939685710044 0.03190456493480802 0.03786362667090888
0 0.29296560674099836 0.5785040712921837 0.049037517856907444 0.03493862133990895
0 0.3041675284102143 0.1604898679583201 0.023955697240056396 0.02996022000318166
0 0.6991003786550956 0.35663487790423165 0.03036933847375849 0.03940794533736351
0 0.4009743445628384 0.16326887527850253 0.03031479139585791 0.036282945337363426
5 0.46012051015286026 0.9811643526018667 0.030151150162155815 0.026907945337363515
0 0.5455591781719236 0.9192450605904126 0.03198638555165907 0.04255112667090906
0 0.3051181481335609 0.06128020862509283 0.030342064934808198 0.03784544533736345
0 0.6964408031669806 0.19576101257164075 0.03193183847375849 0.039426126670908876
0 0.306624326705931 0.19873475529122922 0.03036933847375849 0.03940794533736343
0 0.8236851416407391 0.1552258245544597 0.0675420560063543 0.021094297342454115
0 0.8225106051161454 0.35676105255414153 0.0659795560063543 0.021076116008908664
0 0.8259668417234647 0.38249684922027793 0.06438978246740419 0.0194954346753633
0 0.678943611608967 0.2584519165738679 0.0675420560063543 0.021094297342454115
0 0.8204004545469525 0.20915934655477786 0.058112508928453724 0.017860209341181488
0 0.8232311741081432 0.13648491522123243 0.0644170560063543 0.021057934675363255
0 0.8251543640445991 0.33954628055382335 0.0644170560063543 0.02105793467536321
4 0.04832348823546776 0.7219471779917276 0.09426819724005646 0.030778380012726814
0 0.9566172293070141 0.7285622325350515 0.061292056006354304 0.021021572008272215
0 0.06205870576806368 0.7405335459898186 0.06748750892845375 0.017969297342454026
0 0.869816658690163 0.7342587965468237 0.058112508928453724 0.017860209341181488
0 0.8209929695644862 0.39895764322091426 0.05339773538950325 0.01624316534054504
0 0.8156935892878326 0.29982070922186876 0.0691045560063543 0.02111247867599957
5 0.927512156254531 0.6507917685391876 0.08319432954530477 0.022838610677908554
0 0.8253879634754062 0.19191730255414155 0.06756932954530477 0.022656797342454117
0 0.8247822171288541 0.3161178712205961 0.0644170560063543 0.02105793467536321
0 0.680038507306896 0.2404740759070952 0.058139782467404186 0.01942270934118149
0 0.6678908835230644 0.041437139242549624 0.061292056006354304 0.02102157200827235
0 0.4602665604771719 0.9280484432686393 0.03522047970746058 0.048837489337999786
0 0.8677650093387861 0.6280542498806874 0.0675420560063543 0.02109429734245403
0 0.8056996116122622 0.7381292312221869 0.06915910308425524 0.02423747867599957
5 0.8173831797934813 0.6505110525541415 0.0675420560063543 0.02109429734245403