0 0.7764812730826732 0.44899805144013144 0.04440461664124999 0.0286340773392725
0 0.09748214447357592 0.5458130340149538 0.03815461664125004 0.02856135200509069
0 0.1722814695117009 0.5888823286919079 0.031904616641249994 0.02848862667090888
0 0.25909179170003427 0.5523823020369074 0.03499324905006951 0.026962489337999784
0 0.8622518528704509 0.6250434781189945 0.031868249050069505 0.02692612667090888
0 0.15520372549562453 0.5503919933561353 0.031904616641249994 0.02848862667090888
0 0.205948607904444 0.5525453866963622 0.03499324905006951 0.026962489337999784
0 0.0391591917762842 0.6342210060073178 0.03655574905006946 0.026980670671545325
0 0.026444905491492688 0.44183351133831794 0.034993249050069467 0.026962489337999784
0 0.24326611673815926 0.5943970793682256 0.033394381458888844 0.02538180800445424
0 0.060075676293055214 0.40705906934277236 0.03659211664125002 0.028543170671545326
0 0.13901372141156196 0.6416346113542263 0.027071646276527785 0.022184082670272432
0 0.2691590823532288 0.45559820870463463 0.03502961664125 0.028524989337999785
0 0.36919349031326343 0.5560078360518612 0.03502961664125 0.028524989337999785
0 0.06606783710288146 0.5860834980108176 0.039717116641250015 0.028579533338636054
0 0.4202481504574996 0.5112771387253154 0.03499324905006951 0.026962489337999784
0 0.7665224319926385 0.574697485439177 0.03815461664124999 0.02856135200509069
0 0.774999346789618 0.04262078210531334 0.016861498100139018 0.05330681333545444
0 0.5507876760087148 0.6104788020766783 0.03343074905006951 0.026944308004454243
0 0.46646722739548563 0.6071532600652243 0.031868249050069505 0.02692612667090888
0 0.5354386989944788 0.43056403540736027 0.031904616641249994 0.028488626670909057
0 0.9548043352030204 0.5432854954646303 0.04447735182361114 0.0317590773392725
0 0.17729497141156197 0.6420800540260897 0.03495688145888889 0.025399989337999786
0 0.37461030176802046 0.42400385805217944 0.031868249050069505 0.02692612667090888
0 0.7708008496394096 0.12228101010499517 0.018533100873680652 0.058012494668999895
0 0.174470710296736 0.12550108135740798 0.01700696846486114 0.05955681333545444
0 0.33747201804868016 0.5087510280474069 0.03502961664125 0.028524989337999785
0 0.4373337329981596 0.14653338605981542 0.016716027735416715 0.04705681333545444
0 0.1954917251143749 0.1288715293602715 0.01871493882958335 0.0658249946689999
5 0.6984732143807986 0.04016739676158654 0.01849673328249999 0.056449994668999894
0 0.3758513723408332 0.13565897338477034 0.02027743882958344 0.06584317600254534
0 0.5689544881290619 0.7029026594127691 0.03710126291777769 0.050418170671545325
0 0.28037260533899283 0.2759925247055891 0.018714938829583437 0.0658249946689999
0 0.4193649829981596 0.14632430072404282 0.018751306420763926 0.06738749466899989
0 0.37988229606843726 0.26464703938572487 0.03815461664124999 0.02856135200509069
0 0.39607295336288184 0.13980158072086116 0.017188806420763925 0.06736931333545444
0 0.43467889884197886 0.26059588605981543 0.03183188145888884 0.025363626670908877
3 0.6140027229301733 0.27831173941754156 0.06177656743868063 0.1709852093411815
0 0.2493070561364235 0.13340503536758935 0.01693423328250008 0.05643181333545444
5 0.6872609978157985 0.15256739942708658 0.022021776785486225 0.0736738573360908
0 0.355520688545243 0.13620386604867957 0.018714938829583437 0.0658249946689999
0 0.33657066679374986 0.14457944004613424 0.018714938829583437 0.0658249946689999
0 0.32368684745520815 0.26164876137808885 0.04284211664125 0.02861589600572696
0 0.26080498774781224 0.2773277580362711 0.02013196846486114 0.059593176002545344
0 0.22061639884197898 0.2581050433640895 0.038227351823611144 0.03168635200509069
0 0.2322286589099652 0.12851754069858945 0.018787674011944498 0.0689499946689999
0 0.06572887709048589 0.2648988413430905 0.026672909194305604 0.07216590133672707
5 0.5439752847661801 0.5674191454089511 0.04284211664125 0.028615896005727136