0 0.5747965810407081 0.3038076041066799 0.034176592558271324 0.041165220542635696
0 0.5019915089008566 0.40201336906607466 0.035739092558271325 0.04126535009228505
0 0.29430303838976934 0.25552480259320703 0.03735615626060227 0.0429279796419344
0 0.6428893274125109 0.3851892095976358 0.035739092558271325 0.04126535009228505
0 0.5992211729660072 0.3856490869878168 0.03255952885594056 0.03950259099298643
0 0.279866026957024 0.3117945889904016 0.03735615626060227 0.0429279796419344
5 0.5632935966498046 0.36534588140457586 0.03428571996293321 0.04429022054263569
0 0.5866467618960816 0.43322499383536206 0.035739092558271325 0.04126535009228505
0 0.6116740768643567 0.18529863356404416 0.03584821996293304 0.04439035009228505
0 0.29669630745742703 0.8789727945736425 0.034176592558271414 0.041165220542635696
0 0.6570485750502583 0.22526349707456453 0.035684528855940555 0.039702850092285046
0 0.6764211123437193 0.09462476635289599 0.03412202885594055 0.039602720542635736
0 0.3705132641735162 0.9303665114156505 0.037410719962933124 0.0444904796419344
0 0.28282229121535823 0.9414425161960125 0.030505955534962846 0.02533996144333699
0 0.5465946807705555 0.4194221121262444 0.03423115626060227 0.0427277205426357
0 0.33057031045265195 0.9134386297065328 0.03428571996293313 0.04429022054263569
0 0.6560192991895425 0.2993821175249152 0.035739092558271325 0.04126535009228505
0 0.25775292478010575 0.3646587731358428 0.03412202885594055 0.039602720542635785
0 0.5921676195152954 0.2528063086101867 0.03584821996293304 0.04439035009228505
0 0.7133283461016504 0.15384027761166297 0.029270837748947898 0.03461483189368782
0 0.6136309025475872 0.3301605505906222 0.03255952885594056 0.03950259099298643
0 0.7362698274973289 0.05493240824104645 0.03584821996293304 0.04439035009228507
0 0.701808003543379 0.19355361968438353 0.03579365626060227 0.04282785009228505
0 0.3205604927436059 0.1509479241232919 0.03735615626060227 0.0429279796419344
0 0.2046651634321784 0.09913270512181563 0.06822421034428627 0.03399307063492081
0 0.34415415001569843 0.8369564728589876 0.037410719962933034 0.0444904796419344
0 0.1492335858500314 0.3248429063861199 0.06509921034428627 0.03379281153562212
0 0.15401285508732512 0.2995925825119966 0.06822421034428627 0.03399307063492083
0 0.19184521570176383 0.1537398619693609 0.05874008293962456 0.03026729333702489
0 0.8248287750581074 0.6440170897655939 0.06030258293962447 0.030367422886674333
0 0.32220234909687534 0.2155413502491686 0.06509921034428627 0.03379281153562212
0 0.32988836352484563 0.19634076727574662 0.05879464664195542 0.03182979333702489
0 0.20763639600898323 0.08101376079734166 0.06348214664195542 0.03213018198597284
0 0.02410213843610299 0.6660465021594684 0.04820427687220598 0.03026729333702498
0 0.15773805581296454 0.282204823412698 0.06666171034428628 0.03389294108527148
0 0.148633385124392 0.3420304063861199 0.052380955534962845 0.02674177513842757
5 0.07382432496544021 0.5869109122462162 0.07296627404661711 0.035855959283868796
0 0.1924999801297341 0.13498986196936089 0.06978671034428627 0.03409320018457009
0 0.38339285335804457 0.010585393277039043 0.06515377404661712 0.021170786554078086
0 0.08159713023025057 0.6768350053986708 0.07145833774894798 0.037318329734219446
0 0.17704361652007047 0.24277208359173078 0.07140377404661713 0.035755829734219445
0 0.16556047949676195 0.25909799043927606 0.06509921034428627 0.03379281153562221
0 0.38797607188539734 0.854415280693982 0.039191474772256554 0.05084060919158375