0 0.62578125 0.49140625 0.0375 0.0296875
5 0.34765625 0.4375 0.03828125 0.02890625
0 0.57109375 0.58828125 0.034375 0.0296875
0 0.81484375 0.50078125 0.0359375 0.02890625
0 0.015625 0.56015625 0.03046875 0.03046875
0 0.46171875 0.57578125 0.034375 0.028125
0 0.35859375 0.56875 0.03125 0.028125
0 0.94375 0.3640625 0.0359375 0.025
0 0.20234375 0.66171875 0.034375 0.04765625
0 0.8453125 0.35703125 0.02734375 0.0234375
0 0.07109375 0.47734375 0.04609375 0.03203125
0 0.696875 0.58359375 0.03359375 0.02890625
0 0.5578125 0.4953125 0.0359375 0.028125
0 0.78203125 0.59375 0.0328125 0.028125
0 0.8078125 0.3578125 0.0359375 0.0265625
0 0.16328125 0.4359375 0.03515625 0.02734375
0 0.2296875 0.896875 0.0140625 0.05703125
0 0.81171875 0.87578125 0.015625 0.06640625
0 0.83046875 0.88203125 0.0140625 0.0609375
0 0.6734375 0.7453125 0.03671875 0.0265625
0 0.7171875 0.728125 0.01484375 0.06484375
0 0.228125 0.97421875 0.01484375 0.0484375
0 0.3046875 0.959375 0.0171875 0.07890625
0 0.628125 0.87421875 0.0140625 0.0625
0 0.6484375 0.8734375 0.01171875 0.0625
5 0.3125 0.846875 0.0203125 0.08828125
0 0.01484375 0.47421875 0.0296875 0.0265625
0 0.57890625 0.59453125 0.0328125 0.0296875
0 0.61796875 0.74296875 0.03671875 0.0265625
0 0.9359375 0.73359375 0.015625 0.065625
4 0.30859375 0.0765625 0.0265625 0.10625
0 0.28671875 0.0890625 0.0234375 0.07890625
5 0.14921875 0.3796875 0.040625 0.03359375
0 0.2296875 0.83046875 0.02890625 0.07109375
0 0.33203125 0.9015625 0.0234375 0.08359375
0 0.778125 0.7484375 0.03984375 0.0328125
0 0.77109375 0.878125 0.01875 0.07578125
0 0.7515625 0.8734375 0.0171875 0.05859375
0 0.7359375 0.72734375 0.01640625 0.0609375
0 0.56171875 0.7484375 0.034375 0.034375
0 0.56484375 0.8625 0.01640625 0.05546875
0 0.584375 0.86640625 0.0171875 0.078125
0 0.60546875 0.87109375 0.0203125 0.07578125
0 0.6265625 0.87109375 0.0171875 0.0671875
0 0.646875 0.87265625 0.01640625 0.078125
0 0.66875 0.865625 0.02265625 0.071875