0 0.5314132688393745 0.41065097919624344 0.03922909997176518 0.03165279172311415
0 0.544727527014231 0.7035854296712133 0.03766659997176518 0.03157090456798421
0 0.7740249740445766 0.33718474446139146 0.04418961575678075 0.03658595318850324
0 0.05008840315318097 0.544138424355688 0.03757559471009329 0.030008404567984214
0 0.5983655504094056 0.397795775103229 0.03932010523343692 0.03321529172311406
0 0.6572653243692775 0.683667998079436 0.04088260523343692 0.033297178878243724
0 0.599225311215098 0.6906040728192369 0.04088260523343692 0.033297178878243724
5 0.0074849752541138095 0.5495119990954889 0.014969950508227619 0.035105340343633176
0 0.4897255687546699 0.324045093850136 0.03913809471009326 0.03009029172311406
0 0.6956045714560929 0.3864687714851844 0.03922909997176518 0.03165279172311406
5 0.0994884346526249 0.4582108904344901 0.04593412628012439 0.03979284034363299
0 0.813329668726435 0.2774888398934071 0.031143584186749607 0.02655585594746528
0 0.6444593004094056 0.3953801040269013 0.031143584186749607 0.02655585594746519
0 0.9132841660955991 0.273029311965103 0.04088260523343692 0.033297178878243815
5 0.21907362158314986 0.5446286680241099 0.044447220990217674 0.06775406603337367
0 0.7431811665897092 0.7998894623492158 0.025242194681858444 0.05895892017181659
5 0.3590938639024036 0.7616037268213942 0.03570925782192056 0.07820024310259513
0 0.5530188981738579 0.8153075016974807 0.02340667889684287 0.05418953301668665
0 0.7747754029414194 0.2841825751940861 0.04079159997176518 0.03173467887824373
0 0.2186299456700788 0.9667969171195988 0.02562162628012441 0.03872830732694652
0 0.04450626108804105 0.5864896986659476 0.04409861049510884 0.03502345318850324
0 0.5695616560663656 0.8121039365686183 0.0238617052052021 0.06200203301668665
0 0.7620893322617853 0.6758378086857426 0.04244510523343692 0.03337906603337348
0 0.21496516132803745 0.829129820783072 0.030657736775233247 0.07170458163720568
5 0.004462173917519696 0.506829854138443 0.008924347835039393 0.03634029172311415
0 0.18673999274277678 0.6584798060837509 0.03866765785015547 0.04875840456798421
0 0.04326155047999275 0.5008797472864666 0.05043961575678069 0.03691350180902227
0 0.7938259086972016 0.7995718798074989 0.025788226251889413 0.06833392017181641
0 0.6999001454018476 0.6604042384684976 0.025606215728545934 0.06520892017181659
0 0.8167096718513811 0.7944782660581174 0.0238617052052021 0.06200203301668683
0 0.24164990272965797 0.09014588591193433 0.026152247298576903 0.07458392017181655
0 0.6136378797580063 0.8175826526474204 0.027168715728545935 0.06529080732694617
0 0.2180831850761479 0.8959488285849881 0.025333199943530272 0.06052142017181659
4 0.26700621850055606 0.06934538500742318 0.04203485253201391 0.1065709045679843
0 0.6382206508046938 0.8100634017429093 0.025606215728545934 0.06520892017181659
0 0.24119414739739894 0.017735297377323583 0.018006547355046632 0.014963258706427274
0 0.9150092059110738 0.6312169482157216 0.0254242052052021 0.06208392017181659
0 0.5949788850196782 0.8170027985089773 0.02569722099021767 0.06677142017181659
5 0.5171379372128737 0.36155173790267076 0.047314615756780753 0.03674972749876275
0 0.6534739244822171 0.8022542237691764 0.029095236775233246 0.0716226944820761
0 0.7170876454018476 0.6595034797620704 0.025242194681858267 0.05895892017181659
0 0.7539821586972015 0.8016600022633075 0.027168715728545755 0.06529080732694652