0 0.22822304467037274 0.6953801896964263 0.03587359818322886 0.038837006920082115
0 0.22500219194521603 0.6394485246773984 0.03431109818322886 0.038773339923887915
0 0.5834852742074514 0.9028200276059668 0.03313123545613248 0.043397172927693364
0 0.35612516193939703 0.7882786610275143 0.03587359818322886 0.038837006920082115
0 0.5700121898191842 0.7530892830431742 0.03274859818322895 0.03870967292769336
0 0.629546944361112 0.8441016022068155 0.03262105242559432 0.03714717292769336
0 0.5578780780101716 0.5106444564651593 0.03274859818322895 0.03870967292769336
0 0.21065252058360748 0.586306278631731 0.03249350666795978 0.035584672927693364
0 0.4409439933320402 0.01863728827041696 0.03612868969849785 0.03727457654083392
0 0.6277610458783208 0.789668770191593 0.027550915152690793 0.032268671939110406
0 0.5150688246761919 0.5295191318643107 0.03274859818322895 0.03870967292769336
0 0.6313806402685278 0.8884100177201351 0.03274859818322877 0.03870967292769336
0 0.39583878742268486 0.025139332472332975 0.034566189698497854 0.04189833992388783
0 0.4990596401478415 0.07699630973491996 0.0393812354561323 0.043651840912471006
0 0.35639377908773506 0.06957242338480399 0.03274859818322886 0.03870967292769345
0 0.23471254754531073 0.7971191032325796 0.03612868969849785 0.04196200692008212
0 0.10719358330100556 0.8521487959319366 0.06922823212215254 0.027737680836358792
5 0.5220205842190895 0.5969785458947555 0.03612868969849785 0.04196200692008212
0 0.3946591825714962 0.0968233314837498 0.03625623545613248 0.04352450692008221
0 0.10456266193939703 0.7985290474148113 0.05959814060688351 0.02423067885919252
0 0.067874315592336 0.36086456273785056 0.06922823212215257 0.027737680836358792
0 0.09883817573435853 0.6111073018634355 0.05647314060688351 0.024103344866803766
0 0.09743517240037865 0.6282948018634357 0.06597568636451805 0.026047846843970036
0 0.24997062785069213 0.7342052677573161 0.06922823212215264 0.027737680836358792
0 0.2533188973955295 0.750420516768733 0.058163186364518005 0.02572951186299797
0 0.44178927408676527 0.09178832159791805 0.03807382697140156 0.04671317391627663
0 0.10481801133057386 0.8717118794300337 0.06584814060688352 0.024485346843970034
0 0.09695694027822609 0.6532311348672412 0.06922823212215257 0.027737680836358792
0 0.037931466201159156 0.2888914036503215 0.06116064060688349 0.024294345855386902
0 0.1052305365046009 0.2752480563120599 0.07260832363742162 0.030990014828747636
0 0.26589929041830895 0.9492426773391367 0.06297823212215263 0.02748301285158128
0 0.10700213572659986 0.8163386299243254 0.07091827787978708 0.029363847832553348
0 0.10799029300338284 0.7088444649052973 0.07248077787978709 0.029427514828747548
0 0.8775996151429923 0.19004947768251648 0.05947059484924892 0.022668178859192523
0 0.8687827245361088 0.21221097916539122 0.07235323212215264 0.027865014828747637
0 0.09549016406542893 0.6711998848672411 0.06610323212215256 0.027610346843970034
0 0.0998269777009109 0.6943827168824637 0.06935577787978711 0.02930018083635879
0 0.9416943239272857 0.2824332958575745 0.026275457576345217 0.016643671939110226