5 0.6125 0.44609375 0.03828125 0.0265625
0 0.67578125 0.740625 0.0359375 0.02734375
0 0.67421875 0.45 0.034375 0.025
0 0.7953125 0.44453125 0.0359375 0.02578125
0 0.58203125 0.496875 0.03515625 0.02578125
0 0.59765625 0.40390625 0.0328125 0.02421875
0 0.6671875 0.36875 0.03515625 0.0265625
0 0.61875 0.74140625 0.0359375 0.02734375
0 0.03984375 0.5359375 0.03828125 0.0265625
0 0.55 0.4046875 0.034375 0.02578125
0 0.79921875 0.39921875 0.0328125 0.02421875
0 0.034375 0.490625 0.0375 0.02734375
0 0.0078125 0.575 0.015625 0.02734375
0 0.5625 0.7484375 0.03203125 0.0265625
0 0.55859375 0.4484375 0.03515625 0.02578125
0 0.9421875 0.3546875 0.03671875 0.02578125
0 0.84296875 0.3515625 0.02734375 0.0234375
0 0.72421875 0.38125 0.03359375 0.0328125
0 0.7265625 0.446875 0.03671875 0.0265625
0 0.6546875 0.40390625 0.03125 0.025
0 0.06875 0.57734375 0.034375 0.02578125
0 0.77890625 0.7421875 0.03671875 0.0296875
0 0.80078125 0.353125 0.03515625 0.02734375
0 0.81171875 0.8703125 0.01640625 0.06640625
0 0.3953125 0.2578125 0.02265625 0.05859375
0 0.584375 0.86640625 0.01484375 0.06328125
0 0.61015625 0.86953125 0.015625 0.06640625
0 0.75703125 0.86953125 0.01328125 0.0546875
0 0.73671875 0.72421875 0.015625 0.0546875
0 0.23046875 0.9796875 0.01484375 0.040625
0 0.71875 0.72265625 0.01640625 0.06328125
0 0.5671875 0.8640625 0.01328125 0.053125
0 0.83046875 0.871875 0.0140625 0.0625
0 0.62734375 0.8703125 0.015625 0.06484375
0 0.25390625 0.778125 0.025 0.06640625
0 0.10390625 0.540625 0.03828125 0.0265625
0 0.2296875 0.840625 0.01640625 0.0671875
0 0.23125 0.9046875 0.0140625 0.059375
0 0.775 0.87265625 0.01640625 0.0671875
0 0.93359375 0.7171875 0.0171875 0.0609375
0 0.66796875 0.8609375 0.01640625 0.0671875
0 0.65078125 0.8671875 0.015625 0.06328125
5 0.315625 0.875 0.015625 0.0671875
0 0.1046875 0.49296875 0.04296875 0.02890625