0 0.41626118153272607 0.4407464242338602 0.04512105242559432 0.03888753737886681
5 0.6999187044115434 0.4216968674092552 0.04499350666795969 0.03732503737886681
0 0.4600905430518745 0.5445380597514711 0.04199605242559414 0.038669016091543364
0 0.22659290365293897 0.42729520147326827 0.04343100666795978 0.037215776735205
0 0.998906777360402 0.5841486828607094 0.0021864452791959367 0.038450494804219915
0 0.5709482947188643 0.5454289343733187 0.041868506667959694 0.03710651609154336
0 0.6743124107799406 0.5507723622134751 0.038615960910325244 0.03532549480421991
0 0.11364700925303364 0.2756941326676194 0.0431759151526907 0.03409077673520518
0 0.8201347069966172 0.6623604362149041 0.04652405575957417 0.05607503737886681
0 0.21225985243529263 0.2805840924387609 0.035108323637421626 0.030419473516896466
0 0.9706613812331636 0.49469269895225293 0.05475114394086304 0.04266810124083733
0 0.3350746965356356 0.5242087702789173 0.041868506667959784 0.03710651609154336
0 0.48407043486670603 0.4532903468782363 0.043431006667959696 0.037215776735205
0 0.24940826350509743 0.5239134753584818 0.04030600666795978 0.036997255447881724
0 0.24961633122346533 0.2858289673127102 0.04330346091032524 0.03565327673520517
0 0.8839109382006859 0.442616382744494 0.041868506667959694 0.03710651609154354
0 0.7666900689748075 0.893167675823344 0.029719193032477876 0.05956067029858758
0 0.18872495245468932 0.8007980394725538 0.03360946757828502 0.06915419158591121
0 0.1686037710911411 0.8045621778401564 0.030101830305381404 0.06424817029858758
0 0.3405907282084445 0.688036323497226 0.04486596091032524 0.03576253737886681
0 0.2987062460862919 0.6658224699106002 0.03360946757828502 0.06915419158591121
0 0.6826497798851328 0.9320441415465701 0.03545901000193972 0.053747712873234835
0 0.3719359362438318 0.8217721851296235 0.030229376063015945 0.06581067029858759
0 0.3512407989709282 0.8185050734972259 0.028666876063015944 0.06570140965492613
5 0.6895219200329743 0.8333499154317838 0.043207608185168486 0.09157549480421992
0 0.45187943032477806 0.5498264932916106 0.04043355242559432 0.038559755447881726
0 0.3959159569966172 0.6920247009690652 0.04486596091032524 0.03576253737886681
0 0.08008392078188036 0.6441816887359196 0.03360946757828502 0.06915419158591121
4 0.7786347962166765 0.06733751331842637 0.05580320303441759 0.11265281930985208
0 0.7987240266718392 0.08243263559448555 0.0441323793969957 0.08387225544788164
5 0.9038569053199289 0.38857909276773706 0.050318735456132656 0.04546531930985207
0 0.7738331471541571 0.8266685906740502 0.04687474212409235 0.079403276735205
0 0.6639158842772794 0.8854258676613569 0.04620506242753386 0.09023151609154353
0 0.2360627248744646 0.6780600259789005 0.05019118969849794 0.04390281930985189
0 0.2286164998793138 0.8082227733810103 0.03906224212409226 0.07885697351689629
0 0.24886522700049651 0.8060211350134079 0.03309928454774687 0.0629041915859112
0 0.28035485881338834 0.6623914673127101 0.031664330305381405 0.0643574309422494
0 0.4519426874517798 0.7046068284409046 0.04394118969849785 0.043465776735205
0 0.43606220912264904 0.8180737487394923 0.031281693032477874 0.05966993094224939
0 0.4157497091226491 0.8194941371070948 0.03775483363936125 0.08187271287323483
0 0.3947197320014664 0.8217504057965282 0.0407522878817268 0.0805287341605581
0 0.37324334472856274 0.8185379244859616 0.03529951333591956 0.07082595222957302
0 0.35273952609211096 0.8176145628535642 0.03619233363936134 0.08176345222957301
0 0.3323154557886692 0.8080428208993359 0.04205969636645772 0.07751299480421991