0 0.56796875 0.49375 0.03359375 0.025
0 0.534375 0.44296875 0.0328125 0.02578125
0 0.54921875 0.5796875 0.0328125 0.0265625
0 0.67578125 0.74296875 0.03671875 0.02734375
0 0.05625 0.3484375 0.03203125 0.02734375
5 0.46015625 0.39375 0.03671875 0.02734375
0 0.61796875 0.74140625 0.0359375 0.02734375
0 0.3328125 0.57265625 0.034375 0.02734375
0 0.62734375 0.490625 0.03671875 0.028125
0 0.45546875 0.5734375 0.0328125 0.02734375
0 0.84609375 0.35625 0.028125 0.021875
0 0.06484375 0.60546875 0.0359375 0.0265625
0 0.5625 0.75078125 0.0328125 0.0265625
5 0.0140625 0.47265625 0.028125 0.0296875
0 0.10703125 0.5625 0.03359375 0.02421875
0 0.809375 0.35703125 0.03515625 0.02578125
0 0.2265625 0.56640625 0.03671875 0.02734375
5 0.696875 0.44453125 0.03984375 0.02734375
0 0.25703125 0.8421875 0.015625 0.05859375
0 0.94609375 0.3625 0.0359375 0.02578125
0 0.56640625 0.8609375 0.0140625 0.053125
0 0.22890625 0.828125 0.01796875 0.06875
0 0.071875 0.478125 0.04296875 0.02890625
0 0.8125 0.8765625 0.01640625 0.06484375
0 0.5828125 0.8609375 0.0140625 0.06171875
0 0.60859375 0.86875 0.01640625 0.0671875
0 0.6265625 0.87109375 0.01640625 0.0640625
0 0.33515625 0.8984375 0.015625 0.06484375
0 0.75625 0.8734375 0.0140625 0.05625
0 0.71953125 0.72578125 0.01640625 0.0640625
0 0.22734375 0.975 0.01796875 0.05
5 0.3046875 0.959375 0.0203125 0.08125
0 0.83046875 0.88125 0.01484375 0.06015625
0 0.93515625 0.7296875 0.015625 0.0671875
0 0.775 0.8765625 0.01640625 0.06796875
4 0.30859375 0.0734375 0.02265625 0.10625
0 0.6671875 0.8625 0.0171875 0.0703125
0 0.73828125 0.72421875 0.01484375 0.053125
0 0.2296875 0.8953125 0.01484375 0.0578125
0 0.39140625 0.01953125 0.0109375 0.0390625
0 0.65078125 0.87109375 0.015625 0.06328125
0 0.315625 0.83203125 0.0125 0.03828125
5 0.315625 0.84375 0.0140625 0.06875
0 0.2890625 0.09140625 0.0125 0.06328125
0 0.778125 0.74765625 0.0375 0.0296875