0 0.5152132167980723 0.5555222934817318 0.034176592558271324 0.04001724623907634
0 0.5027107275978454 0.6230053101747791 0.03255952885594056 0.03840928213245363
0 0.22749745118897557 0.503018385260239 0.03412202885594055 0.03845474623907634
0 0.5445534540993824 0.8551442087628534 0.029270837748947898 0.03363085391920819
0 0.20794386462115394 0.6159730263264659 0.037410719962933124 0.043233174452321596
0 0.2215723442027339 0.5609445455267957 0.035739092558271325 0.04006271034569906
0 0.4751438437393977 0.02675844748008226 0.03423115626060227 0.0415797462390763
0 0.5495064374787955 0.06517843830888223 0.03255952885594056 0.03840928213245363
0 0.545270249830364 0.6334737972426554 0.04059028366526398 0.04488660266556703
0 0.6574230533658938 0.4389987200456244 0.04823909255827132 0.040426423198680436
0 0.490218162081416 0.6678548089211379 0.029270837748947898 0.03363085391920819
5 0.5647246989115409 0.016653156341030803 0.039136911069925694 0.033306312682061606
0 0.6105529986492376 0.5519677329777481 0.03428571996293321 0.043142246239076344
0 0.48065962360682857 0.7180821294542513 0.035739092558271325 0.04006271034569906
0 0.5530579240623156 0.8127521202830513 0.03735615626060227 0.041670674452321775
0 0.5185142545548694 0.9526784383088822 0.03423115626060227 0.04157974623907634
0 0.513333324502104 0.050621844814515225 0.03584821996293321 0.043187710345698994
5 0.6051587259533828 0.01761325692828028 0.037410719962933214 0.03522651385656056
0 0.10181540490983987 0.5261867637900536 0.06827877404661713 0.03320495658477522
5 0.5645956579050647 0.5494026741231173 0.04080853847458741 0.051136602665567035
0 0.18257678767197918 0.7166095238191834 0.03902778366526398 0.04484113855894449
0 0.8289657258685649 0.3317675785836862 0.06822421034428636 0.03164245658477531
0 0.21263879910472455 0.6603224198999751 0.06822421034428627 0.0316424565847754
0 0.0631745124442357 0.6716954920824412 0.05879464664195542 0.029807171945039103
0 0.09571917233303504 0.544314638163233 0.06509921034428626 0.03155152837152997
0 0.04806537841615204 0.7244256869887339 0.06666171034428627 0.03159699247815269
0 0.9807266333102934 0.3663745961346635 0.011810519237293704 0.02531824874635884
0 0.03946170473235463 0.7473092575218474 0.06191964664195539 0.029898100158284535
0 0.0578868117185963 0.6890193844023093 0.07145833774894797 0.034858384798020656
0 0.15480900717157614 0.14846492907117517 0.06186508293962456 0.028335600158284534
0 0.2145287475529293 0.15921456096620196 0.0714583377489479 0.034858384798020656
0 0.11187245118897557 0.5063827291503176 0.061919646641955414 0.029898100158284535
0 0.08431545789721553 0.13334604592250718 0.03670139183263197 0.02292067445232169
0 0.21036697097442345 0.6806803840065978 0.06035714664195542 0.02985263605166182
0 0.08867799864923762 0.5671527445897236 0.06666171034428628 0.03159699247815269
0 0.16917150818306645 0.8769930943522969 0.05884921034428627 0.031369671945039104
0 0.11726927931927669 0.4859338368304494 0.05717758293962456 0.028199207838416385
0 0.5931473100741338 0.06703044332344715 0.03919147477225664 0.049528638558944335
0 0.09036698422126735 0.5858345484297895 0.06827877404661713 0.0332049565847754
0 0.9662697745099532 0.4674740948810222 0.03363095553496294 0.02439224623907634
4 0.9164731603521356 0.37370737450619335 0.10465278366526398 0.046750631037097