0 0.6766734076227376 0.48460767775615887 0.032852072794389106 0.02773402073518518
0 0.603791124307862 0.20354218840657526 0.03920220234403828 0.029843324882222168
0 0.8202138541066798 0.5116698808191684 0.03763970234403828 0.029706623845462944
0 0.6610226334071607 0.19542760056486239 0.039302331893687814 0.03140582488222217
0 0.8207807603359164 0.30885723911324237 0.03617733189368764 0.03113242280870363
0 0.9228870735695814 0.4490831149849555 0.040864831893687635 0.031542525918981566
0 0.5471603925064593 0.2022817762482881 0.03617733189368781 0.03113242280870363
0 0.440866315550017 0.5153374337884269 0.03597707279438929 0.02800742280870363
0 0.22486029765596155 0.01706177794523169 0.022154404688076924 0.03412355589046338
5 0.6552699745570306 0.5276543401972699 0.04731509099298634 0.035214330066018464
0 0.04260689312476813 0.43831135282745387 0.04086483189368778 0.03154252591898139
0 0.9103289119416743 0.5480674191319925 0.03773983189368764 0.031269123845462946
0 0.8088968198689537 0.5670408860029645 0.02952681369509058 0.024335618661666558
0 0.771647143743077 0.5664154608851868 0.03597707279438929 0.02800742280870363
0 0.03558733266888013 0.5236043038642131 0.0456524614433371 0.03351512902925915
0 0.575964117829457 0.08012381225203816 0.019830441085271388 0.06699201036759257
5 0.002519119758212693 0.5311037370405092 0.005038239516425386 0.03140582488222208
0 0.2304366486803225 0.8895540581995377 0.018568329734219447 0.07154280933083328
0 0.8011340985511255 0.04566346347708489 0.019830441085271388 0.06699201036759257
0 0.7661607163805826 0.17923738110199222 0.040964961443336986 0.03310502591898139
0 0.22287869062384616 0.08615494759638934 0.017867422886674155 0.06060530933083332
0 0.8244714690014764 0.04517544792569604 0.019630181985972682 0.06386701036759256
0 0.7036712083610182 0.20878747153560323 0.021292811535622035 0.06556621140435182
0 0.6010642473791064 0.07637409566389006 0.019830441085271388 0.06699201036759254
0 0.749070950802879 0.05798709769014034 0.01766716378737563 0.0574803093308333
0 0.5585262939553337 0.08553377365638998 0.017567034237726275 0.055917809330833304
0 0.619233256478405 0.07167703374115861 0.019630181985972862 0.0638670103675926
0 0.9221906708840895 0.181123926907687 0.021292811535622035 0.06556621140435186
5 0.30160566548541856 0.1305406431665284 0.020030700184570094 0.07011701036759255
0 0.21769174043927605 0.15497329811476895 0.023155700184570093 0.07039041244111108
0 0.6425205621539309 0.07197026818976977 0.019630181985972862 0.06386701036759254
0 0.7216399583610181 0.20721540961287177 0.019229663787375628 0.05761701036759259
5 0.3009023635105204 0.030865927285440097 0.023956736581764736 0.06173185457088019
0 0.6600887939553337 0.07664820626703832 0.019930570634920743 0.06855451036759255
0 0.7672399599021776 0.05329003576740889 0.019830441085271388 0.06699201036759257
0 0.3286478292727941 0.07224012761513954 0.019830441085271478 0.06699201036759254
4 0.25536679750830327 0.9005797410930099 0.030146179826504492 0.1067380155513888
0 0.46134069941860306 0.5958943666818991 0.04419009099298634 0.034940927992499836