0 0.28827632391791286 0.6236119848837217 0.03481135200509069 0.039702850092285046
0 0.311994539902959 0.7353703076781108 0.0348477146721816 0.04282785009228505
0 0.6813467132797753 0.43848812229605194 0.052017033338636054 0.04236677513842757
0 0.7226042285566868 0.8570669440107068 0.02692612667090888 0.032952202344038284
0 0.30483656791059505 0.6786196599298642 0.03330339600572696 0.04429022054263569
0 0.6264195718889596 0.8587214767072737 0.03482953333863605 0.04126535009228505
5 0.461555117998091 0.04365078192137439 0.033139764003817976 0.030227720542635738
0 0.3857278673217733 0.10993831353820697 0.036464758672817954 0.0476154796419344
0 0.7347400545433238 0.9563555451827263 0.033285214672181596 0.0427277205426357
0 0.32798207188895967 0.8395967327242534 0.03486589600572696 0.04439035009228505
0 0.7160184212285502 0.8183351110372851 0.03330339600572714 0.04429022054263569
0 0.2062519752148691 0.8865241926264311 0.06751476400381798 0.03243057063492074
0 0.18201668590868603 0.6848219902823925 0.06595226400381797 0.03233044108527157
0 0.17527633724541314 0.6593714073089705 0.06435340133672707 0.029105311535622035
0 0.3373212565643229 0.7760849452473246 0.06751476400381798 0.03243057063492074
0 0.2029729812221869 0.8323676187523077 0.05810340133672707 0.02870479333702498
0 0.20915879921232375 0.9054744517257296 0.06437158267027261 0.030667811535622036
0 0.18181669123968613 0.7020094902823926 0.06438976400381798 0.03223031153562221
4 0.9067477973026833 0.2840566478959049 0.0957852146721816 0.04673290252860855
0 0.015414819979319132 0.31907017504614255 0.030829639958638265 0.028765350092285046
0 0.8897602919716832 0.2657677228497624 0.06904090133672725 0.029405700184570095
0 0.08708873062541098 0.30971376387966065 0.05810340133672711 0.028704793337024893
0 0.17782008191441304 0.6423341016334445 0.05494203866963625 0.025379534237726275
0 0.19620590790105003 0.7420232210040612 0.06909544533736348 0.03409320018457009
5 0.04077335397438754 0.3958224421650057 0.08154670794877508 0.036556866131413915
0 0.1996388958864143 0.850136109653009 0.06753294533736343 0.03399307063492074
0 0.18466897123650444 0.7256472493816911 0.06437158267027257 0.030667811535622213
0 0.33866558056177753 0.7949350747969739 0.058121582670272606 0.030267293337024805
0 0.3762275732018242 0.989174176047435 0.06124658267027261 0.021651647905130033
0 0.46953979332431856 0.09654524444444566 0.039662484006999676 0.054065738741233035
0 0.10226774061109345 0.4162338741509785 0.06751476400381798 0.03243057063492074
0 0.1497159999602291 0.30278144586563344 0.06911362667090888 0.035655700184570094
5 0.14947000461491147 0.39111276064045813 0.06751476400381802 0.03243057063492074