5 0.5606700876596843 0.4068428324762884 0.0272170649348082 0.03842758293962447
0 0.26503425933219554 0.3332763245869221 0.02875229139585782 0.03691964664195542
0 0.5556865328711459 0.34498767322046126 0.025600017856907444 0.035248019237293704
0 0.5590415836024946 0.22408489617861926 0.02562729139585791 0.036810519237293705
0 0.5104206716692159 0.4355382621505356 0.025600017856907444 0.035248019237293704
0 0.6031166862797125 0.4231598024392215 0.02557274431795715 0.0336855192372937
0 0.6370592637964224 0.35485623574166575 0.02716251785690744 0.03530258293962456
0 0.26524849350388296 0.3902802927357566 0.02875229139585773 0.03691964664195542
0 0.4808220896849839 0.9763616695922643 0.0272170649348082 0.03842758293962447
0 0.6031672792176979 0.47078877058805607 0.025600017856907444 0.035248019237293704
0 0.6042858997551187 0.22176099354621406 0.025572744317956975 0.0336855192372937
0 0.5262300470713102 0.9820858468194406 0.0287795649348082 0.03582830636111893
0 0.44231869723346584 0.9993626268565075 0.028397735389503253 0.0012747462869850067
0 0.25919909090609516 0.4462847560752678 0.027107970779006774 0.03217758293962447
0 0.559267274753471 0.4606672369227921 0.025600017856907444 0.035248019237293704
0 0.6463216209411626 0.08034730906264345 0.0256545649348082 0.03837301923729368
0 0.6511784906645092 0.17967518646730518 0.023928423701106104 0.028943455534962848
0 0.623563779624735 0.2973884761230189 0.033412517856907444 0.035520837748947987
0 0.5578978693163095 0.29275305062512297 0.0272170649348082 0.03842758293962456
0 0.6021212021080251 0.3661285524392215 0.025545470779006863 0.0321230192372937
0 0.4389112792144026 0.9460094814804965 0.025600017856907444 0.035248019237293704
0 0.26167170576147314 0.23009676088459124 0.030342064934808198 0.038536710344286185
0 0.6503523762161684 0.22180812276497433 0.028725017856907443 0.03535714664195542
0 0.13297396144351598 0.19281003729346102 0.06589773538950339 0.01791667549789593
0 0.7527423595737815 0.6306052586071565 0.05975682954530477 0.02394842068857237
0 0.1408485113607904 0.4202901965492882 0.06277273538950343 0.01780754809323426
0 0.13727349796810984 0.39439981914462646 0.06589773538950343 0.017916675497895974
0 0.13470978530677785 0.24752481914462648 0.05490568831160272 0.014409729581579888
0 0.2803768413131323 0.272911743461396 0.05496023538950343 0.017534729581579887
0 0.03374471793304244 0.7702405781303011 0.0408977353895034 0.01704365626060227
0 0.2822529870110612 0.2909350571637269 0.06277273538950343 0.01780754809323426
0 0.1434922702892442 0.4375595421027844 0.053343188311602716 0.014355165879249121
0 0.13108417897611188 0.1740054735911302 0.06274546185055305 0.01624504809323426
0 0.13619223903965608 0.377185037293461 0.06589773538950343 0.017916675497895974
0 0.23489811484878734 0.7538417957309815 0.06606137662320544 0.027291675497895972
0 0.47501637458802 0.9121354784852717 0.0272170649348082 0.03842758293962447
0 0.17282085470251762 0.7758779976377473 0.06748750892845372 0.01953373920022692
0 0.10873108116356726 0.7720783858421821 0.05962046185055305 0.01613592068857237
0 0.13127113960884895 0.22944694173996477 0.06746023538950338 0.01797123920022674
0 0.28397162540538945 0.0762822801218849 0.06123750892845372 0.01931548439090338
0 0.14485812702694725 0.33688741950744616 0.06746023538950338 0.01797123920022674
0 0.13890813595540097 0.3538566646981227 0.06277273538950343 0.01780754809323426
5 0.13694581006024892 0.6887400961864685 0.06746023538950338 0.01797123920022692
0 0.5226589878185448 0.9130184214063627 0.028888659090609538 0.04473214664195524