0 0.3843615443915751 0.5208779181566838 0.04193322177194432 0.034176592558271324
0 0.3427077439677319 0.22247018920807599 0.04519492280870363 0.03584821996293304
0 0.45601838826555596 0.22708078893792355 0.040234020735185186 0.03255952885594056
0 0.39827423878393564 0.2283183959241652 0.04363242280870363 0.03579365626060227
0 0.3030240700277326 0.5603248532732266 0.045331623845462944 0.037410719962933214
0 0.8748887995753714 0.49595969747596047 0.03839811866166656 0.029379965153609612
0 0.38373753633305674 0.608132381496195 0.040234020735185186 0.03255952885594056
0 0.2227890573510658 0.5070485750502582 0.040234020735185096 0.03255952885594056
0 0.31772084853861216 0.5169741573569105 0.03853481969842587 0.030942465153609787
0 0.0818524075866215 0.5867410534507118 0.03357391762490736 0.02765377404661713
0 0.24442075810500113 0.5802851784083028 0.04193322177194432 0.034176592558271324
0 0.2747910547591677 0.5091269410221745 0.033573917624907426 0.02765377404661713
0 0.0033674151976625715 0.5729637848463904 0.006734830395325143 0.035739092558271325
0 0.8932184260127325 0.4555975923038174 0.04335902073518483 0.03266865626060209
0 0.12199895395796409 0.5907911471901095 0.04363242280870363 0.03579365626060227
5 0.9287560933548157 0.5034249678943805 0.04988242280870381 0.0360119110699257
0 0.4413099222430558 0.10141859002638265 0.032440644580648124 0.06811508293962457
0 0.24343020537208374 0.2088020480084162 0.04519492280870363 0.03584821996293304
0 0.5418276895843538 0.9733506098118305 0.02113270622055552 0.010084328130301402
0 0.49243115673814974 0.799052503458561 0.038553943543888636 0.0667708377489479
5 0.9225847143255568 0.5472568134478768 0.046757422808703805 0.03590278366526398
5 0.38630546173365854 0.5698784133473603 0.05158162384546294 0.03762897477225664
0 0.8718424205461123 0.539682415624795 0.05158162384546294 0.03762897477225664
0 0.2450302445333798 0.07478171207356679 0.03230394354388881 0.06655258293962456
0 0.29726668779444465 0.08308279619431769 0.030057938360092518 0.058685519237293704
0 0.4219837237981947 0.09975688630551835 0.032167242507129504 0.06499008293962456
0 0.29664338826555603 0.23264628657567082 0.032167242507129504 0.06499008293962456
0 0.22464939401500014 0.07627229020386792 0.030331340433611055 0.06181051923729368
0 0.2795713398679632 0.08058527877112252 0.035839046654166574 0.07134921034428625
0 0.7800370464178255 0.654265759997165 0.045741726955740705 0.04209821996293321
0 0.8035276667764357 0.17210802442513526 0.03427654665416639 0.07129464664195542
0 0.8166715072100466 0.11089770591348098 0.028768840433610877 0.061755955534962846
0 0.27887968982069494 0.23093001915247569 0.03019463939685174 0.060248019237293705
0 0.4610072675776392 0.10774051189608154 0.03203054147037036 0.06342758293962455
0 0.836104303864213 0.04012141444366871 0.02331992280870381 0.03508432813030112
0 0.0843969579639819 0.2104612956461635 0.0352922425071295 0.06509921034428627
0 0.4004504763900928 0.09661452813815034 0.03230394354388881 0.06655258293962456
0 0.5636725867568999 0.9017112227885219 0.03101484561740726 0.0696230192372937
0 0.9535701656451397 0.4690673260617485 0.007011417624907068 0.026726191106992658
0 0.3804407727614354 0.10276532441728606 0.0344132476909258 0.07285714664195542
4 0.5395809758709278 0.9189086464723193 0.0466589694628702 0.10599702885594056
0 0.47992336291222254 0.11408971561694585 0.026796237323333118 0.05701389183263199
0 0.4417689009887056 0.9597097504633361 0.02726512902925915 0.044568455534962935