0 0.4204071503811707 0.4344066143262988 0.041064615756780755 0.037334979254075584
0 0.4853433636906422 0.5994055749090424 0.041064615756780755 0.037334979254075584
0 0.567298289956649 0.5530409830022751 0.042627115756780756 0.03745337842423861
0 0.7586304032943554 0.7574361755383867 0.03279708944842134 0.02893048340326061
0 0.8908113846667423 0.5493062120558581 0.042627115756780395 0.03745337842423861
0 0.8118541138318165 0.7732396969090111 0.041064615756780755 0.037334979254075584
0 0.012224954136839244 0.41607528589277143 0.02444990827367849 0.034446777594401644
0 0.5843393897166527 0.3008748317575197 0.037848610495108834 0.03553568091374952
0 0.8560213427851291 0.7828640732586573 0.040973610495108656 0.03577247925407541
5 0.2209315241716335 0.5315030668111653 0.04740562101845249 0.0393710759347277
0 0.6372445818382623 0.32214710312814404 0.041064615756780755 0.037334979254075584
0 0.8438314269012915 0.6822837328017826 0.052093121018452496 0.0397262734452168
0 0.501529076788352 0.5370715182703466 0.044280621018452496 0.03913427759440165
0 0.489561155854604 0.6617163207598575 0.041064615756780755 0.037334979254075584
0 0.30066785793486006 0.06515693901162664 0.0301117052052021 0.06295028589277141
0 0.28264662905213467 0.13206009648015943 0.03534523677523325 0.07268048340326047
5 0.6453638348220341 0.6947091873612414 0.04896812101845249 0.03948947510489074
0 0.8752443817535577 0.2507260794824346 0.026986705205202098 0.06271348755244537
0 0.7968386606927529 0.23615317138920186 0.026622684158514785 0.05646348755244528
0 0.08275523193708437 0.3844952444009226 0.045661110495108834 0.03612767676456467
0 0.7294551976656302 0.369154002923007 0.030293715728545757 0.06607528589277134
0 0.616582013295354 0.19189091806520958 0.026440673635170952 0.05333848755244537
0 0.6319795001411743 0.19698115976683983 0.0285492052052021 0.0628318867226084
0 0.938807810862162 0.4258220904800967 0.030657736775233247 0.07232528589277135
0 0.8535058896460654 0.24672474110015225 0.030384720990217672 0.06763778589277143
0 0.7911207397590051 0.3612715705593649 0.042718121018452494 0.03901587842423861
0 0.6551439843561588 0.2034446473192852 0.030202710466874016 0.06451278589277135
0 0.7126911738469326 0.2258533662003986 0.03194722099021767 0.06775618506293446
0 0.42617609214984453 0.07937557220975008 0.030657736775233247 0.0723252858927714
5 0.40709435025411383 0.29921447552909797 0.040487763083592476 0.08084818091374953
0 0.6740304922486666 0.2025216873612415 0.030293715728545757 0.06607528589277142
0 0.14186929557125674 0.8919660475151335 0.028367194681858443 0.05970688672260849
0 0.6889512950065594 0.33705097532860534 0.04115562101845249 0.038897479254075586
0 0.07602781882525705 0.43263674647551503 0.04740562101845254 0.0393710759347277
0 0.7456794371422865 0.37352219420971877 0.028276189420186525 0.058144386722608396
0 0.8202761606927529 0.23792915894164723 0.032038226251889415 0.06931868506293437
0 0.3150547085419097 0.7073453616270065 0.039304694681858446 0.0605356809137497
0 0.6931977212019792 0.21025167698827926 0.030293715728545757 0.06607528589277142