0 0.5243792479747004 0.5415324505082276 0.03349433847375849 0.040973610495108836
0 0.23802473661061468 0.49265241865584786 0.0334670649348082 0.039411110495108835
0 0.5130502357998358 0.6093114847090947 0.03349433847375849 0.040973610495108836
0 0.5106132082036956 0.7936409820782587 0.03505683847375849 0.041064615756780574
0 0.5558280710271835 0.6177463400131188 0.03670115909060954 0.04584312101845249
5 0.5744136189125676 0.012316688422410866 0.038318206168510116 0.024633376844821732
0 0.5542853417267599 0.8402660821206108 0.02869774431795715 0.03445059471009344
5 0.5381536014659926 0.6913581452606732 0.04144320616851012 0.04924113680346807
0 0.21729740503671505 0.60702573179591 0.03670115909060954 0.04584312101845249
0 0.2323281156694521 0.5507379344408634 0.03664661201270878 0.042718121018452494
0 0.3853167479747004 0.5496319187970222 0.0334670649348082 0.039411110495108835
0 0.697518107955519 0.10141714277101162 0.039826159090609534 0.04602513154179624
0 0.4627251331226178 0.8096978925592502 0.03829093262956 0.04749662628012459
0 0.49030643669334023 0.7050713057416645 0.03349433847375849 0.040973610495108836
0 0.6039277950493058 0.053016711102158484 0.03837275324641087 0.052184126280124365
0 0.49900532670922626 0.6538350294333053 0.02710797077900686 0.03279708944842134
0 0.5593965450493059 0.05561036105980618 0.03187729139585791 0.037757605233436985
0 0.10961336445163612 0.5165211001129395 0.06617047077900677 0.03507222099021767
0 0.5275807455423637 0.9393784163073606 0.03667388555165925 0.044280621018452496
0 0.5253761010556601 0.03729997681658686 0.03670115909060954 0.045843121018452525
0 0.5628615008173694 0.7960610558122518 0.03505683847375849 0.041064615756780755
0 0.833551470782302 0.40099366658970925 0.06781479139585755 0.03985072625188959
0 0.07272919886820484 0.6622732158697201 0.058276150162155774 0.029929694681858444
4 0.41807865503671504 0.5953315556710774 0.04637616801906326 0.06357665258848363
0 0.2227837459461055 0.6504117107492227 0.06617047077900677 0.03507222099021767
0 0.060083148543893274 0.716080755332259 0.06458069724005647 0.033418715728545934
0 0.10614744521475686 0.5362343606362832 0.06460797077900682 0.034981215728545935
0 0.05032631899858851 0.7385017869022901 0.061455697240056464 0.0332367052052021
0 0.2268510519491646 0.14912222653423818 0.07088524431795715 0.0369077367752332
0 0.07007180317027592 0.680378473762228 0.07247501785690749 0.03856124203690499
0 0.16304765056919285 0.13800969226278398 0.058276150162155815 0.029929694681858444
0 0.22166157670922626 0.6699884633800586 0.0567409237011061 0.03140118942018653
0 0.09461129626712177 0.12404517377634536 0.041034103084255105 0.025803636803468068
0 0.18025669561849866 0.2251988791227218 0.07085797077900682 0.03534523677523325
0 0.17920352110990892 0.866794844921855 0.05833069724005648 0.03305469468185862
0 0.11932928368851536 0.4964438185429084 0.061455697240056485 0.0332367052052021
0 0.17719019683631468 0.26674163701522957 0.06773297077900678 0.0351632262518895
0 0.09876163920840245 0.5569563843138065 0.06617047077900677 0.03507222099021767
0 0.9747707601495652 0.44818093777757106 0.03322160308425524 0.025348610495108836
0 0.1031082199715232 0.5762146185287909 0.06776024431795716 0.03672572625188941
0 0.18824905885231877 0.7062745738751675 0.03667388555165916 0.044280621018452496
5 0.6189312321430925 0.011019863443587016 0.03829093262956 0.02203972688717403
0 0.12823667938644429 0.4779745396037132 0.05199887662320544 0.028003173635170953
5 0.5735979979747003 0.5386657847655643 0.039907979707460586 0.050712631541796324