0 0.5640625 0.44375 0.03515625 0.0265625
0 0.07890625 0.50390625 0.03203125 0.02421875
0 0.53125 0.35 0.034375 0.02578125
0 0.6390625 0.44140625 0.034375 0.02734375
0 0.61875 0.7359375 0.034375 0.02734375
0 0.56328125 0.740625 0.03359375 0.028125
0 0.67578125 0.73828125 0.03671875 0.028125
0 0.84921875 0.353125 0.02890625 0.02265625
0 0.07109375 0.5453125 0.0390625 0.0265625
0 0.8125 0.35390625 0.03671875 0.02578125
0 0.95 0.36484375 0.0359375 0.0265625
5 0.0140625 0.5 0.02734375 0.02734375
5 0.28515625 0.5640625 0.028125 0.06171875
0 0.78125 0.74375 0.03671875 0.02890625
0 0.303125 0.96953125 0.01875 0.06015625
0 0.92265625 0.4578125 0.0296875 0.02265625
0 0.22578125 0.96875 0.0171875 0.0625
0 0.8109375 0.87421875 0.015625 0.06484375
0 0.58359375 0.859375 0.0140625 0.06328125
0 0.753125 0.86953125 0.0140625 0.05625
0 0.28984375 0.07734375 0.0140625 0.071875
0 0.6265625 0.86640625 0.01640625 0.06328125
0 0.8296875 0.878125 0.01484375 0.0609375
0 0.22890625 0.88359375 0.015625 0.05859375
0 0.22890625 0.815625 0.01796875 0.0703125
0 0.56640625 0.85546875 0.0140625 0.05546875
0 0.71953125 0.72109375 0.01640625 0.0640625
5 0.01875 0.45625 0.0375 0.0296875
0 0.775 0.8734375 0.01640625 0.06875
5 0.5515625 0.39296875 0.04296875 0.0296875
0 0.6078125 0.8625 0.01484375 0.06484375
0 0.73828125 0.72265625 0.015625 0.0578125
0 0.93828125 0.73125 0.015625 0.0640625
0 0.65 0.86328125 0.01484375 0.06171875
0 0.33515625 0.7203125 0.015625 0.06484375
4 0.315625 0.0578125 0.02421875 0.10625
0 0.6671875 0.85859375 0.01640625 0.06875
0 0.071875 0.459375 0.04609375 0.02890625
5 0.2984375 0.715625 0.021875 0.0765625