0 0.7659736442796774 0.44168197606060317 0.04695024310259512 0.03204093262956
0 0.08112060945396823 0.5223232390429514 0.040700243102595034 0.03193183847375849
0 0.15214243837764058 0.5671351327122853 0.034368355947465276 0.030260244317957152
0 0.24136206863536538 0.5327953145310664 0.03741146879233561 0.028752291395857908
0 0.8362850650173208 0.6191972755741358 0.034286468792335614 0.02869774431795715
0 0.13782431083344923 0.5275777548712639 0.034368355947465276 0.030260244317957152
0 0.18835989936805997 0.5313788648553779 0.03741146879233552 0.028752291395857908
0 0.01760362194778227 0.6093244070620146 0.03520724389556454 0.030342064934808198
0 0.01876112958035625 0.4164783879872912 0.037411468792335534 0.028752291395857908
0 0.2220455026019918 0.5737203234595201 0.035767081637205766 0.02716251785690744
0 0.05485575983808104 0.3830658701303837 0.03913774310259503 0.0319045649348082
0 0.11428391225835877 0.619311287338668 0.029353307326946253 0.023928423701106104
0 0.25972032225341 0.4356884894499885 0.03749335594746537 0.03031479139585791
0 0.3511088828597166 0.5386850300350673 0.03749335594746528 0.03031479139585791
0 0.046301874153289325 0.5611772333609085 0.042262743102595035 0.03195911201270896
0 0.40566358604821995 0.4955838664802309 0.03741146879233561 0.028752291395857908
0 0.7453601718692973 0.5669274379111562 0.040700243102595124 0.03193183847375849
0 0.7974614981909778 0.03447344805742593 0.020053550429541288 0.054987508928453735
0 0.5275208966545265 0.5980485730557783 0.03584896879233561 0.028725017856907443
0 0.4435553324301752 0.5917088441590966 0.034286468792335614 0.02869774431795715
0 0.5268635566495778 0.41697585105895546 0.03436835594746519 0.030260244317956975
0 0.9356509791962434 0.540189839698165 0.047114017412854634 0.035165932629560005
0 0.152483275103229 0.6202055856343847 0.03732958163720577 0.02718979139585791
0 0.36658115389061574 0.40728502557084056 0.034286468792335524 0.02869774431795715
0 0.7862540032793603 0.11428367898270246 0.023424211894930557 0.059729556006354434
0 0.19204697987361202 0.10358114732278198 0.021943599050060315 0.0612647824674041
0 0.3231786346687389 0.49077936404459893 0.03749335594746528 0.03031479139585791
0 0.452127986771017 0.13026282954860005 0.019726001809022266 0.04873750892845372
0 0.21289506840822275 0.1079004545469524 0.023833647670579338 0.06754205600635443
5 0.7211446596563669 0.03112235146599259 0.0217798247398008 0.058139782467404075
0 0.391845584012055 0.11882649756766331 0.02539614767057934 0.06756932954530477
0 0.5375333045018712 0.6899769744357501 0.040202276119281774 0.05221706493480802
0 0.28550265151576654 0.2564958672910099 0.023833647670579338 0.06754205600635448
0 0.4341592367710169 0.13057647524652896 0.023915534825709094 0.06910455600635443
0 0.38587114371385045 0.24771911079818815 0.040700243102594943 0.03193183847375849
0 0.4119124225466657 0.12315944156130887 0.022353034825709096 0.0690772824674041
0 0.440681474446545 0.24442078693492625 0.034204581637205675 0.027135244317957153
3 0.6174962799644691 0.2663116034945875 0.07463258706427282 0.1730204886359143
0 0.26569251978770375 0.11322315422264084 0.020217324739800802 0.058112508928453724
5 0.7004459780645897 0.1431002000860208 0.02736808344622812 0.07540910308425511
0 0.3715740275896199 0.11839980357401773 0.023833647670579338 0.06754205600635439
0 0.3516333418139711 0.12655322281089698 0.023833647670579338 0.06754205600635439
0 0.3299077487568046 0.24323220820040037 0.04538774310259504 0.032013659090609534
0 0.2659304579382017 0.25761803652788917 0.025068599050060314 0.061319329545304765
0 0.22719218453245332 0.23721976177112283 0.040864017412854545 0.03505683847375849
0 0.24957287483065788 0.1080407763816194 0.023997421980838853 0.0706670560063544
0 0.07246374095488846 0.24070109212720645 0.03197369629109832 0.07392842370110611
5 0.5235637369981596 0.5544076672115796 0.04538774310259512 0.032013659090609534