0 0.70859375 0.57578125 0.034375 0.02890625
0 0.603125 0.49921875 0.0359375 0.0265625
0 0.75546875 0.44609375 0.03671875 0.028125
0 0.6078125 0.7359375 0.034375 0.0265625
0 0.55390625 0.7421875 0.03203125 0.02578125
0 0.01328125 0.47890625 0.0265625 0.0265625
0 0.93203125 0.35390625 0.03515625 0.02578125
0 0.8875 0.35234375 0.0328125 0.02578125
0 0.66640625 0.73671875 0.0359375 0.02890625
0 0.83359375 0.35 0.028125 0.02265625
0 0.53515625 0.490625 0.03671875 0.028125
0 0.22421875 0.89296875 0.01484375 0.059375
0 0.221875 0.971875 0.01640625 0.053125
0 0.23671875 0.75 0.02734375 0.05546875
0 0.2234375 0.82734375 0.01875 0.0671875
0 0.74140625 0.8640625 0.0125 0.05546875
0 0.70546875 0.72109375 0.015625 0.0640625
0 0.1 0.48359375 0.04296875 0.028125
0 0.8203125 0.86796875 0.01328125 0.05703125
0 0.5578125 0.85390625 0.0125 0.05234375
0 0.72421875 0.715625 0.01484375 0.0546875
0 0.34765625 0.91171875 0.01640625 0.06875
0 0.6 0.86171875 0.015625 0.0609375
0 0.9234375 0.7203125 0.0171875 0.0765625
0 0.8015625 0.86875 0.0140625 0.0625
0 0.275 0.0578125 0.0140625 0.05703125
0 0.57578125 0.8515625 0.015625 0.05859375
0 0.6375 0.86484375 0.01484375 0.0625
0 0.6171875 0.86328125 0.01484375 0.0609375
0 0.65625 0.85546875 0.01328125 0.06328125
0 0.76328125 0.86953125 0.01484375 0.06640625
5 0.37109375 0.85546875 0.02109375 0.0921875
0 0.76796875 0.74140625 0.04140625 0.0296875