0 0.5287327432916106 0.44689680416311806 0.0331074309422494 0.028930483403260432
0 0.009990410071515637 0.5018235317435865 0.019980820143031274 0.031084979254075586
0 0.006398375416589612 0.5476804834032605 0.012796750833179224 0.02940408008391273
0 0.5868840968782364 0.49135812179947597 0.03946669158591121 0.030966580083912554
0 0.8156971477507566 0.40895205396262535 0.02965464901126431 0.02400618506293455
0 0.9164237674289257 0.41737005043814046 0.03946669158591121 0.030966580083912554
5 0.7064153468782364 0.5004156583169472 0.04237317029858776 0.028078378424238614
0 0.8704392780725876 0.41231477491833124 0.03299817029858758 0.02736798340326043
0 0.029339758626849365 0.591265462657336 0.033107430942249494 0.02893048340326061
0 0.1695563051367687 0.9915740385920639 0.01646623416055819 0.0168519228158722
0 0.6760126628338938 0.6544044186899095 0.033620883171822415 0.058499584233097576
0 0.776133723089568 0.9298090056222993 0.019886165102807673 0.0621214917016303
0 0.3311800361183591 0.35181741204192496 0.021776447033792935 0.06692739087179325
0 0.7559304837332297 0.92670731641018 0.02188570767745457 0.06848989087179333
0 0.5123443746987222 0.9058932958647482 0.017558840597175517 0.05106559253146727
0 0.23261794191488736 0.6718563022890183 0.034932010895763276 0.0772495842330974
0 0.5722274730895679 0.9143579139160247 0.021776447033792935 0.06692739087179334
0 0.07061460467190653 0.5064294439860041 0.04415419158591123 0.03132177759440165
0 0.26997401039156016 0.09271325394869222 0.019339861884498967 0.05430899170163024
0 0.065555764074731 0.556311044815841 0.03924817029858776 0.027841580083912555
0 0.6714512129501093 0.7757941666153171 0.02155792574646931 0.06380239087179333
0 0.5526962230895679 0.912877924288987 0.021994968321116203 0.07005239087179334
0 0.17436377345788504 0.932118373449861 0.02133940445914595 0.06067739087179334
0 0.5140704016860289 0.7913571991840962 0.03477919158591121 0.03061138257342346
0 0.5304223853423841 0.9056923863216231 0.021776447033792935 0.06692739087179334
0 0.5941024730895679 0.916015502298307 0.019995425746469307 0.0636839917016303
0 0.2928652071732515 0.10230174150113758 0.02533848960843983 0.07341418921211931
0 0.1778818933881557 0.8593437242796981 0.02690098960843983 0.07353258838228242
0 0.6135080369515384 0.9080612923402633 0.021994968321116203 0.07005239087179334
0 0.6990631246987222 0.9200419966992296 0.02446440445914604 0.0609141892121194
0 0.717485342767737 0.9261502867411859 0.025229228964778017 0.0718516892121194
0 0.5710305958698302 0.785463319309965 0.03979447351689647 0.035654080083912555
0 0.6264993458698302 0.7896664898507524 0.04102919158591121 0.031084979254075763
0 0.690310473593771 0.7756524566572733 0.02133940445914604 0.060677390871793156
0 0.7295697155479994 0.798262085081512 0.03946669158591121 0.030966580083912554
0 0.8874039948810944 0.7874457520978144 0.028463489608439828 0.07365098755244545