5 0.3847581984545772 0.46953125 0.042787517856907445 0.034375
0 0.32649173092198125 0.48828125 0.039635244317957154 0.0328125
0 0.20268603814615166 0.4671875 0.041225017856907444 0.034375
0 0.16605879139256255 0.5171875 0.042814791395857824 0.0359375
0 0.393941878241468 0.771875 0.04125229139585773 0.0359375
0 0.18165829220334145 0.65 0.03966251785690744 0.034375
0 0.9622149967502939 0.43125 0.042787517856907445 0.034375
0 0.44917880316039005 0.75859375 0.041225017856907444 0.034375
0 0.9952927293004233 0.4609375 0.009414541399153365 0.03125
0 0.38247294967239315 0.428125 0.03648297077900677 0.03125
0 0.506909482543539 0.75390625 0.03807274431795715 0.0328125
0 0.11801853205707169 0.67421875 0.03651024431795715 0.0328125
0 0.4361570572208751 0.46015625 0.041225017856907444 0.034375
0 0.08506216152294621 0.4421875 0.039635244317957154 0.0328125
0 0.9606291773512587 0.38515625 0.04281479139585791 0.0359375
0 0.2727354853862081 0.496875 0.042787517856907445 0.034375
0 0.43537976136079043 0.415625 0.03966251785690744 0.034375
0 0.07513378246410879 0.5 0.04125229139585782 0.0359375
0 0.944283202918804 0.478125 0.03963524431795733 0.0328125
0 0.32565988798399587 0.440625 0.038045470779006864 0.03125
0 0.1379689732113435 0.4296875 0.0333034237011061 0.028125
0 0.5584917532431156 0.53125 0.042951159090609536 0.04375
0 0.043079213065073764 0.45390625 0.03963524431795713 0.0328125
0 0.29356973132572306 0.7953125 0.04125229139585782 0.0359375
0 0.19249283197764147 0.4203125 0.04125229139585782 0.0359375
0 0.2970848745913153 0.41484375 0.03966251785690744 0.034375
5 0.8874780495102375 0.4015625 0.05068183847375849 0.0390625
0 0.8853499025911973 0.90625 0.02579093262955965 0.0453125
0 0.29749139244492745 0.93046875 0.030860262174864594 0.0671875
0 0.2749169630617785 0.93515625 0.030805715096963927 0.0640625
0 0.32930445413332476 0.91796875 0.032422762174864596 0.0671875
0 0.9023860292176978 0.45 0.042787517856907445 0.034375
0 0.8510004017804184 0.7734375 0.034039809252765355 0.0703125
0 0.49432943627641723 0.88359375 0.030860262174864594 0.0671875
0 0.5136970450427152 0.87421875 0.030832988635914306 0.065625
0 0.4491123936627435 0.8890625 0.030805715096963837 0.0640625
0 0.47174137012379314 0.8875 0.030860262174864594 0.0671875
0 0.34927426054671623 0.7640625 0.030832988635914306 0.065625
0 0.32978392085514174 0.76640625 0.02913412094116259 0.0578125
0 0.8645504330300063 0.83359375 0.02916139448011279 0.059375
0 0.34952149674699856 0.9125 0.0275716209411625 0.0578125
0 0.43111637012379306 0.8875 0.03247730925276535 0.0703125
0 0.5284180641174386 0.8671875 0.025954573863261922 0.0546875
0 0.1352078064068009 0.80859375 0.02913412094116259 0.0578125
0 0.9006519797041653 0.5296875 0.04911933847375849 0.0390625