0 0.4202998989848643 0.34963814312476815 0.04282785009228505 0.03697836829088228
0 0.260674575110741 0.36375760718899885 0.0460529796419344 0.038741127390180985
0 0.18420980953303734 0.24572710287006228 0.03461483189368782 0.030227720542635693
0 0.9140441972591347 0.5366272894887387 0.0476154796419344 0.038841256939830336
0 0.27580491518087674 0.6740046923218891 0.0429279796419344 0.038540868290882456
0 0.12886097547988123 0.2352692666574378 0.039602720542635736 0.03521560919158375
0 0.18899863664636313 0.30455139034699097 0.047815738741233016 0.04196625693983034
0 0.9134341255444797 0.5825708451642647 0.04439035009228505 0.03707849784053181
0 0.21967483112772065 0.6635969208840894 0.0429279796419344 0.038540868290882456
0 0.7793769054632692 0.45267019895717764 0.03481509099298634 0.033352720542635696
0 0.08722418800295251 0.22937901449796944 0.046153109191583705 0.040303627390180986
0 0.3252344162606109 0.6918442319582863 0.03804022054263569 0.0351154796419344
0 0.2376109076227376 0.5294023935861935 0.0444904796419344 0.038640997840531634
5 0.47274497609819005 0.4054084793373926 0.03461483189368782 0.030227720542635693
0 0.8612813402270193 0.6193687407530432 0.041165220542635696 0.0353157387412331
0 0.9423577668143214 0.4468941610188236 0.0460529796419344 0.038741127390180985
0 0.5914149190383882 0.9089771630214084 0.03359255243632351 0.06283996144333699
0 0.613539045348835 0.8429819232004412 0.0405434592838688 0.0741779796419344
0 0.18485854257105774 0.6362624653008485 0.035455441085271475 0.06762759099298635
0 0.269507245533405 0.7965608127722399 0.03379281153562221 0.06596496144333716
0 0.16557761644518104 0.633607834671465 0.03359255243632351 0.06283996144333717
0 0.027198632022884684 0.7654061520671833 0.03203005243632353 0.06273983189368763
0 0.46736614976005664 0.9021437769933541 0.037218200184570095 0.0708527205426357
0 0.5691229210409728 0.5890744756367647 0.0465932001845701 0.07145349784053164
0 0.1005162160760408 0.7747124984588405 0.03339229333702489 0.05971496144333699
0 0.24186310688445709 0.8030005798911031 0.03525518198597286 0.06450259099298634
0 0.28218771823550914 0.8050847116002207 0.03329216378737554 0.05815246144333699
0 0.08441035472498876 0.7710763587301583 0.037118070634920806 0.0692902205426357
0 0.20272026373200233 0.7946163834071607 0.03213018198597286 0.06430233189368764
0 0.8461452984311538 0.5277517396733089 0.05084060919158375 0.04060401603912887
5 0.7517441702657806 0.021849797969728576 0.02760336829088228 0.042227072794389135
0 0.04985488202288468 0.7639542735972681 0.037118070634920806 0.0692902205426357
0 0.223413495533405 0.7995146344868949 0.03223031153562221 0.06586483189368782
0 0.834597726716499 0.5743962021963801 0.04927810919158375 0.040503886489479515
0 0.8118713394518269 0.06701330120893108 0.037879534237726276 0.05689035009228505
5 0.41842081662975117 0.5489372362772229 0.05114099784053163 0.045291516039128864
0 0.11898321869693444 0.6443741563861198 0.047715609191583706 0.04040375693983016
0 0.18975918877814485 0.7783300493540046 0.03359255243632351 0.06283996144333717