0 0.41384679303824046 0.5401640327115791 0.03145907825883114 0.03848841515269079
0 0.4106875151253105 0.016351109538048546 0.034629530054229286 0.03270221907609709
0 0.4552869428184076 0.008251696052347785 0.033057939695149585 0.01650339210469557
0 0.4643280611886132 0.5875812955884566 0.03462043969514959 0.04499350666795969
0 0.408263371788051 0.8287641471056654 0.026744307181592396 0.03341827787978709
0 0.42721738398649534 0.9263885751352336 0.03462043969514959 0.04499350666795969
5 0.48629798907810196 0.7037006321027558 0.031504530054229284 0.04630091515269079
0 0.4173247543998042 0.8819051225598582 0.02989657825883114 0.03836086939505634
0 0.5019846808163552 0.02071278892049689 0.03145907825883114 0.038488415152690705
0 0.9256852803488169 0.07514661572272055 0.03918067466803521 0.02350114394086338
0 0.63579854020957 0.6430825122486578 0.061155668617910844 0.04247428454774695
0 0.9190104951282262 0.6855579572379896 0.06264544574527378 0.030101830305381404
0 0.2985132054096354 0.36529119165535195 0.06734203610435348 0.03204696757828503
0 0.9144366246167213 0.6664093445108932 0.06890453610435329 0.032174513335919565
0 0.8673899495559031 0.43130076299756387 0.051680674668035206 0.024521510001939716
0 0.6039915666495621 0.20448226891661755 0.07836134933607006 0.0470022878817268
0 0.8818928110904171 0.4886828283000357 0.0673420361043533 0.032046967578284936
0 0.4219971989667277 0.0787801225598582 0.034647710772388506 0.049681006667959784
0 0.034618877052608306 0.3579401746955885 0.05482385538619426 0.027901601517208795
0 0.4712795814802851 0.06382493119437033 0.031486349336070064 0.0431759151526907
0 0.7554434196980653 0.6137940117896159 0.06421703610435366 0.031791876063016034
0 0.8781001905789125 0.46947044269412197 0.0704670361043533 0.03230205909355419
0 0.8552955122966402 0.09416742481627463 0.06108294574527377 0.029974284547746866
0 0.7532410911446465 0.4554553533048849 0.03303066861791084 0.040178460910325245
0 0.8688479104264871 0.4491419672399292 0.0673420361043533 0.032046967578284936
0 0.8856763412428424 0.5094577139059494 0.06420794574527378 0.030229376063016032
0 0.04699615720503346 0.37801355863451214 0.07361930718159235 0.037244650608823184
0 0.784133584603543 0.111689506788646 0.07519089754067192 0.038934696366457675
0 0.8800894165748072 0.5302166240576703 0.0704670361043533 0.03230205909355419
0 0.9014826275435877 0.6112434834507867 0.06266362646343318 0.033226830305381407
0 0.909190588414172 0.6285745046626141 0.07205680718159221 0.037117104851188645
0 0.7544672478587007 0.5131403075472504 0.039307939695149584 0.0453761439408634
0 0.764305335290914 0.5669987601226258 0.034629530054229286 0.04655600666795969
0 0.7568968353891099 0.6324164660319813 0.06108294574527377 0.029974284547746775
0 0.7840315071302787 0.6661219152733769 0.03462043969514976 0.04499350666795969
0 0.7909258808632373 0.8232966864852042 0.07519998789975162 0.0404971963664579