0 0.7559934901672382 0.40536837500494294 0.03823332363742153 0.028752291395857908
0 0.21256235456132452 0.4187658165596613 0.0416134151526907 0.03193183847375849
0 0.5170255535128561 0.7365673766265008 0.03823332363742153 0.028752291395857908
0 0.40478064502812516 0.7416560714309253 0.04161341515269079 0.03193183847375849
0 0.45980298487640425 0.7352191107981881 0.04005091515269079 0.0319045649348082
0 0.5569500833494972 0.4205781379905864 0.04148586939505616 0.03036933847375849
0 0.9780116245652039 0.5086767869382215 0.04161341515269079 0.03193183847375849
0 0.1766409589534712 0.3716686741081432 0.031600686364518 0.023955697240056396
0 0.07837880213573023 0.3851192938314898 0.041358323637421625 0.02880683847375849
0 0.6847723233475576 0.36671102394928273 0.03667082363742154 0.028725017856907443
0 0.21863714031701945 0.36858853855648405 0.038105777879787084 0.02718979139585782
0 0.30170344245274966 0.7536260117711228 0.0416134151526907 0.03193183847375849
0 0.3612539145729625 0.7259862069825844 0.025669421820650483 0.06597955600635448
0 0.34393835306351245 0.8780669042226409 0.021906693032477786 0.058112508928453724
0 0.5139001666989944 0.8516293149381035 0.023979376063016034 0.06438978246740419
0 0.3348827332094143 0.7287936071447401 0.023469193032477874 0.058139782467404186
0 0.271329900488137 0.8895050105533068 0.023979376063015943 0.06438978246740419
0 0.49031914548716704 0.8598645547918338 0.025541876063016035 0.0644170560063543
0 0.883925366399432 0.9374893539016245 0.025031693032477875 0.0581670560063543
0 0.9624028578953044 0.42288929140244835 0.04786341515269079 0.03204093262955983
0 0.5306252810930807 0.8552491927791248 0.01970646424430509 0.050272735389503255
0 0.8701341912448017 0.8547995848269011 0.025159238790112327 0.0597295560063543
0 0.32518835306351246 0.8783941866900449 0.027359467578285022 0.06756932954530477
0 0.28976103609405063 0.8852714780859028 0.025796967578285025 0.0675420560063543
0 0.44845050988125335 0.8645071903434929 0.025541876063016035 0.0644170560063543
0 0.1415631679069424 0.7470329127440575 0.025031693032477785 0.05816705600635448
0 0.5769291618187108 0.009098715911038124 0.016358323637421533 0.018197431822076247
0 0.4309441454871671 0.8609009492719466 0.027614559093554192 0.07069432954530477
0 0.8301308156408276 0.9110456306869856 0.025924513335919386 0.0691045560063543
4 0.6644290328807569 0.0467117642067548 0.03823306576151388 0.0934235284135096
0 0.6908320362147368 0.05757180317027592 0.024489559093554193 0.07063978246740407
5 0.7808805015463037 0.8156746294691699 0.025669421820650483 0.0659795560063543
0 0.7662757386694261 0.8667831619365739 0.026307150608823094 0.0737920560063543
0 0.1133115247149851 0.4776107568998588 0.044738415152690704 0.03198638555165907
5 0.8043973630654522 0.9216655308491415 0.029942333639361253 0.08009660308425523
0 0.8600897694241512 0.7892564054437521 0.02681733363936125 0.0800420560063543
0 0.47156914548716716 0.8601918372592378 0.022289330305381404 0.06280000892845372