0 0.6343287666423867 0.39427296226088543 0.04440456493480802 0.03826365909060954
0 0.9537724675358913 0.48319950000659057 0.042787517856907445 0.03511138555165907
0 0.42359404383478505 0.5205702297107558 0.03966251785690744 0.03505683847375849
0 0.45567411242304123 0.6067025986233234 0.041197744317957155 0.03352161201270896
0 0.1710888323912691 0.7132016091733351 0.0333034237011061 0.02869774431795715
0 0.07084337054071606 0.7290096156661569 0.04435001785690749 0.035138659090609536
0 0.6756312455357731 0.002811759742527925 0.02686250892845372 0.00562351948505585
0 0.5958275539810548 0.5417752536567433 0.045994338473758486 0.03985343262955983
0 0.20794395008602082 0.7047481810080021 0.042787517856907445 0.03511138555165907
0 0.01787172098417299 0.6096653262988939 0.03574344196834598 0.03500229139585791
0 0.8927843745979057 0.5319057812561787 0.03968979139585756 0.03661933847375849
0 0.9170770369349264 0.4377603149413988 0.0553966120127086 0.04157957386326192
5 0.6686104890462466 0.5779933973260774 0.05224433847375849 0.03996252678536116
5 0.9742719281686284 0.4273898307697113 0.03651024431795733 0.03343979139585791
3 0.10567588677277047 0.4784777816566252 0.10580571509696393 0.0658898271096728
0 0.7195597398603208 0.9254354131543898 0.022775026785361162 0.05194432954530477
0 0.1153408076312075 0.19323971103977416 0.02935230925276531 0.07080342370110611
0 0.7018382260606032 0.7773524691607443 0.030832988635914306 0.06614319724005639
0 0.8249836254119799 0.8814205860447171 0.026118215096963836 0.06449887662320535
0 0.7721995446488592 0.8628166363690287 0.027735262174864595 0.06765115016215581
0 0.09575501055330682 0.1967056302766534 0.026090941558013593 0.06293637662320543
0 0.3612124151796895 0.15692651542457078 0.022720479707460585 0.04881932954530477
0 0.6878488275167098 0.05750361932290007 0.027626168019063257 0.06140115016215577
0 0.3308237114468112 0.2871049391256769 0.041225017856907444 0.03508411201270878
0 0.8356321680223585 0.40559842573629157 0.04591251785690744 0.035165932629560005
0 0.41493210998740926 0.5246264841749827 0.03810001785690744 0.03502956493480802
0 0.1701646753259592 0.18447263717651227 0.02600912094116259 0.05824887662320544
0 0.598123854302071 0.012868598216286425 0.028752291395857908 0.02573719643257285
0 0.2318134671288541 0.3216356720795483 0.029270488635914305 0.06611592370110611
0 0.21535267005095343 0.32504704423852687 0.02757162094116259 0.058276150162155815
0 0.5844510921272065 0.07492867289362251 0.029297762174864593 0.0676784237011061
5 0.613374933036597 0.11816047565356605 0.0325591298696164 0.07554547077900682
0 0.6976681124197459 0.12137520455024768 0.027680715096963838 0.06452615016215582
0 0.27450552759943536 0.29199303652788916 0.042814791395857824 0.03667388555165916
5 0.8740282406678045 0.3088637475709586 0.08245003571381489 0.07016822402541774
5 0.017085426949164643 0.3636670336852201 0.03417085389832929 0.07872501785690744
0 0.1702310848236058 0.31490047686808675 0.04448638555165916 0.042951159090609536
0 0.15377206209543437 0.18397775933549085 0.03724662986961631 0.07562729139585782
0 0.26158456209543435 0.18209588514791736 0.035629582791715644 0.07247501785690749
0 0.2798124107154626 0.1669384894499885 0.03247730925276535 0.07085797077900677
0 0.29864423133231366 0.16192370698258438 0.030969356330665932 0.07395569724005649
0 0.31976525487126395 0.1599930142067548 0.030969356330665932 0.07395569724005649
0 0.3439703681017888 0.16035152435302452 0.03102390340856669 0.07708069724005648
0 0.38422144683631465 0.2705526388013654 0.0428420649348082 0.03823638555165916