0 0.006104138272747228 0.4421265868175855 0.012208276545494456 0.03030912628012423
0 0.8415243105641661 0.7309157570454617 0.036387785892771515 0.028564615756780754
0 0.7838894093194106 0.7252048123636033 0.031463487552445456 0.02516659997176518
0 0.883593411394003 0.7349353991106017 0.04143048340326061 0.03352513154179615
0 0.047492735878838246 0.5434230472844594 0.044437084233097446 0.032144642065139804
0 0.16630101284853996 0.6013482103256995 0.041548882573423464 0.035087631541796324
0 0.5628622398275305 0.2972262126035997 0.03494368506293455 0.030036110495108837
0 0.6837961661678879 0.6377664545699175 0.04143048340326043 0.03352513154179633
0 0.011389000512842624 0.4897296289109603 0.022778001025685248 0.032053636803468066
0 0.6167801452214708 0.31056764676211446 0.039867983403260435 0.03343412628012441
0 0.047696413268102845 0.40611276308359245 0.03482528589277141 0.028473610495108836
0 0.6774808468811447 0.3172418519673165 0.041548882573423464 0.03508763154179624
0 0.2567692956410337 0.10127188659170656 0.023367567636357923 0.06202956314006221
0 0.2660627078834513 0.030405649745886186 0.0209995842330974 0.030779563140062183
0 0.24620938132402365 0.1681408681758551 0.028765462657336018 0.07167757892507773
0 0.716625857254107 0.3391392387707846 0.026729365976683895 0.06533657366340595
5 0.7789930348438642 0.4895102360693615 0.04299298340326061 0.03361613680346807
0 0.4138551321492162 0.36858673116062557 0.040910265146847105 0.0677181210184525
0 0.7336357584988624 0.3424840466491749 0.02313076929603195 0.058904563140062205
0 0.8279446333986161 0.20594657814861886 0.02360436597668425 0.06515456314006221
0 0.8490383833986161 0.2071751491811888 0.021568269296032127 0.05881355787839038
0 0.3841605898321748 0.09770581278712634 0.025403664317010043 0.06837056840173403
0 0.9313153192867432 0.3743997175123357 0.026255769296032128 0.05908657366340595
0 0.7734939317389421 0.19963639399010416 0.01965057178554286 0.05403505261671846
0 0.5855086796643497 0.18476400995864634 0.02109467261537983 0.05256355787839033
0 0.6010152804941866 0.18723656257536483 0.025522063487172987 0.06993306840173404
0 0.6241451271748387 0.18230613886960664 0.025285265146846925 0.06680806840173403
0 0.6686171775897571 0.18568103882725434 0.025166865976683894 0.06524556840173404
0 0.7903854338135347 0.2045437018684945 0.023367567636357833 0.06202956314006221
0 0.6832949842284531 0.19909109144397283 0.026966164317009954 0.06846157366340586
0 0.07598643401402724 0.4469953683170294 0.04275618506293442 0.030491136803468065
0 0.7778476997855742 0.3285804413451508 0.03650618506293455 0.030127115756780665
0 0.1868205420933268 0.9415328655450192 0.01988737012586883 0.05716005261671882
0 0.6452980767599202 0.1827534599021766 0.025048466806520862 0.06368306840173403
0 0.071594009324055 0.4946061156861935 0.044555483403260474 0.033707142065139806