0 0.379212426797855 0.24568795404995222 0.04222604135632881 0.0348477146721816
0 0.44235470553878997 0.6290277127227701 0.04059076674922295 0.03326703333863605
0 0.43444573635114897 0.2580430507240428 0.04059076674922295 0.03326703333863614
0 0.16039407609311995 0.5937329133513628 0.032487168320799585 0.02692612667090888
0 0.9332023374656595 0.7065752887889489 0.04059076674922295 0.03326703333863605
0 0.4924037855653607 0.2618407600652243 0.038955492142117264 0.03168635200509069
5 0.9917616805196541 0.6316212894652666 0.016476638960691757 0.036319308004454244
0 0.5027526265501859 0.14874132340067872 0.027547111248705035 0.054978401336727115
0 0.6429540190210254 0.6274577640833598 0.04393409057054054 0.03799089600572714
0 0.8229176548768363 0.6857713454407678 0.040736315963434674 0.036392033338636054
0 0.06324509429008503 0.5699585113383179 0.040517992142117154 0.03170453333863606
0 0.9581187925946739 0.5374258467934032 0.04691354135632899 0.03490225867281786
0 0.2013101745215434 0.6004556280235444 0.04222604135632881 0.0348477146721816
0 0.27514135690547886 0.2241754860359529 0.04393409057054054 0.03799089600572696
0 0.31555868755122196 0.10283683537554351 0.02769266046291676 0.05810340133672711
0 0.8350985537623256 0.24318440344522213 0.03296235731976367 0.07065794533736351
0 0.8547110787837162 0.09427473611549468 0.02940070967712849 0.06124658267027257
0 0.24370080417661044 0.08560333469922578 0.0262757096771284 0.06121022000318168
0 0.44403044396136265 0.12853736405949728 0.029546258891340216 0.06437158267027257
0 0.4860188908182096 0.14151916939845155 0.029546258891340216 0.06437158267027257
0 0.3343729617440431 0.25531694537713434 0.029691808105551852 0.06749658267027261
0 0.261887877997928 0.09049992003499838 0.029691808105551942 0.06749658267027256
0 0.46225390508623326 0.13421519939526988 0.031254308105551944 0.06751476400381798
0 0.8414170202638797 0.1776684914464948 0.027838209677128488 0.06122840133672711
0 0.4203746201400452 0.12357714405631559 0.029546258891340216 0.06437158267027257
5 0.7523202870131026 0.209426474100859 0.028420406533975394 0.07372840133672716
0 0.29733522642635146 0.09715900003977089 0.02983735731976358 0.07062158267027256
0 0.11763707195929074 0.21219201201463572 0.031108758891340127 0.06438976400381798
0 0.9441162586819433 0.6223730114576307 0.051819365177646404 0.03964430267345431
4 0.6531681968523376 0.9604584313733163 0.0430651033908223 0.0790831372533674
5 0.7748245256405631 0.10583839743790428 0.03659677956950454 0.08163180800445433
0 0.7381635876750565 0.15694636409926815 0.03139985731976367 0.07063976400381802
0 0.40266058126491566 0.12883680872054298 0.03139985731976367 0.07063976400381802
0 0.68107487303102 0.9597526434197687 0.026421258891340216 0.0643352200031817
0 0.3154774125298313 0.25197376937458904 0.02769266046291676 0.05810340133672707