0 0.80234375 0.5765625 0.03359375 0.02890625
0 0.72734375 0.44453125 0.0359375 0.02734375
0 0.59921875 0.4015625 0.03203125 0.02578125
0 0.67421875 0.446875 0.03359375 0.02578125
0 0.54296875 0.5328125 0.04453125 0.03125
0 0.55859375 0.4453125 0.03125 0.02578125
0 0.84453125 0.44453125 0.0328125 0.028125
0 0.6484375 0.5796875 0.0359375 0.0265625
0 0.0484375 0.52578125 0.03203125 0.0265625
0 0.3453125 0.57578125 0.03359375 0.02890625
0 0.55234375 0.4015625 0.034375 0.0265625
0 0.06328125 0.57109375 0.03828125 0.0265625
0 0.5546875 0.35625 0.02890625 0.02421875
0 0.94296875 0.3546875 0.03671875 0.02734375
0 0.31875 0.528125 0.0359375 0.03125
0 0.79765625 0.4421875 0.0359375 0.02734375
0 0.84375 0.3515625 0.0265625 0.02265625
0 0.734375 0.53984375 0.03046875 0.028125
0 0.65390625 0.4015625 0.03515625 0.03125
0 0.9234375 0.54296875 0.03515625 0.0265625
0 0.5671875 0.48984375 0.03828125 0.03359375
0 0.95546875 0.5828125 0.034375 0.02734375
0 0.18671875 0.528125 0.0359375 0.028125
0 0.0671875 0.48359375 0.0375 0.02734375
0 0.64921875 0.4890625 0.03828125 0.02890625
0 0.8046875 0.353125 0.03515625 0.025
0 0.26640625 0.3234375 0.03203125 0.06171875
0 0.23359375 0.896875 0.01484375 0.05859375
0 0.43046875 0.334375 0.03359375 0.04453125
0 0.23203125 0.9765625 0.01484375 0.04609375
0 0.83046875 0.86953125 0.01484375 0.06015625
0 0.65546875 0.36015625 0.028125 0.0265625
0 0.2140625 0.4359375 0.04140625 0.05234375
0 0.61953125 0.73828125 0.0359375 0.028125
0 0.8125 0.8671875 0.015625 0.0640625
0 0.5625 0.74453125 0.03203125 0.02578125
0 0.71796875 0.72109375 0.015625 0.06484375
0 0.6265625 0.8640625 0.0140625 0.06484375
0 0.23203125 0.83359375 0.0234375 0.0703125
0 0.6734375 0.7375 0.03828125 0.02890625
3 0.36328125 0.87109375 0.034375 0.16484375
5 0.30859375 0.975 0.0171875 0.05
0 0.65 0.8640625 0.01484375 0.0625
0 0.60859375 0.86484375 0.01328125 0.065625
0 0.75546875 0.86640625 0.0140625 0.05625
0 0.3875 0.24375 0.025 0.0625
0 0.3234375 0.21875 0.02421875 0.06640625
0 0.15625 0.57109375 0.03984375 0.03203125
5 0.315625 0.865625 0.021875 0.075
5 0.6109375 0.440625 0.040625 0.034375
0 0.9328125 0.721875 0.01953125 0.0703125
0 0.778125 0.740625 0.04140625 0.034375
0 0.73671875 0.721875 0.01796875 0.0625
0 0.771875 0.86875 0.01875 0.0734375
0 0.6671875 0.85859375 0.01875 0.06796875
0 0.58515625 0.859375 0.015625 0.075
0 0.5671875 0.8578125 0.01484375 0.053125