5 0.4112862293920882 0.4233569262930552 0.03648294000636341 0.04771145459715278
0 0.47632887937617985 0.30462380366788155 0.025363626670908877 0.03183188145888884
0 0.42849771733768166 0.02206653001652742 0.0348477146721816 0.04142508700597225
0 0.48434082670272555 0.2544237819163885 0.03170453333863606 0.039789851823611146
0 0.458982673456358 0.8958125013311802 0.03799089600572714 0.043060322188333444
0 0.5004738093570898 0.16339873841340236 0.0348840773392725 0.04455008700597225
0 0.5848862667090889 0.29897125608083286 0.0380090773392725 0.044622822188333355
0 0.5250316507399513 0.5277697097280551 0.03323067067154532 0.036701219414791805
0 0.46042316339113365 0.4151800971708677 0.03326703333863605 0.03982621941479163
0 0.4243578467138615 0.3378733679724302 0.034865896005727134 0.04298758700597229
0 0.5555373107494962 0.5973912254956245 0.03799089600572696 0.043060322188333444
3 0.6012096060232262 0.1571467787822564 0.062264737348817434 0.11548083605604172
0 0.4464135653644076 0.21857785410472186 0.0348477146721816 0.04142508700597221
0 0.5049582447883125 0.8845834073913537 0.03170453333863606 0.039789851823611146
0 0.4674902287157705 0.3509357592149649 0.03482953333863605 0.0398625870059723
0 0.4117264127943578 0.9312967128621871 0.03482953333863605 0.03986258700597247
0 0.49440781206236084 0.4479919439604857 0.034865896005727134 0.04298758700597229
0 0.46851473734881743 0.1031885902370135 0.03166817067154533 0.03666485182361114
0 0.5244793094366316 0.7489361949104163 0.03799089600572696 0.043060322188333444
0 0.4093124600174992 0.11941430870187467 0.02692612667090888 0.031868249050069464
0 0.8297844274347226 0.7277638308346174 0.07065794533736351 0.031324041603125075
0 0.473589518777813 0.8079488254193746 0.03799089600572714 0.043060322188333444
0 0.3784822727164068 0.3576962119122566 0.03482953333863605 0.0398625870059723
0 0.49186844613299385 0.9685044657119788 0.0364102146721816 0.04146145459715278
5 0.43540388737268004 0.27978811103857604 0.036464758672817864 0.04614895459715278
0 0.4125792934436313 0.8031171614754162 0.04115225867281787 0.04625805737069442
5 0.5009685367599956 0.6760260249825343 0.04273294000636341 0.04785692496187508
0 0.9139374200349983 0.23661019434173536 0.07694430800445425 0.03459451196784728
0 0.9278684861154947 0.8294152901814229 0.0471477200031817 0.024528527735416715
0 0.9191698126989077 0.21617040777260338 0.0691136266709087 0.0328501740119445
0 0.8672822380649061 0.45806827346392287 0.07065794533736351 0.031324041603125075
0 0.8779561087284972 0.43515745032565895 0.0738011266709087 0.03295927678548623
0 0.7556993007240428 0.40518162243774236 0.033285214672181596 0.04138871941479181
0 0.8808720233927246 0.4171159651432979 0.06597044533736351 0.031214938829583438
0 0.8495525821132676 0.8148274197404508 0.0612102200031817 0.024855836056041625
0 0.7790855407781312 0.8031827113435757 0.05810340133672707 0.026345600873680652
0 0.7566430880410435 0.2848145710509716 0.05970226400381797 0.029506968464861137
0 0.7552987640435889 0.30360093864215215 0.06437158267027261 0.028053571238402776
0 0.8845237347230883 0.3951500461653465 0.06280908267027244 0.028017203647222287
5 0.37732249876667723 0.7281359984813885 0.05993862133990877 0.04981946846486114
0 0.9020919480426344 0.2931511350711798 0.059647720003181345 0.02481946846486114
0 0.21890946741722345 0.6130409413950345 0.07549089600572696 0.04393314437666671
0 0.4588402926877718 0.1448312295796871 0.03962612133990895 0.04934668977951393
0 0.7532288287316788 0.46150435762010356 0.037954533338636055 0.03993532218833344
0 0.7644379540499522 0.3502759168906591 0.036464758672817864 0.04614895459715278
0 0.7820061673694984 0.2482770057964924 0.03797271467218159 0.04149782218833335
0 0.7895630340149539 0.09180880024940906 0.07229317067154514 0.037610409194305625
0 0.9081237720400891 0.27425566470645757 0.07694430800445425 0.03459451196784728
0 0.878836808720543 0.3765273327344784 0.0706761266709087 0.032886541603125076
0 0.866700982733906 0.4752739572595132 0.058085220003181705 0.02478310087368065