0 0.9321920345896302 0.4281422819994396 0.04165981969842605 0.03082410266556703
0 0.06188307723777915 0.7161143964765031 0.03853481969842587 0.0307331744523216
0 0.11952948190319579 0.710742586368231 0.033573917624907336 0.027471782132453625
0 0.020907292506736782 0.7203556155976907 0.041814585013473564 0.03560253087881229
0 0.8693318666818991 0.5289175203209571 0.04662072177194432 0.034085494985435005
0 0.7459634257299085 0.5872037302709447 0.045331623845462944 0.03716503087881229
0 0.37315737012226907 0.282641633082161 0.03710902073518518 0.03225021034569897
0 0.22667689203523267 0.6230045571387712 0.04519492280870363 0.03560253087881229
0 0.9202785034868526 0.4747899614663263 0.045058221771944316 0.034040030878812286
0 0.31873371027305614 0.2959396034569899 0.043495721771944315 0.03399456677218975
0 0.8789494573983341 0.3921305741610231 0.03697231969842605 0.03068771034569897
0 0.25704435457088015 0.30276025329870526 0.045331623845462944 0.03716503087881247
0 0.6934089559377317 0.08675143771364979 0.028768840433611054 0.06161946159934022
0 0.6878027963713426 0.02549568896729103 0.024394407257314833 0.01161946159934022
0 0.6992495613570836 0.1542799185133199 0.035839046654166574 0.07117631802583091
0 0.215999689537871 0.3242799006331382 0.032167242507129504 0.06483538981258566
5 0.14251508845384347 0.47487328252816496 0.04675742280870363 0.03564799498543501
0 0.516497975541621 0.3541709552646271 0.04663984561740726 0.06993206677218974
0 0.1991833364275932 0.3284900275136001 0.030057938360092473 0.058539925705962934
0 0.11555877507050963 0.19212296700961656 0.0290422425071295 0.06474446159934022
0 0.09432832403375035 0.19307170157021036 0.027069639396851742 0.0600114974927175
0 0.566778105419352 0.08385009507721264 0.030878144580648127 0.06791492570596289
0 0.00741886536270865 0.3602615500791423 0.0148377307254173 0.05858538981258556
0 0.1701485302543059 0.18587897868809905 0.025097036286573983 0.055278533386094876
0 0.35949399425055584 0.1702409214828208 0.026386134213055447 0.0521989974927175
0 0.3428143421770374 0.17288854836328263 0.03257734561740726 0.06952288981258556
0 0.32049984476893545 0.16832306881725376 0.030741443543888813 0.06635242570596293
0 0.2755584916586577 0.17171484177850735 0.030604742507129502 0.06478992570596284
0 0.15333217714402814 0.1900891055685609 0.028768840433610963 0.06161946159934022
0 0.26026568232782443 0.18536816481890322 0.03087814458064795 0.06791492570596294
0 0.8479831299242138 0.43274120229512614 0.04492152073518518 0.03247753087881229
0 0.15574569472166727 0.3146943004748537 0.038671520735185136 0.03229567445232169
0 0.6998930507531499 0.9257888571514066 0.026932938360092605 0.05844899749271733
0 0.29933774425055587 0.16849055337784755 0.03046804147037028 0.06322742570596289
0 0.849350848821436 0.47977532666830564 0.046757422808703805 0.03564799498543501