0 0.5080008315338052 0.03550492886927877 0.03420997925407558 0.040517992142117154
0 0.28556938587419384 0.710697635650923 0.03252908008391255 0.03888271753501123
0 0.36955237695112414 0.7838568457423364 0.03589087842423862 0.04215326674922295
0 0.4672230501912039 0.6352866050479612 0.035654080083912555 0.03902826674922295
0 0.4564846145035695 0.7564531296550671 0.03193708423309758 0.031070217535011223
1 0.5453937491515854 0.723507888960692 0.04701855518880329 0.08626713978475245
0 0.32462911802805444 0.8630199609199828 0.02736798340326043 0.03241439371369381
5 0.549280378825224 0.4975639731210918 0.037690176764564674 0.045351041356328815
0 0.3676491026807148 0.6445952925991831 0.03420997925407558 0.040517992142117265
0 0.4979617194825914 0.763863215263209 0.03061138257342346 0.03412244292790554
0 0.3742371091049848 0.9377802123677249 0.04117037427505377 0.05018409057054072
0 0.3003809375385122 0.5255049983473702 0.03420997925407558 0.040517992142117265