0 0.4884423856725462 0.5694633346523714 0.03379464664195542 0.029079746239076342
0 0.4362003285936373 0.520238572973889 0.03535714664195542 0.029125210345699058
0 0.5570956711519086 0.48465407713052394 0.0386458377489479 0.033903638558944495
0 0.4214185767795387 0.5628208780675961 0.03541171034428636 0.03068771034569906
0 0.5884696675237115 0.571591787476223 0.03859127404661713 0.03234113855894449
0 0.038365485402393706 0.6705458322115959 0.03697421034428625 0.030733174452321776
0 0.5329736356725462 0.5707590616911178 0.032232146641955416 0.029034282132453626
0 0.2695138587155222 0.23228862892552588 0.02044147477225655 0.04898306927947216
0 0.44096223966356296 0.47345450118713417 0.036810519237293705 0.026045674452321775
0 0.4922866374866447 0.5265627808123055 0.03390377404661713 0.03220474623907634
0 0.27756695009266724 0.11365228919208259 0.022440484390903404 0.061528533386094875
5 0.1024279854023937 0.6724098605831259 0.04316964664195542 0.02935253087881229
0 0.3822047985565704 0.47643709718878374 0.043333337748947896 0.034040030878812286
0 0.8900223100741338 0.11035773693486225 0.025674611795565027 0.06474446159934022