0 0.39837527437662934 0.44239315806176477 0.041868506667959784 0.03596667490485981
0 0.46514818619534015 0.4256566442216004 0.03848841515269079 0.03271434091247087
0 0.412374130435766 0.48075532110362645 0.040178460910325245 0.03434050790866543
0 0.016749657796168 0.38024857410655705 0.033499315592336 0.03596667490485981
0 0.5667584836199646 0.4113938729670621 0.04499350666795969 0.036094008897248564
0 0.24911027420745144 0.9164447647915666 0.03140923879011233 0.060457338935304604
0 0.4417428949796335 0.5216058141835442 0.04161341515269079 0.032841674904859806
0 0.46710942786039045 0.46840255973491995 0.038615960910325244 0.03427684091247105
0 0.24340202133251357 0.8146740177573161 0.029081464244305088 0.0510186719391104
0 0.5092808234682438 0.4191864683281574 0.040178460910325245 0.03434050790866543
0 0.38888896194909534 0.5299886585560564 0.04317591515269079 0.03290534190105419
0 0.8658830570882085 0.839143552283365 0.03322683030538158 0.06364600593149916
5 0.07791899528889426 0.3713563937644898 0.05213632697140151 0.04728617688202617