0 0.5686993942018657 0.574974083774931 0.036650131541796326 0.0398625870059723
0 0.592920331273565 0.3344588397588547 0.036741136803468064 0.04142508700597229
0 0.5830587548381488 0.45984004625586844 0.034905621018452494 0.036701219414791805
0 0.5788031653191401 0.507332642095556 0.035087631541796324 0.03982621941479181
0 0.5399002890390159 0.4689780037028129 0.036650131541796326 0.03986258700597212
0 0.5294170863234753 0.5568955777910073 0.03665013154179615 0.03986258700597212
0 0.09901549673387955 0.6685876522604515 0.0657005947100933 0.02961607123840295
0 0.2053487967197621 0.685886214665139 0.05301858418674961 0.026200130508958353
0 0.4844462205666947 0.5215204690335421 0.032053636803468066 0.04131598423243048
0 0.48124489683270155 0.5737187486688198 0.03683214206513998 0.04298758700597212
0 0.12345218152767878 0.056706554520902876 0.06432010523343701 0.03270470364722229
5 0.6652452544146259 0.9064617795383686 0.03866765785015538 0.04771145459715278