0 0.4702537827895442 0.4773422940872562 0.03584896879233561 0.030528734160558103
0 0.5822181942549334 0.4898419301090703 0.0294351944820761 0.026966691585911206
0 0.09475473654387434 0.2930722928267485 0.035848968792335525 0.03052873416055819
0 0.538263476367109 0.4828763820865417 0.034040807326946344 0.02573197351689647
0 0.6380554364530173 0.5007519329590618 0.03741146879233561 0.030637994804219915
0 0.48188067955561226 0.5209666079492267 0.0325601944820761 0.027185212873234655
0 0.29003949683218133 0.7963333226640467 0.01808161465389251 0.04796760643661742
0 0.9997388076656305 0.5807168464723856 0.000522384668738951 0.031544930942249395
0 0.502306044209505 0.5690981053513365 0.03552142017181659 0.0242787341605581
0 0.5389119295556123 0.52495462144288 0.034286468792335614 0.030419473516896466
0 0.2871369041136991 0.904326139123907 0.02202548620519007 0.06381112772394104
0 0.4481950763216805 0.5614223631450066 0.0388101944820761 0.027622255447881727
5 0.16070728516439337 0.30391123986054136 0.04555151741285455 0.03743429802252862
0 0.9010599632496679 0.9942348631450066 0.02342421189493038 0.011530273709986716