0 0.55390625 0.4515625 0.034375 0.02734375
0 0.309375 0.46484375 0.0359375 0.02734375
0 0.4359375 0.45546875 0.03125 0.0265625
0 0.484375 0.45234375 0.034375 0.0265625
0 0.45546875 0.49609375 0.03515625 0.02734375
0 0.54453125 0.49296875 0.03359375 0.02734375
0 0.7546875 0.8953125 0.015625 0.0625
0 0.74765625 0.7890625 0.015625 0.04921875
0 0.5203125 0.5421875 0.0359375 0.0234375
0 0.57265625 0.5375 0.03671875 0.0265625
0 0.1421875 0.9640625 0.01875 0.06015625
0 0.9859375 0.29296875 0.02734375 0.02890625
5 0.86015625 0.3078125 0.0421875 0.02734375