0 0.3359375 0.32890625 0.0328125 0.025
0 0.084375 0.421875 0.034375 0.02578125
0 0.540625 0.5796875 0.0328125 0.02734375
0 0.4140625 0.496875 0.040625 0.02578125
0 0.58203125 0.49453125 0.03359375 0.02890625
0 0.3640625 0.3796875 0.03671875 0.0265625
0 0.22265625 0.56796875 0.03828125 0.02578125
5 0.61640625 0.6046875 0.0390625 0.04921875
0 0.215625 0.41484375 0.03984375 0.03203125
0 0.28515625 0.36875 0.02734375 0.02265625
0 0.4203125 0.58046875 0.04140625 0.02890625
5 0.7515625 0.81875 0.015625 0.075
5 0.75234375 0.96171875 0.01796875 0.0765625