0 0.43013488627391555 0.16815716201609748 0.036997255447881724 0.03890067391627663
0 0.34290730992669805 0.39970293376492727 0.03543475544788173 0.038837006920082205
0 0.4015896331718224 0.04004674946852736 0.03543475544788173 0.038837006920082226
0 0.36096743916324814 0.8596509367306769 0.03576253737886681 0.04352450692008247
0 0.8511500427498738 0.7997202494313462 0.06871714901126431 0.024612680836358793
0 0.35567328780619534 0.9295960222059403 0.03543475544788164 0.038837006920082476
0 0.47569194879850374 0.561956241559862 0.030528734160558103 0.03552100593149898
0 0.42368668840694357 0.6361550869209573 0.04313799480421991 0.037592841901054184
0 0.9974537902288585 0.1658851244127558 0.005092419542283011 0.022639003954332715
0 0.315365362059726 0.8685603631184116 0.03609031930985207 0.04821200692008247
0 0.38806163677811867 0.3171650063886096 0.03565327673520517 0.0419620069200823
0 0.3806090417414677 0.5243063443353311 0.03732503737886681 0.043588173916276673