0 0.9464304197175102 0.6777585820874317 0.04113845222957302 0.03173467887824373
0 0.7398762370105498 0.12828976933341849 0.025229228964778017 0.07137703301668674
0 0.9964150861577 0.6781547297580109 0.007169827684599994 0.03173467887824373
0 0.6042872063400723 0.48235539235505415 0.03612317029858776 0.026801517412854636
0 0.7528511204344739 0.25818198722124286 0.02312042574646931 0.06348264586155698
0 0.5527247063400723 0.47965311623577217 0.037794930942249574 0.028445904567984216
0 0.32005930783301106 0.5920015507682257 0.037794930942249484 0.028445904567984216
0 0.7702135830556068 0.21705902023792967 0.023338947033792933 0.06660764586155699
0 0.7284527819309853 0.04284691429046437 0.02253056386197052 0.01052142017181652
0 0.7700775532183087 0.048141923901402796 0.021405106436617416 0.016689533016686787
0 0.1220113938154842 0.06399498021229626 0.030932925746469397 0.06389208163720576