0 0.5091098169441497 0.4692884412536632 0.031404536104353474 0.02783583992388792
0 0.4419223169441498 0.46655076041730437 0.03453862646343318 0.029525673916276675
0 0.5536183410464506 0.4750092006452034 0.031395445745273774 0.026273339923887917
0 0.450270627249 0.5090884288963735 0.031404536104353474 0.02783583992388792
0 0.6098319796101321 0.48355121250820143 0.03610112646343318 0.029589340912471052
0 0.5057348320694602 0.5121298572612745 0.032967036104353656 0.02789950692008212
0 0.07642964803165128 0.29458959980971955 0.03452953610435352 0.027963173916276583
0 0.24310198010111153 0.792903718896811 0.017469301131468117 0.04913783695813834
0 0.23390826640185675 0.8956785504177418 0.017523843285945872 0.05851283695813834
0 0.47108712129707175 0.5576041833449977 0.03452044574527378 0.026400673916276672
0 0.4211143923743105 0.5508793394667773 0.03608294574527378 0.026464340912471053
0 0.8428560195251148 0.9807505467291456 0.020685204722264317 0.038498906541708774
5 0.1404376058771736 0.3065749466536897 0.04082498789975162 0.03603034190105418