0 0.15963886364085722 0.6632215360832859 0.04114319724005648 0.031342841901054186
0 0.19009793101129735 0.7098073760071737 0.036455697240056484 0.031151840912470873
0 0.7580878206201463 0.507791161633349 0.03968979139585791 0.03752917490485981
0 0.5928895146137918 0.5213867935348407 0.036428423701106286 0.029589340912471052
0 0.5090696680223585 0.4413544422422464 0.038045470779006864 0.03277800790866543
0 0.36108613555495445 0.4540879111018764 0.03489319724005639 0.031088173916276673
0 0.5860276343371386 0.42181787505577156 0.03659206493480802 0.03896434091247105
0 0.08047351502082897 0.674850102775469 0.031686376623205434 0.026273339923887917
5 0.6282754099046837 0.3305044669568257 0.034012535713814886 0.07008700692008221
0 0.00632540767257027 0.6327315869581384 0.01265081534514054 0.028634335969555023
5 0.7097453725660157 0.18684465026464253 0.02628185633066593 0.07445617193911028
5 0.6982096290588374 0.08630348079699018 0.024664809252765353 0.07126750494291587