0 0.5620144521280781 0.5726906209378673 0.03596667490485981 0.03966251785690744
0 0.037469391367393946 0.6704897780031771 0.02133117193911027 0.0253545560063543
0 0.5235302722803026 0.5095633295420094 0.031088173916276673 0.03489319724005639
0 0.5315536779077903 0.45739685754518666 0.03446784190105419 0.041197744317956975
0 0.5845274861970167 0.3396559784863492 0.03596667490485981 0.03966251785690744
0 0.197990397298893 0.7013966789761119 0.04932883794672147 0.022720479707460585
0 0.5811279135733344 0.39034177110002305 0.03277800790866543 0.038045470779006864
0 0.4893224155505006 0.398107632301953 0.03277800790866543 0.038045470779006864
0 0.29505905688071354 0.6695211619299833 0.06995967292769345 0.030887535713814883
5 0.6660413548269976 0.9031787361969869 0.0347225098858317 0.04744774431795733
0 0.10804726334587285 0.06512221387914793 0.06520850593149907 0.029243215096963926
0 0.5883263068435325 0.27960882264215065 0.03921900889724857 0.0428420649348082