0 0.55546875 0.45 0.0328125 0.02734375
0 0.48828125 0.45 0.03046875 0.025
0 0.3875 0.4578125 0.03671875 0.02734375
0 0.5453125 0.49296875 0.03125 0.0265625
0 0.92421875 0.29921875 0.0328125 0.02734375
0 0.44453125 0.453125 0.0328125 0.0265625
0 0.73046875 0.11640625 0.015625 0.0625
0 0.74765625 0.78828125 0.01484375 0.04765625
0 0.75234375 0.89375 0.01484375 0.05546875
0 0.5234375 0.53984375 0.03359375 0.0234375
0 0.48984375 0.4921875 0.0328125 0.02578125
0 0.5734375 0.53671875 0.03359375 0.02578125
0 0.1421875 0.95546875 0.01796875 0.06171875
5 0.8578125 0.30703125 0.04140625 0.0296875