0 0.694027161596168 0.3829441026739227 0.043651840912471054 0.03667388555165925
0 0.16806288638729702 0.2543171274339843 0.04527800790866539 0.03826365909060954
0 0.5572301571475438 0.3594775547852431 0.04208934091247105 0.03664661201270878
0 0.3051238290866539 0.3800592414752881 0.04967634783255317 0.06956820616851012
0 0.10323638243296433 0.23444891233702042 0.04527800790866539 0.03826365909060954
0 0.1978086665762649 0.7927347451287361 0.03555018083635884 0.06776024431795698
0 0.25716778463759216 0.563466030842551 0.03555018083635879 0.06776024431795716
0 0.44781800646297165 0.4332951099808186 0.037274506920082294 0.03343979139585791
0 0.3599532505314726 0.4036564285690748 0.04798651384016441 0.06641593262955983
0 0.6866139096190016 0.3734463717486462 0.04046317391627667 0.03505683847375849
0 0.1675243755128821 0.20278190097293466 0.051719008897248564 0.04306025324641087
0 0.4478087361970166 0.3372695438281945 0.04215300790866543 0.038209112012708865