0 0.45745672767227513 0.916963223560008 0.03667388555165907 0.04239657825883114
0 0.8299691071381495 0.68274119702182 0.06301819724005639 0.030051114363184795
0 0.9599742069759938 0.655419652038672 0.07088524431795733 0.03322156615858276
0 0.27323827150706015 0.38985634377692513 0.03505683847375849 0.03926248789975162
0 0.8762537719108019 0.6934105314289714 0.0677056972400564 0.030078385440423537
0 0.47266471630818935 0.9825064103282914 0.036455697240056394 0.02989657825883114
0 0.5723048372526472 0.5584462207313375 0.03349433847375849 0.0392533975406721
0 0.6338225844099782 0.8151456726249316 0.05539661201270896 0.040943162567786476
0 0.42622730925276536 0.06783992233034397 0.03519320616851011 0.04707498789975158
0 0.613566811278065 0.6394644165748073 0.052407979707460584 0.04873748184962743
0 0.41492435429548047 0.9422132084346975 0.04147047970746058 0.048673849336070066
0 0.8719119561685101 0.04180712481311312 0.07721706493480837 0.03794542759490127