0 0.55625 0.45078125 0.03359375 0.02734375
0 0.38203125 0.4609375 0.0359375 0.02890625
0 0.48828125 0.4515625 0.03046875 0.025
0 0.9234375 0.2953125 0.03359375 0.0265625
0 0.44453125 0.4546875 0.03359375 0.0265625
0 0.8296875 0.265625 0.0375 0.02734375
0 0.7546875 0.89140625 0.01484375 0.05859375
0 0.546875 0.4921875 0.0328125 0.0265625
0 0.80546875 0.60703125 0.01640625 0.06015625
0 0.4890625 0.49375 0.03046875 0.028125
0 0.75234375 0.78671875 0.01328125 0.046875
0 0.51953125 0.54140625 0.03203125 0.02265625
0 0.703125 0.76640625 0.01171875 0.0296875
0 0.14609375 0.96875 0.01484375 0.0515625
0 0.575 0.53671875 0.034375 0.03046875
5 0.859375 0.30390625 0.04140625 0.0296875