0 0.39193146790822786 0.24296875 0.032841674904859806 0.0390625
0 0.3725063527754691 0.0921875 0.03290534190105419 0.040625
0 0.6930960143716371 0.46328125 0.036157675893442945 0.04375
0 0.6592343034206725 0.6484375 0.036157675893442945 0.04375
0 0.8036409476422728 0.146875 0.0425350098858317 0.046875
3 0.7906713513297754 0.48046875 0.11472834486680358 0.0546875
0 0.2993685079830275 0.828125 0.0713948389353046 0.0265625
0 0.22871381528367057 0.7046875 0.06858817391627658 0.034375
3 0.6724320514063251 0.24375 0.052546679847775654 0.0625
1 0.020067102281177508 0.08984375 0.036950854752635445 0.1015625
1 0.13859815125322567 0.7171875 0.18500635277546912 0.0921875
0 0.17088141064476586 0.76171875 0.08252333992388783 0.03125
0 0.10466882022658644 0.728125 0.07365767589344294 0.04375
0 0.8936384783255322 0.6875 0.06826983893530461 0.0265625
0 0.94258265570185 0.73828125 0.08083350593149916 0.028125
5 0.9845593196951139 0.6765625 0.0308813606097722 0.03125
5 0.2557976497331699 0.31484375 0.0461693458553869 0.059375
5 0.6830458992388783 0.3125 0.044224843878220454 0.05
5 0.6854506576418353 0.35234375 0.0409725098858317 0.046875
3 0.6938971690105418 0.40625 0.04760451186299815 0.05625
3 0.2229811966536896 0.1421875 0.062240014828747636 0.0703125
0 0.7722503206836969 0.33515625 0.032841674904859806 0.0390625