0 0.41476486062502327 0.7199066480675007 0.03626713978475227 0.04363242280870363
0 0.40530858560363264 0.870560758953473 0.03485018899896399 0.04662072177194432
3 0.6923997090534467 0.7018922140427327 0.05291098428423435 0.06687443317629622
0 0.5883200229499668 0.5556801783218066 0.032705492142117265 0.03398402073518518
0 0.4872370200544827 0.6759133488214359 0.037975188998963995 0.046894123845462946
0 0.5924637516526298 0.2909635674358344 0.050111315963434676 0.04017523213953691
0 0.8299789458188803 0.792616375918196 0.041172963606069854 0.04873002591898139
0 0.7001436267550737 0.48078890212000136 0.03790241439185813 0.045331623845462944
0 0.5863873035529287 0.7331312350607418 0.04124573821317572 0.05029252591898139
0 0.2202034538861602 0.26469961262939856 0.07042381596343476 0.04195234561740726
0 0.8671876157968189 0.21044913341106647 0.0668621683207995 0.03230394354388881
0 0.8915540690638066 0.24518571837805725 0.05556079528527036 0.02353453628657398
0 0.28476675992479744 0.13511056597523202 0.07460189371369363 0.031424948727685066
0 0.9785531472283504 0.24863405565412222 0.04289370554329928 0.03162043836009243
1 0.05561680065744458 0.8909571906691667 0.032928124068986576 0.10558561866166656
1 0.1305223697257604 0.2592103217246762 0.19372007485477488 0.11654082544787006
0 0.1588442688161376 0.21045090150787066 0.07958049214211718 0.03808505183796278
0 0.08619017286891355 0.2505379507539353 0.08187073821317573 0.05384675287472209
0 0.9306315316364191 0.19156314090393695 0.08114299214211726 0.03822175287472209
3 0.7045079491286492 0.540808451083242 0.055817660462916766 0.06246033524981467
3 0.7941290672017798 0.4607997393960662 0.11624573821317555 0.056854175683425726
3 0.2490371608726923 0.8332445610742596 0.04873290653397531 0.07740183006601846
5 0.26819376757328334 0.6550710429309726 0.0497132096771284 0.0650385311027776
5 0.6994266509478948 0.6338161573037976 0.04124573821317572 0.05029252591898139
5 0.7059827119489308 0.5893143016016216 0.03499573821317572 0.04974572177194432
0 0.7907408556626245 0.6070007961350015 0.037538541356328815 0.037519123845462944