0 0.8921875 0.3609375 0.0421875 0.03125
0 0.23046875 0.6015625 0.0375 0.0296875
0 0.7375 0.35859375 0.03984375 0.03125
0 0.0796875 0.609375 0.040625 0.028125
0 0.09140625 0.38203125 0.03984375 0.0296875
0 0.165625 0.1859375 0.04296875 0.0359375
0 0.46640625 0.3203125 0.03828125 0.0296875
0 0.7046875 0.140625 0.0171875 0.071875
3 0.490625 0.23125 0.03984375 0.1046875
0 0.80234375 0.7359375 0.01484375 0.0640625
3 0.2484375 0.32734375 0.059375 0.04609375
3 0.4109375 0.31484375 0.05234375 0.03828125
3 0.11953125 0.7671875 0.06484375 0.05078125
5 0.290625 0.73984375 0.0546875 0.03515625
5 0.3171875 0.3203125 0.046875 0.03125
5 0.359375 0.31875 0.0453125 0.03984375
0 0.34765625 0.23125 0.03203125 0.03359375
0 0.75625 0.09140625 0.0203125 0.075
0 0.67265625 0.79140625 0.034375 0.07109375
0 0.7265625 0.8625 0.01953125 0.075
0 0.6921875 0.92265625 0.02734375 0.0703125
1 0.67734375 0.8828125 0.0734375 0.1734375
1 0.0546875 0.96796875 0.10234375 0.06328125