0 0.1703125 0.1546875 0.0421875 0.034375
0 0.475 0.3140625 0.03984375 0.03203125
0 0.14765625 0.50703125 0.04296875 0.02890625
0 0.228125 0.57734375 0.0390625 0.03046875
0 0.0734375 0.571875 0.040625 0.028125
0 0.5875 0.371875 0.03984375 0.0296875
0 0.13359375 0.321875 0.0375 0.03125
0 0.796875 0.7671875 0.01484375 0.0703125
0 0.07890625 0.36015625 0.0390625 0.03046875
0 0.66953125 0.8171875 0.02734375 0.065625
0 0.3546875 0.21484375 0.02734375 0.025
3 0.25390625 0.3 0.05625 0.0453125
1 0.04453125 0.94140625 0.0890625 0.06171875
1 0.66796875 0.90390625 0.07265625 0.1765625
0 0.71875 0.884375 0.02265625 0.07734375
0 0.6796875 0.94609375 0.03515625 0.06640625
0 0.7734375 0.1140625 0.01875 0.08046875
0 0.71640625 0.15234375 0.01875 0.05859375
5 0.72109375 0.0421875 0.0265625 0.084375
5 0.28671875 0.72421875 0.05390625 0.04140625
5 0.32265625 0.30546875 0.04609375 0.0359375
5 0.3671875 0.30546875 0.0421875 0.0359375
3 0.5 0.22265625 0.04140625 0.13046875
3 0.415625 0.3078125 0.0578125 0.04453125
3 0.1078125 0.73046875 0.06875 0.0421875