0 0.23359375 0.5890625 0.0390625 0.02890625
0 0.7109375 0.528125 0.03828125 0.0328125
0 0.08125 0.58828125 0.040625 0.0265625
0 0.1140625 0.48125 0.04140625 0.03125
0 0.571875 0.51953125 0.03828125 0.03125
0 0.01640625 0.52578125 0.0328125 0.03359375
0 0.17578125 0.16875 0.0421875 0.03515625
0 0.48125 0.32109375 0.03984375 0.03125
0 0.6796875 0.8171875 0.02734375 0.065625
1 0.26015625 0.31171875 0.0578125 0.046875
0 0.8109375 0.76328125 0.01640625 0.07265625
0 0.778125 0.11015625 0.01640625 0.07109375
1 0.0484375 0.95859375 0.09609375 0.06171875
1 0.68046875 0.90859375 0.07421875 0.178125
0 0.73125 0.88203125 0.01640625 0.07421875
0 0.69140625 0.95234375 0.0359375 0.0734375
0 0.721875 0.15078125 0.0171875 0.06875
5 0.72421875 0.0453125 0.015625 0.07734375
0 0.36015625 0.22265625 0.03046875 0.0265625
5 0.32578125 0.3125 0.0453125 0.03671875
5 0.3734375 0.31015625 0.04296875 0.03671875
5 0.29609375 0.521875 0.040625 0.0375
3 0.421875 0.31328125 0.053125 0.04453125
3 0.50625 0.22578125 0.03984375 0.1125