0 0.5116269145284867 0.5264332297041653 0.03691964664195524 0.028752291395857908
0 0.21194188385844764 0.6017200073036006 0.043333337748947987 0.033548885551659066
0 0.058653192751455085 0.6037347004864673 0.04322421034428627 0.03042388555165907
0 0.010476164613304733 0.4010812589284537 0.020952329226609466 0.033412517856907444
0 0.45516612731984374 0.3300161513766765 0.043333337748947896 0.033548885551659156
0 0.14609620608311702 0.18156542004765813 0.045059528855940556 0.03826365909060954
0 0.8385292096264962 0.4328601022668856 0.046349210344286004 0.030478432629559828
0 0.7901338273276929 0.7665941741015526 0.021041675497895797 0.065952282467404
3 0.2340723773198437 0.32615694561520336 0.0594494110699257 0.04788412094116259
5 0.5108927937472469 0.4802985693957398 0.04322421034428636 0.03042388555165907
0 0.33187744945969505 0.23405699472169897 0.03217758293962456 0.02710797077900686
3 0.47953369945969504 0.23663434415250606 0.05710815027015244 0.11498980032431164
0 0.7504141730508251 0.11315948254353905 0.026329376223535306 0.08322160308425511
0 0.6355902373013103 0.3120588583559656 0.04168155771188111 0.07568183847375849
0 0.7131943266947207 0.8879822045403618 0.02454862141421188 0.07694432954530477
0 0.675637273792163 0.9561185499139793 0.040064494009550346 0.07409206493480838
0 0.660880347746113 0.8190588806771 0.03230655771188111 0.0755181972400564
1 0.661540057457427 0.909168065947458 0.09711808057737184 0.181663868105084
1 0.04136154374724697 0.9712983015421276 0.08272308749449395 0.05740339691574477
3 0.09524791326254235 0.7646273360381265 0.06887897477225653 0.0496102621748646
3 0.39757188212916705 0.32275703043551396 0.05799603847458741 0.05098184740221221
5 0.2715748002858509 0.7520706091700398 0.055887901451278844 0.03532957386326174
5 0.3452008502780017 0.32262461688067756 0.04667659255827141 0.03985343262955983
5 0.30056047287334 0.32497232102059287 0.043551592558271415 0.039798885551659245