0 0.23359375 0.5890625 0.0390625 0.0296875
0 0.24296875 0.47578125 0.040625 0.0296875
3 0.259375 0.31015625 0.05859375 0.0453125
0 0.48046875 0.48125 0.03828125 0.028125
0 0.08125 0.58828125 0.040625 0.02734375
0 0.05234375 0.428125 0.0296875 0.0265625
0 0.17578125 0.16796875 0.0421875 0.03515625
0 0.7671875 0.01640625 0.01875 0.0328125
0 0.48125 0.3203125 0.03984375 0.03125
0 0.8109375 0.7625 0.01640625 0.07265625
0 0.6796875 0.8171875 0.028125 0.06640625
0 0.74453125 0.08515625 0.015625 0.06796875
0 0.578125 0.51796875 0.04140625 0.03046875
0 0.721875 0.146875 0.01328125 0.05078125
5 0.725 0.04296875 0.0203125 0.08359375
5 0.1078125 0.52109375 0.0484375 0.03125
1 0.04921875 0.959375 0.0984375 0.06015625
1 0.68125 0.903125 0.07265625 0.184375
0 0.7296875 0.88671875 0.0203125 0.0734375
0 0.69375 0.9515625 0.0328125 0.07265625
0 0.77734375 0.10703125 0.01875 0.07265625
0 0.696875 0.1578125 0.01796875 0.071875
5 0.29453125 0.734375 0.053125 0.0375
5 0.32890625 0.3140625 0.04453125 0.03515625
5 0.371875 0.30703125 0.04375 0.03671875
3 0.11875 0.746875 0.0671875 0.0515625
3 0.421875 0.31484375 0.059375 0.04453125
3 0.50625 0.2234375 0.040625 0.11328125