0 0.2296875 0.60390625 0.0390625 0.0296875
0 0.5703125 0.378125 0.0375 0.03046875
0 0.07890625 0.6109375 0.040625 0.02890625
0 0.425 0.3828125 0.03828125 0.03046875
0 0.16484375 0.18828125 0.0421875 0.03671875
0 0.46640625 0.321875 0.0390625 0.03125
3 0.4890625 0.225 0.04375 0.11171875
0 0.8015625 0.73515625 0.0140625 0.06796875
1 0.67734375 0.88828125 0.07734375 0.18359375
1 0.0515625 0.97109375 0.103125 0.0578125
3 0.11953125 0.7609375 0.06953125 0.06015625
3 0.24765625 0.32734375 0.05703125 0.046875
3 0.41015625 0.3203125 0.05546875 0.04609375
5 0.359375 0.3203125 0.03828125 0.0375
5 0.315625 0.32265625 0.04453125 0.03046875
5 0.29140625 0.74296875 0.0546875 0.040625
5 0.346875 0.23359375 0.03046875 0.0375
0 0.75625 0.0984375 0.01953125 0.08046875
0 0.70546875 0.17265625 0.015625 0.071875