0 0.2359375 0.590625 0.0375 0.0296875
0 0.08671875 0.59296875 0.03984375 0.02734375
3 0.2625 0.3140625 0.05703125 0.04453125
0 0.715625 0.471875 0.0390625 0.0296875
0 0.77890625 0.51875 0.0390625 0.03046875
0 0.69453125 0.51875 0.03828125 0.03203125
0 0.98125 0.49375 0.0375 0.0296875
0 0.48203125 0.32265625 0.03984375 0.0328125
0 0.1765625 0.16953125 0.04296875 0.03515625
0 0.8125 0.765625 0.01796875 0.07265625
0 0.68125 0.81953125 0.028125 0.06796875
3 0.51015625 0.23515625 0.046875 0.10234375
3 0.88828125 0.52109375 0.08046875 0.0421875
0 0.3640625 0.225 0.028125 0.02578125
1 0.053125 0.9609375 0.09921875 0.0625
1 0.68515625 0.90859375 0.0703125 0.17265625
0 0.73359375 0.88125 0.01875 0.07734375
0 0.69375 0.95 0.0390625 0.07265625
3 0.11875 0.7453125 0.06171875 0.04453125
3 0.4265625 0.315625 0.05234375 0.04453125
5 0.296875 0.74140625 0.053125 0.0359375
5 0.328125 0.31484375 0.04296875 0.03359375
5 0.37421875 0.3140625 0.046875 0.0359375