0 0.2460318614535928 0.43977074966131574 0.04386131596343468 0.03814845318850324
0 0.09935806864952186 0.4686028358210773 0.04535104135632886 0.03666784034363317
3 0.3281167311793532 0.7056580212580418 0.06490156203449331 0.05483798620519007
0 0.7401842758454509 0.45616379579544386 0.04542381596343468 0.03823034034363317
0 0.79303313998964 0.3970068017883377 0.04549659057054054 0.03979284034363299
0 0.7100579741500399 0.4146690145877795 0.04393409057054054 0.03971095318850324
0 0.9873588167897497 0.38007052804390506 0.02528236642050068 0.03814845318850333
0 0.5417404294839422 0.6513888438501361 0.047131865177646406 0.04143722749876275
0 0.2728941918899389 0.8651835074632318 0.050329639784752266 0.043163501809022266
0 0.7759932274598087 0.14885590683129185 0.03310790653397522 0.07499335594746528
0 0.6361837107105858 0.12329042006027487 0.042410131926869356 0.07392217887824382
3 0.5869673463569997 0.7312500842391976 0.06759422249741007 0.11265048620519007
3 0.8999723447043697 0.37260658808438485 0.09004711124870504 0.05927318068726608
0 0.4455268631062227 0.7715552589335699 0.03263271753501122 0.03132524310259512
1 0.02562504631872759 0.11299796698331321 0.04426373035529287 0.08025406603337357
1 0.6224251176588458 0.06396184418882028 0.10422523531769165 0.12792368837764057
0 0.6751327406943751 0.05154821687177158 0.034961504962398846 0.08132524310259504
0 0.6217679921421171 0.01565049694778227 0.05291098428423417 0.03130099389556454
3 0.09992949524248905 0.3127246500454285 0.07122433664159915 0.056728034825709095
3 0.4885619255550007 0.6698389507021124 0.06177656203449331 0.05467421189493056
5 0.27536398883234825 0.27925265151576656 0.059850188998963993 0.0467798247398008
5 0.39241467162605925 0.690540954320157 0.050329639784752266 0.043163501809022266
5 0.4374360731976358 0.6819162268213942 0.05352741439185813 0.04488977611928178