3 0.2578125 0.3109375 0.0578125 0.04453125
0 0.47421875 0.31328125 0.03984375 0.03125
0 0.23203125 0.58203125 0.03828125 0.02890625
0 0.08515625 0.5828125 0.03828125 0.02734375
0 0.709375 0.37421875 0.0390625 0.03046875
0 0.17421875 0.16796875 0.04296875 0.03515625
0 0.796875 0.746875 0.015625 0.07265625
3 0.4953125 0.2234375 0.0453125 0.103125
0 0.00703125 0.37890625 0.0140625 0.0234375
0 0.35390625 0.22109375 0.02890625 0.025
1 0.05 0.94453125 0.1 0.05546875
1 0.67109375 0.88515625 0.07734375 0.17421875
0 0.67109375 0.79765625 0.03125 0.0625
0 0.721875 0.865625 0.0203125 0.075
0 0.68046875 0.93203125 0.03125 0.0765625
0 0.76484375 0.10390625 0.01953125 0.0703125
0 0.7390625 0.0578125 0.02109375 0.07421875
3 0.415625 0.31015625 0.05546875 0.03671875
3 0.11875 0.734375 0.06953125 0.03984375
5 0.29296875 0.725 0.0546875 0.04453125
5 0.321875 0.31015625 0.04609375 0.0359375
5 0.36484375 0.309375 0.04375 0.046875