0 0.23515625 0.58828125 0.03828125 0.03046875
0 0.08515625 0.5875 0.0390625 0.028125
0 0.27890625 0.52265625 0.03984375 0.02890625
0 0.440625 0.475 0.034375 0.03046875
0 0.88515625 0.49140625 0.03984375 0.03125
0 0.2109375 0.4234375 0.03984375 0.03046875
0 0.1234375 0.52109375 0.03984375 0.03046875
0 0.66640625 0.4828125 0.0453125 0.03125
0 0.1765625 0.16796875 0.0421875 0.03515625
0 0.4828125 0.3203125 0.0390625 0.03125
0 0.8125 0.76171875 0.01640625 0.07265625
3 0.26171875 0.3125 0.0578125 0.04375
1 0.05 0.95234375 0.1 0.0640625
0 0.68046875 0.81640625 0.028125 0.06640625
0 0.7796875 0.1078125 0.015625 0.071875
1 0.68359375 0.90546875 0.0765625 0.178125
0 0.6953125 0.946875 0.0328125 0.07109375
0 0.73125 0.8765625 0.021875 0.0765625
0 0.725 0.146875 0.015625 0.06015625
5 0.725 0.04140625 0.01796875 0.08125
3 0.11953125 0.7453125 0.071875 0.05
0 0.3625 0.21875 0.0359375 0.034375
3 0.50703125 0.22734375 0.03984375 0.115625
3 0.421875 0.30859375 0.05546875 0.04140625
5 0.32734375 0.31796875 0.046875 0.0359375
5 0.37265625 0.3140625 0.0421875 0.03984375
5 0.296875 0.734375 0.05703125 0.04140625