0 0.23515625 0.5890625 0.0375 0.0296875
0 0.384375 0.51640625 0.03828125 0.03203125
0 0.90234375 0.490625 0.03828125 0.0296875
0 0.17109375 0.4859375 0.04140625 0.0296875
0 0.48046875 0.5171875 0.040625 0.0296875
0 0.0859375 0.5921875 0.03984375 0.02734375
0 0.765625 0.4859375 0.0390625 0.03125
5 0.715625 0.53046875 0.05 0.034375
0 0.48203125 0.32265625 0.03984375 0.03203125
0 0.1765625 0.16953125 0.04375 0.03515625
3 0.2609375 0.3125 0.059375 0.04609375
0 0.8109375 0.76484375 0.0171875 0.07265625
0 0.6796875 0.81796875 0.02890625 0.0671875
3 0.50859375 0.23203125 0.04296875 0.1078125
0 0.56328125 0.47890625 0.053125 0.034375
1 0.04921875 0.96171875 0.0984375 0.06875
1 0.68125 0.9046875 0.0734375 0.184375
0 0.69296875 0.9484375 0.03046875 0.06640625
0 0.7296875 0.8796875 0.01875 0.075
0 0.778125 0.11171875 0.02109375 0.0796875
0 0.77734375 0.0265625 0.02265625 0.053125
5 0.2953125 0.74140625 0.05390625 0.040625
5 0.3734375 0.315625 0.0421875 0.0390625
5 0.3296875 0.3140625 0.04296875 0.03515625
0 0.36015625 0.22265625 0.0359375 0.034375
3 0.42265625 0.3125 0.0609375 0.03984375
3 0.59296875 0.5234375 0.0796875 0.040625
3 0.11953125 0.746875 0.07109375 0.053125