3 0.25703125 0.31015625 0.0578125 0.04453125
0 0.23046875 0.5875 0.03828125 0.0296875
0 0.47734375 0.32265625 0.0390625 0.03125
0 0.02421875 0.38125 0.040625 0.02890625
0 0.07734375 0.58515625 0.04140625 0.028125
0 0.1734375 0.1671875 0.04296875 0.03515625
0 0.9859375 0.53828125 0.02734375 0.02734375
0 0.8046875 0.765625 0.01640625 0.06953125
3 0.41796875 0.315625 0.05625 0.0421875
3 0.503125 0.23203125 0.04296875 0.11015625
5 0.3234375 0.3171875 0.0421875 0.03046875
5 0.36953125 0.3109375 0.040625 0.034375
5 0.2921875 0.73671875 0.0546875 0.03828125
1 0.04765625 0.96171875 0.0953125 0.07578125
1 0.67734375 0.9109375 0.0703125 0.178125
0 0.72421875 0.88359375 0.0203125 0.08046875
0 0.68671875 0.9484375 0.0359375 0.07109375
0 0.675 0.81640625 0.03125 0.07890625
0 0.721875 0.12265625 0.01328125 0.0703125
0 0.77265625 0.11171875 0.0234375 0.08203125
3 0.1125 0.74296875 0.07109375 0.0625
0 0.35625 0.22109375 0.034375 0.03359375