0 0.2140625 0.52265625 0.0375 0.02890625
0 0.42265625 0.521875 0.03984375 0.03046875
3 0.2578125 0.31484375 0.059375 0.0453125
0 0.23125 0.590625 0.03828125 0.02890625
0 0.51328125 0.471875 0.03828125 0.02890625
0 0.703125 0.51171875 0.0375 0.03046875
0 0.6421875 0.38203125 0.0421875 0.03125
0 0.171875 0.171875 0.04296875 0.0359375
0 0.54453125 0.51796875 0.0375 0.0296875
0 0.0796875 0.59375 0.03984375 0.028125
0 0.47734375 0.321875 0.040625 0.03125
0 0.80546875 0.75859375 0.015625 0.06875
3 0.50234375 0.23125 0.0421875 0.10234375
5 0.83046875 0.5375 0.05 0.03359375
0 0.35390625 0.225 0.028125 0.025
1 0.0484375 0.96015625 0.096875 0.059375
1 0.678125 0.9046875 0.071875 0.18515625
0 0.72578125 0.88046875 0.0234375 0.078125
0 0.68828125 0.94296875 0.034375 0.059375
0 0.675 0.809375 0.03359375 0.071875
0 0.71640625 0.1875 0.01875 0.0796875
0 0.715625 0.075 0.015625 0.06015625
0 0.7703125 0.10703125 0.0203125 0.08046875
0 0.68828125 0.45625 0.04453125 0.03828125
0 0.00859375 0.43046875 0.01640625 0.034375
3 0.115625 0.75 0.06640625 0.046875
3 0.41796875 0.3125 0.05234375 0.04453125
5 0.32421875 0.31640625 0.04296875 0.03046875
5 0.36640625 0.31171875 0.0421875 0.03828125
5 0.28984375 0.73671875 0.0578125 0.03515625