0 0.6104618804898616 0.2923258809770989 0.041190927992499834 0.04437162628012441
0 0.39305162214851935 0.44377644695975854 0.04642523213953691 0.05089464206513981
0 0.6476672289819909 0.14529896253301253 0.03820262902925915 0.04575211575678066
0 0.5985940334118519 0.05999152311282596 0.04050742280870363 0.036559126280124365
1 0.42641730306222414 0.9890603129283008 0.06218693317629622 0.02187937414339842
3 0.3366627955228708 0.2536072022920175 0.0587297425071295 0.06715667889684288
0 0.4519680008949546 0.4794024047957965 0.04091752591898157 0.04124662628012423
0 0.19209825753935328 0.7571578655450192 0.05994092799249993 0.045463689420186526
0 0.28634300089495457 0.4697558470585806 0.04146433006601846 0.04749662628012423
0 0.3503877941087512 0.635243610142173 0.03595662384546294 0.037848610495108834
0 0.6269920844478257 0.8932051124906604 0.07589811866166656 0.03240224729857673
0 0.21803851757763915 0.1375510208349259 0.04472603110277769 0.04924113680346807
0 0.223812189537871 0.33183934712916774 0.03255822177194441 0.03454159997176518
0 0.7164243142782885 0.7774883782050886 0.07216752591898139 0.04306673151356133
1 0.8044909508004181 0.80303368075122 0.1965222684261107 0.11404563140062188
0 0.836649339914446 0.8213965438771647 0.07400342799249984 0.046282736775233244
5 0.31998385197898205 0.3185951654603146 0.043436933176296225 0.052275131541796235
5 0.3065078208762044 0.36492413389028344 0.03874943317629622 0.05200211575678067
3 0.19112824571115827 0.4720625287274336 0.12109304147037028 0.06923438936371688
3 0.296088439255047 0.4122163628435961 0.06226484561740726 0.07202618942018653
3 0.7916229890667597 0.2141462150226741 0.059686649764444155 0.07809417889684286
5 0.7359608750232415 0.383655078219206 0.050370438360092605 0.06045165258848364
0 0.7703312728079182 0.8434465781486189 0.0825582217719445 0.03745376834526439
0 0.05708756196921423 0.6668451367328808 0.05673801555138884 0.026622684158514785