0 0.071875 0.38515625 0.03515625 0.02734375
0 0.234375 0.5953125 0.0375 0.028125
0 0.084375 0.5953125 0.03828125 0.0265625
0 0.47890625 0.3234375 0.03984375 0.03125
3 0.50546875 0.23203125 0.04140625 0.10390625
0 0.80703125 0.7609375 0.015625 0.06875
0 0.175 0.17265625 0.04375 0.03671875
0 0.71875 0.14765625 0.01328125 0.05
0 0.6765625 0.81484375 0.028125 0.0640625
3 0.25859375 0.31640625 0.05859375 0.04453125
1 0.05078125 0.9609375 0.10078125 0.06171875
1 0.678125 0.90390625 0.07421875 0.16796875
0 0.72890625 0.8796875 0.0203125 0.075
0 0.690625 0.94453125 0.0328125 0.0703125
0 0.77421875 0.1078125 0.02109375 0.0765625
5 0.71953125 0.0390625 0.02109375 0.07734375
5 0.29453125 0.7375 0.0515625 0.03984375
5 0.36953125 0.31328125 0.0421875 0.03671875
5 0.3234375 0.3140625 0.04140625 0.03828125
3 0.42109375 0.315625 0.06015625 0.04375
3 0.11953125 0.75078125 0.0671875 0.05234375
0 0.3578125 0.225 0.03125 0.0296875