0 0.738410809024427 0.5654876688364328 0.040700243102595124 0.03193183847375849
1 0.5107738099289382 0.5452644922926575 0.0823078889641522 0.05139095048646727
0 0.35070276911033516 0.5613276432655923 0.04546963025772479 0.033576159090609535
5 0.20295798790267075 0.5358072662353497 0.050157130257724794 0.03365797970746058
0 0.018068368668421923 0.3540874821430925 0.03613673733684385 0.03193183847375849
0 0.8911230512225108 0.5557972487887746 0.04374335594746519 0.03042388555165907
0 0.3447637075995174 0.4810361712687694 0.04390713025772479 0.033548885551659066
0 0.4950137703535306 0.3098179159937636 0.042344630257724704 0.03352161201270878
0 0.15728588252103232 0.766862397322782 0.024079309135968608 0.0722295560063543
0 0.8043522280645897 0.1412865097458232 0.04563340456798422 0.03670115909060954
0 0.20158907621013883 0.1151226193196048 0.022353034825709096 0.0690772824674041
0 0.09232478233931822 0.42768289488715006 0.050239017412854546 0.03522047970746058
0 0.6206079918593996 0.2069366034945875 0.03264208163720568 0.02710797077900686
1 0.9093795697670192 0.9223301838539664 0.08641553482570927 0.07019549756436802
1 0.2835097885593546 0.9051555097425279 0.08746013568479168 0.17948867694751697
0 0.28599738071201003 0.8130089200509534 0.03822369629109836 0.07403751785690744
0 0.23453337799847657 0.8864970129889388 0.03114818068726617 0.08796365016215582
0 0.2762428431727675 0.9544560803593789 0.04258364767057934 0.06786933847375849
0 0.2543931716421546 0.15010554545634286 0.02046298620519007 0.06280000892845372
5 0.25675461103584796 0.04547259253424356 0.027859406377006568 0.0847841030842551
5 0.6736412228646653 0.7141394030081202 0.059695904567984216 0.036946620941162675
5 0.6510966740170037 0.29538544886820484 0.050484678878243726 0.039907979707460586
5 0.6020007547496984 0.29390081534514056 0.04423467887824373 0.039798885551659245
3 0.7194339162150877 0.287167799923865 0.06207727611928178 0.05259889448011297
3 0.5529867226375227 0.29085368182207627 0.06158595318850324 0.04322389448011288
3 0.8497533435114517 0.7196512431067317 0.06988977611928178 0.05273526217486459
3 0.4747632253510562 0.2196292926169691 0.048247149479601605 0.11636138555165924