0 0.4486680683420182 0.6092454159359869 0.03272321996293322 0.04437271287323483
0 0.3619269817741967 0.7275362300500589 0.03423115626060227 0.04291947351689647
0 0.502750422333035 0.5111631950169805 0.03261409255827132 0.04124771287323466
0 0.34424343005276536 0.8768478151993527 0.032668656260602266 0.04281021287323483
0 0.4126288423038174 0.9047982165564055 0.03584821996293321 0.044591234160558456
0 0.5371205101668011 0.1518210460057162 0.06709821996293322 0.04677644703379284
0 0.7711258777831798 0.7932226701233608 0.03913691106992552 0.04949725544788173
0 0.2606224975529293 0.1469960602556742 0.07425595553496275 0.028572750252101552
0 0.6564210593563435 0.4848306519381305 0.03590278366526398 0.0461537341605581
3 0.6393252954765275 0.7065799658001009 0.05218254809323426 0.06599634059717552
0 0.47287692777533064 0.3846606791775387 0.03590278366526398 0.0461537341605581
0 0.4595113099044978 0.7004495701430313 0.045277783665263985 0.046809298022528624
3 0.7478099511889755 0.4566185346057498 0.10799603847458741 0.05742972376899793
0 0.8997544302224014 0.1895899357107011 0.07113095553496293 0.02835422896477806
1 0.006143295561345503 0.9071187313105666 0.012286591122691006 0.1076375373788668
1 0.10259668802694968 0.27572698365635506 0.18430556733052797 0.1001742346647612
0 0.1300694127992062 0.22548668303593647 0.08686508293962455 0.03257183540139543
0 0.05704857505025822 0.26332517264437627 0.07630952885594056 0.042744510895763276
0 0.19688240136646082 0.2761479647148201 0.0778174651536097 0.04129127153942509
0 0.5068501344914198 0.4383976843733187 0.039136911069925694 0.04949725544788173
3 0.19512637297385643 0.8397352173127102 0.03828373920022683 0.06970049480421991
3 0.45443940790506476 0.5332456446486634 0.04453373920022692 0.07013753737886681
5 0.22219484837908512 0.6671664486232768 0.04102679328391083 0.05898151609154336
5 0.6502578501931836 0.5943695429036231 0.03768353847458741 0.05251299480421991
5 0.6432613165279197 0.6385019551564393 0.036121038474587405 0.0524037341605581
0 0.7394741176163788 0.6060558058930733 0.03546627404661713 0.0336537341605581
3 0.6527305749654402 0.5458774125817922 0.04862103847458741 0.05327781930985207
5 0.4679141200634495 0.45982457014303135 0.03126984736759475 0.04738845222957302