0 0.49757447068072336 0.44780818119652877 0.034176592558271324 0.04193322177194432
0 0.4850670693142625 0.740415346229538 0.03902778366526398 0.04703082488222208
3 0.7521975164117048 0.6480844173885663 0.05379961179556503 0.06857363421305536
0 0.7294321721241529 0.8937871881237512 0.03908234736759475 0.04859332488222208
0 0.5098338461864685 0.0807772146083806 0.03908234736759475 0.04859332488222214
0 0.5184574665891901 0.8887359775678714 0.03595734736759475 0.04831992280870381
0 0.9129192508026083 0.6951467621575016 0.04387897477225664 0.05212842799249984
0 0.6985194117877158 0.43492959797296427 0.03908234736759475 0.04859332488222208
0 0.1959028101589518 0.22422087558888926 0.06967758293962456 0.03257734561740726
3 0.7878076010806099 0.38871968784092736 0.12093254809323425 0.07288927879370348
0 0.8409672842982362 0.09333954585217755 0.08870040145127867 0.042030258058518344
0 0.8208706161415524 0.5276653191792608 0.03875496515360979 0.03921832488222208
0 0.096887446001134 0.32848729349662054 0.0792162740466171 0.03808505183796278
0 0.04324658002921768 0.3856839303015741 0.0608482199629331 0.04738213939685174
0 0.17489588411290166 0.363195192695417 0.08110615626060227 0.04759675287472209
1 0.09650798928504481 0.3849423450517594 0.16944445916315992 0.12386530989648117
1 0.15940241431960459 0.9742201670592596 0.08228671034428628 0.036795953911481404
3 0.35250508437520495 0.8938512874643525 0.06350199400955026 0.07876884043361088
3 0.716971800625123 0.49208798708699214 0.05212798439090349 0.06531193317629622
5 0.3307962315653145 0.7209995478319451 0.0473313569862416 0.06177683006601846
5 0.7381598090626434 0.5827034251642607 0.04086310217691817 0.05498002591898139
5 0.7280928390997103 0.5412677808664366 0.03930060217691818 0.05484332488222208
5 0.5375992699550839 0.42706645424078804 0.04544147477225664 0.05226512902925915