0 0.5230991659937636 0.5364985037195444 0.03966251785690744 0.036194365177646404
0 0.2426831887219351 0.6547946236547018 0.04755683847375849 0.04124573821317572
0 0.09213771794292831 0.6790582613725396 0.04593979139585782 0.03804796360606986
0 0.009203855926924173 0.48733733416039976 0.018407711853848346 0.040299668320799495
0 0.4301691465120031 0.3507728653825342 0.04755683847375849 0.04124573821317572
0 0.09730782792374695 0.24848034946188072 0.049201159090609514 0.046006012820281585
0 0.8273481095803721 0.3966377528909749 0.049092064934808374 0.039756012820281586
0 0.843359298706049 0.7335940973904569 0.03086026217486477 0.06857021753501122
3 0.2115321948077198 0.37890205769126706 0.06501707386326191 0.05767125889134013
5 0.5137202118538484 0.49149421877335636 0.04593979139585791 0.03804796360606986
0 0.2899902057647684 0.27387426343945415 0.03492047077900677 0.03285104135632881
3 0.4365339691574491 0.25489743920385177 0.07241256249917605 0.12358735731976359
0 0.6793778084419864 0.0941933413946009 0.037382997564368026 0.08448631596343473
0 0.6045203100668395 0.30650709677128435 0.05295345048646745 0.08208906203449332
0 0.7902461611257949 0.8648226726595165 0.03571140340856651 0.078163541356329
0 0.767089304795129 0.9372413281600345 0.05136367694751698 0.08045378742738762
0 0.7256302820669576 0.8039536391610704 0.04355117694751698 0.08008991439185813
1 0.7443609168078378 0.8955247090534467 0.12372169236879245 0.20091614474715094
3 0.15905070820369566 0.8322967313887503 0.07447389448011292 0.06279540653397504
3 0.37228846266462723 0.3519864549196175 0.06350912094116268 0.06072348428423426
5 0.3301677776027307 0.7941354135632887 0.06011138555165925 0.044952935070022446
5 0.32054868466145003 0.35974114288512415 0.052380706168510205 0.04927656203449331
5 0.27660776988879765 0.3686409538861602 0.04922843262955982 0.047568512820281586