0 0.73287769119631 0.36666552396208807 0.04161341515269079 0.03398151609154336
0 0.5835794507392077 0.44468625317896776 0.044738415152690794 0.03420003737886681
0 0.12865270574017754 0.4508637414500252 0.04824605242559432 0.039106058666190255
0 0.8823675081657718 0.36242650217056155 0.04461086939505634 0.03263753737886681
0 0.5199634898288824 0.48175991828177533 0.044610869395056166 0.03263753737886681
0 0.6576068821027559 0.4418401226050353 0.043558552425594324 0.038778276735204995
0 0.37627726270769973 0.491030647498655 0.04148586939505616 0.032419016091543365
0 0.2505438101323242 0.4897245096352556 0.04174096091032524 0.03554401609154354
0 0.7430353595138027 0.7846453456177287 0.04824605242559432 0.039106058666190435
0 0.4563638911866117 0.6423421392007818 0.04486596091032524 0.03576253737886681
3 0.41947005588026043 0.7326993414303548 0.05892820303441741 0.11287134059717552
5 0.3893510896791013 0.44506258363668466 0.044610869395056166 0.03263753737886681
0 0.1801346837794442 0.21034264825495966 0.026179604851188643 0.07329538836760259
3 0.6746196836102663 0.642616018766308 0.06307382697140156 0.049464404459145864
0 0.3169011022661148 0.15261799354371217 0.03529951333591956 0.07082595222957297
0 0.5629171669403669 0.7358739818916442 0.031855777879787085 0.02863845222957302
1 0.9486131010581669 0.019822283016265974 0.098437242124092 0.03964456603253195
1 0.3242987562089178 0.07460438513945863 0.09502494182452983 0.14920877027891727
0 0.2747293198443998 0.0887629431753951 0.032684696366457724 0.0768574309422495
0 0.32045615014978124 0.029108891760234533 0.03985946757828503 0.058217783520469066
0 0.13300678420939113 0.8638118556803127 0.027742104851188644 0.07340464901126431
0 0.12339292602422262 0.9530382466458054 0.020886326971401515 0.046514367080278875
3 0.46884727104264945 0.4418340408099361 0.08064396424430509 0.05535377153942491
5 0.6896533339292253 0.2205442768120797 0.05736596091032524 0.03663662252816078
5 0.6085960708831699 0.6425720961219318 0.051243506667959696 0.0377620799535137
5 0.563538662398439 0.642615654788122 0.04875623545613248 0.045356058666190434
3 0.5134111166408044 0.6476744953852975 0.06409419303247788 0.06196440445914604
3 0.8656259025656773 0.2059087044001345 0.06865414727484306 0.06072968639013112