0 0.0890625 0.38671875 0.03515625 0.0296875
0 0.4265625 0.3828125 0.03828125 0.028125
0 0.08046875 0.59765625 0.040625 0.028125
0 0.2328125 0.596875 0.03828125 0.02890625
0 0.1734375 0.1734375 0.04296875 0.0375
0 0.47890625 0.3234375 0.040625 0.03125
3 0.25859375 0.31640625 0.05859375 0.04609375
0 0.809375 0.7609375 0.015625 0.06953125
0 0.67890625 0.81640625 0.02734375 0.065625
0 0.71875 0.146875 0.01328125 0.053125
3 0.5015625 0.22890625 0.04296875 0.11484375
1 0.05078125 0.96484375 0.10078125 0.06953125
1 0.68203125 0.90546875 0.07421875 0.18046875
0 0.7296875 0.88046875 0.0234375 0.078125
0 0.69140625 0.9484375 0.0390625 0.0828125
0 0.77421875 0.10859375 0.01953125 0.0703125
5 0.72109375 0.0359375 0.021875 0.071875
5 0.29453125 0.7421875 0.05234375 0.040625
5 0.32578125 0.3171875 0.04296875 0.0328125
5 0.36953125 0.31484375 0.04453125 0.03671875
3 0.115625 0.75 0.07109375 0.05703125
3 0.41953125 0.315625 0.05625 0.0390625
0 0.35703125 0.2265625 0.03515625 0.02734375