0 0.4821370539465478 0.38808651460059396 0.03174089600572714 0.04255112667090888
0 0.4358914993236823 0.06601206727404818 0.028597714672181595 0.04095226400381802
0 0.42471654730268327 0.22080865527532084 0.030142033338636055 0.03940794533736351
0 0.6414586046308198 0.256562699912504 0.031722714672181594 0.04098862667090888
0 0.8487267593093648 0.16666276388450532 0.034865896005727134 0.04258748933799979
0 0.680374011935094 0.47014339457354976 0.031722714672181594 0.04098862667090888
3 0.7032500799650017 0.24959453723745897 0.04756589067472685 0.05992044000636341
0 0.21578206389245952 0.789569387969456 0.0689499946689999 0.01798747867599957
0 0.8321888612349136 0.7152184425525506 0.05332499466899989 0.01780566534054522
0 0.17039793324318597 0.6619898279758193 0.06597044533736343 0.030451116008908662
5 0.5893371952180507 0.842246208585322 0.039607940006363404 0.04732953333863606
5 0.9485678392345955 0.7162076832034151 0.07834317600254544 0.019659066677272286
0 0.7833273839513204 0.34943035789309584 0.025327264003817972 0.028415901336727067
1 0.06595171666136387 0.03886250533100011 0.06497156667727225 0.07772501066200022
1 0.08311884595800192 0.6583659359882278 0.16623769191600385 0.08326812802354447
0 0.10267408390359534 0.7088653753182734 0.0815227200031817 0.024382929344363192
0 0.03985645790900418 0.6697579693268639 0.07232953333863612 0.03989884134309048
0 0.8690616052275957 0.76868834054746 0.07529090133672725 0.02587270401018138
5 0.2756427006285927 0.27722338196213814 0.039735209341181486 0.05826703333863605
5 0.6933745459500478 0.3598507845719589 0.03958975867281787 0.045767033338636055
5 0.6938745326225475 0.3168820345719589 0.0380090773392725 0.04418635200509069
3 0.2769341226527734 0.09910747262891083 0.05863066000954502 0.07098520934118147
3 0.6896404712762754 0.4122308972390497 0.047547709341181486 0.05835794000636341
3 0.7722524292648213 0.4956331958943685 0.11924089600572714 0.043569281349453884