3 0.29794582039728545 0.7101075500096984 0.06036064732681172 0.048469193032477875
0 0.5142155625047776 0.7254288874420814 0.04244510523343692 0.034566189698497854
0 0.2563751574972196 0.43690929500872855 0.03913809471009326 0.03118609818322895
0 0.1094546548663837 0.4241387437910822 0.04070059471009326 0.0313136439408634
0 0.7458226072995755 0.683687023966079 0.04088260523343692 0.0344386439408634
0 0.22267905184025963 0.8462526019762506 0.04575211575678066 0.03794628121376711
0 0.8116178523908395 0.31817333639361306 0.019811242036904986 0.07315045757634539
3 0.540542115050909 0.8169945051701477 0.0513188472703419 0.10682382697140155
0 0.04320584151456001 0.6216677059093554 0.015427578925077734 0.024585411818710767
0 0.3992723729434167 0.8077953641042223 0.029581084186749606 0.027295823637421536
1 0.05323068678935063 0.059550214244305136 0.10327618942018657 0.06441292848861027
1 0.677782636732881 0.16962465290403292 0.08831758930724706 0.1813772878817268
0 0.6828789313865045 0.2571246529040329 0.034890210466874017 0.06505091515269071
0 0.729701452503779 0.19330114002715532 0.02468075256024882 0.07665809484924893
0 0.6844274788827255 0.12351492744984013 0.03570925782192056 0.0791134151526907
0 0.8170352675688054 0.958527398362105 0.024407736775233245 0.07197059484924892
0 0.7939386727881249 0.9820619115288467 0.02624325256024882 0.03587617694230651
3 0.45580382302812134 0.7237709215307864 0.05843412628012441 0.04209164727484325
3 0.13422089448421434 0.2753184775802247 0.07267863680346806 0.0463645590935541
5 0.30898567605424543 0.29891482955647536 0.057235647326811724 0.04821410151720871
5 0.36205382302812134 0.7161181760727142 0.04896812101845249 0.03976387272903601
5 0.4050680756589573 0.720406934407664 0.04648015785015538 0.05044628121376711