0 0.6002055150109431 0.8102548958933202 0.03193183847375849 0.041065090992986344
0 0.38558213311273193 0.630281091915837 0.03036933847375849 0.04096496144333717
0 0.3736408352207571 0.9744421020948699 0.03039661201270878 0.04252746144333699
0 0.6012612747501758 0.9601547663436708 0.028834112012708957 0.042427331893687636
0 0.3286542487788887 0.5431327429032862 0.03349433847375849 0.041165220542635696
0 0.18219190056260232 0.825607676587302 0.039798885551659155 0.0446907387412331
0 0.7529279512972462 0.26051211905684946 0.07225682954530477 0.0264809592838688
3 0.24222582507778262 0.5095006176725735 0.10547843262955983 0.05202117982650449
0 0.052374572238408815 0.27336645126430426 0.07220228246740408 0.0233559592838688
3 0.32460549715403564 0.7582570951550396 0.05106366801906326 0.06414164558877822
1 0.9628124293765584 0.9871003932724264 0.0655352711033185 0.025799213455147196
1 0.8997092682606492 0.3986803523994117 0.1826682240254179 0.09286502775932126
0 0.805931994721699 0.3911100794204524 0.07091251785690744 0.03888082973421945
0 0.8715200385531887 0.34849058528054855 0.08015115016215546 0.03166910703211538
0 0.9371001741048479 0.3948334615909954 0.0709397913958579 0.04044332973421945
0 0.11238477191409726 0.22414650370062777 0.0770534237011061 0.03303134793281668
0 0.2290690803527884 0.6499055721760802 0.039635244317957154 0.0353157387412331
5 0.3258310320570717 0.6943447894795136 0.02886138555165916 0.04398983189368781
5 0.32113384942751183 0.6487819656053903 0.041388659090609535 0.046353368290882456
3 0.31714973295057614 0.5993629565060916 0.04316934740221221 0.05895349784053181
3 0.7530868275101193 0.9402298974344795 0.06054776217486459 0.07099242288667398
5 0.7414111676087309 0.7631166849114083 0.04311480032431163 0.05582849784053181