0 0.328317221202129 0.26969761871417963 0.04107128121376693 0.04418635200509069
0 0.43592229817353056 0.2255941773949517 0.04288887272903601 0.04732953333863606
0 0.3003352266621408 0.12392149470877079 0.04119882697140156 0.04574885200509069
0 0.39835865423266714 0.2642566880569519 0.03950878121376693 0.044168170671545146
0 0.39620544924139567 0.03197999005408842 0.04056109818322886 0.03793635200509068
0 0.4493474561992195 0.3485231473981334 0.04288887272903601 0.04732953333863614
0 0.4272986602724071 0.8198078014003606 0.04588632697140156 0.04580339600572714
0 0.4423488017973745 0.5587975760661787 0.04601387272903601 0.04736589600572696
0 0.5773133463470611 0.44776117341658705 0.046268964244305266 0.05049089600572696
0 0.5224191969461859 0.6316725494111782 0.047448826971401556 0.0458215773392725
0 0.6336908921046955 0.44685320142422313 0.04445137272903601 0.047347714672181594
0 0.7327331384808515 0.11487704276731354 0.04783146424430509 0.05050907733927246
0 0.7260065825520995 0.6379514634388588 0.08338632697140155 0.04623974801081765
0 0.8454102867944651 0.6409048354550853 0.053603232122152636 0.025599984006999678
0 0.2519959002704674 0.8693794453771343 0.07780600666795978 0.03524770401018103
5 0.9294184960378005 0.6176406054662211 0.04524859818322895 0.03799089600572696
1 0.0965732715016914 0.7767817706874536 0.1931465430033828 0.12104084802672599
0 0.18090176345660575 0.7535993566995439 0.08038887272903605 0.04776588534372674
0 0.11851359163595529 0.8185607380251352 0.08338632697140151 0.04623974801081765
0 0.045363005121656044 0.7950317840149539 0.0890941930324778 0.05879429201145392
0 0.8917114598230634 0.6867991381285397 0.0846937354561323 0.04313292934436319
0 0.7106674645341693 0.3085543174331318 0.042378689698497854 0.04107953333863614
5 0.6148128305952455 0.2949270747533142 0.04158146424430509 0.05043635200509069
5 0.6230878451391131 0.33725093475490503 0.0544641015172088 0.05526930267345422
3 0.14993687181095217 0.19411472135581714 0.05404951333591956 0.06931362133990877
5 0.1926670215016914 0.36039424936345316 0.046906693032477784 0.05830339600572696
3 0.6044172066582615 0.23068276141785976 0.057174513335919566 0.06934998400699968
3 0.6369751308948078 0.38746002009067765 0.057971738790112325 0.05999316534054504
3 0.7338822107411473 0.44567305677113156 0.11890923879011232 0.06070223734881743