0 0.43651910167825153 0.7212290016503852 0.03745337842423861 0.04322978174358649
0 0.5462339533332811 0.5204100176224248 0.03901587842423861 0.0433481809137497
0 0.5319770020978144 0.9025722448019078 0.036364475104890735 0.04936138257342364
0 0.4266140732586573 0.870483640447586 0.036009277594401645 0.04467388257342364
0 0.5053399566572734 0.7065852385781306 0.0393710759347277 0.048035680913749525
0 0.8542412431747447 0.8003646690676728 0.042614475104890914 0.04983497925407576
0 0.6734887346526603 0.1674006489464484 0.041288773445216795 0.0528415800839126
0 0.7166289637062433 0.48785485890449215 0.039252676764564676 0.046473180913749704
0 0.2932083161864654 0.1365006493706557 0.07365098755244537 0.02888386182749909
0 0.41803256266198047 0.2284019616084289 0.032765878424238615 0.0428745842330974
0 0.965462285792525 0.2783685020513705 0.06907542841494987 0.0341633576783142
5 0.9799862657715469 0.2571204640840067 0.04002746845690623 0.031416865976683986
1 0.08215367823767913 0.8871564578834512 0.038093841081574695 0.11318708423309758
1 0.1430801068531216 0.26023691514220265 0.19796574855010748 0.11131969875988901
0 0.2258809514591813 0.26417720870864386 0.08757177759440164 0.04858105518880329
0 0.1691564321631494 0.21033108090910516 0.07580548340326052 0.03681476099766208
0 0.10115271598132838 0.24612779356644127 0.07182837842423861 0.045834563487172984
0 0.9470455564382032 0.2001017920933268 0.08349958423309758 0.03584425684847723
0 0.9031188802983383 0.252931716783299 0.06486798340326061 0.03598596680652104
0 0.8053623448297742 0.6115632008112594 0.04983497925407576 0.042614475104890734
5 0.7139327840418936 0.6389204514359593 0.04117037427505377 0.051279080083912555
5 0.7218511052027365 0.5982479072448182 0.04609467261537965 0.05475927759440182
5 0.2946616431701003 0.6534047294545683 0.05125576929603186 0.061364475104890556
3 0.2708484027178699 0.8264996099533993 0.07466995850815117 0.08333456348717298
3 0.7130699462843111 0.7104877981166114 0.0576241684661948 0.06340057178554286
3 0.7231166846619491 0.5423647601492476 0.05461756763635783 0.0647262734452168
3 0.8126159699300206 0.4687953603543846 0.1275814709557057 0.06404103444287887