0 0.28046875 0.38828125 0.0375 0.03125
0 0.23203125 0.603125 0.0375 0.0296875
0 0.08515625 0.6125 0.0390625 0.0296875
0 0.4109375 0.3796875 0.0375 0.028125
0 0.0546875 0.44765625 0.040625 0.0296875
0 0.16640625 0.1890625 0.0421875 0.03671875
0 0.59296875 0.4515625 0.03671875 0.034375
0 0.73671875 0.50390625 0.034375 0.03046875
0 0.46953125 0.31640625 0.0390625 0.03203125
0 0.7296875 0.0859375 0.01796875 0.06796875
0 0.9921875 0.4640625 0.01484375 0.028125
0 0.80546875 0.72734375 0.015625 0.06640625
3 0.490625 0.2296875 0.0421875 0.10078125
0 0.678125 0.78984375 0.02578125 0.06484375
0 0.69765625 0.36015625 0.02734375 0.06328125
0 0.590625 0.50390625 0.02890625 0.025
3 0.25234375 0.3265625 0.05703125 0.04765625
3 0.41328125 0.31171875 0.0546875 0.05078125
3 0.1203125 0.765625 0.06796875 0.04609375
3 0.29765625 0.7421875 0.05390625 0.03359375
1 0.05625 0.97265625 0.1125 0.05390625
1 0.68359375 0.87890625 0.0703125 0.17421875
0 0.6890625 0.91875 0.0359375 0.07265625
0 0.72734375 0.84765625 0.01875 0.0671875