0 0.23828125 0.60234375 0.03828125 0.03046875
0 0.509375 0.38828125 0.03828125 0.03046875
0 0.64765625 0.38671875 0.04296875 0.0328125
0 0.721875 0.43515625 0.03828125 0.028125
0 0.87421875 0.43515625 0.04296875 0.03203125
0 0.0859375 0.60234375 0.03828125 0.02734375
0 0.4828125 0.3296875 0.03984375 0.03203125
1 0.2625 0.32421875 0.05703125 0.04375
0 0.8171875 0.38203125 0.04375 0.034375
0 0.81328125 0.76875 0.01640625 0.0703125
0 0.7796875 0.02265625 0.01640625 0.04453125
0 0.178125 0.18046875 0.040625 0.0328125
0 0.75625 0.1828125 0.01953125 0.07265625
3 0.51328125 0.24765625 0.03828125 0.0828125
0 0.68203125 0.82109375 0.028125 0.06484375
1 0.0515625 0.96875 0.103125 0.0625
1 0.68359375 0.909375 0.07734375 0.16484375
5 0.9453125 0.39921875 0.05234375 0.0375
0 0.7828125 0.11328125 0.0234375 0.0765625