0 0.659789020692986 0.713485613575522 0.03829093262956 0.04684050790866543
0 0.5475753928519647 0.734475887301518 0.038318206168510116 0.04840300790866543
3 0.38309983562779415 0.7622865054000265 0.05901253571381489 0.07110567885919253
0 0.495074135548364 0.5036370641835443 0.03667388555165907 0.043651840912471054
0 0.6959737568932682 0.8605542731573426 0.036728432629559826 0.04677684091247088
0 0.5470919719902322 0.9307288047920041 0.033412517856907444 0.03571200692008212
0 0.2647646672016938 0.8804701141069945 0.044595479707460584 0.0502201758934433
0 0.33865654017474656 0.5451918473010806 0.03988070616851021 0.048466674904859806
0 0.688351208197105 0.11033143867066215 0.07398297077900687 0.034242348821136394
0 0.7731819500794302 0.2225820878723594 0.07104888555165925 0.045052514828747545
0 0.04681609334172717 0.35303215809894584 0.0708579707790068 0.03411501482874764
0 0.5073229452081662 0.39915781121779476 0.03988070616851012 0.048466674904859806
0 0.11259109780595404 0.3589518942587814 0.0519716030842551 0.025538510874414833
5 0.03013315381230846 0.3826387450570842 0.0475568384737585 0.0409725098858317
5 0.6239078421206159 0.8525454549822845 0.04157957386326192 0.05634284190105419
1 0.8564075073036006 0.19808215357595943 0.1972489212654743 0.11889587452429895
0 0.8283000982129911 0.1554463260093613 0.07718979139585791 0.039057182813525146
0 0.8997484042193455 0.1728619776825165 0.07897047970746059 0.05162084980971957
0 0.06023766517639419 0.31574040513319634 0.07560001785690748 0.03743101581733086
0 0.1293791773512588 0.38015839079874025 0.07560001785690748 0.03743101581733086
5 0.785523631894916 0.616109253385679 0.049501168019063256 0.06291117688202626
5 0.3693997999139792 0.6940458413695815 0.04462275324641087 0.051782675893442945
5 0.3522844379012703 0.6540893448296227 0.04777502678536116 0.0534725098858317
3 0.8407992873320775 0.7819451590131669 0.06696140340856686 0.07923651384016459
3 0.34828668465485946 0.6042166788220115 0.0574227621748646 0.06947951186299797
3 0.23861562986632104 0.5469227850575217 0.1198954886359143 0.0704636917107738