0 0.8187324772903606 0.4732906343602691 0.04681109818322895 0.03775453005422946
0 0.6247271278991837 0.545564568398078 0.04524859818322895 0.03774543969514958
0 0.9697846653218687 0.5061854684728327 0.04824605242559414 0.03620112041330899
0 0.5367324045710229 0.6824873305965222 0.0469386439408634 0.039317030054229284
3 0.7562315747246834 0.7407685049699697 0.06878169303247787 0.058185204722264315
0 0.3504127830499348 0.5236658007386847 0.04496155575957417 0.05336134933607006
0 0.2653852392491543 0.18036525263227865 0.03568215060882318 0.07361021682251274
0 0.8213299004881369 0.897323031999137 0.05357128121376711 0.04404089149054755
0 0.46581477138100524 0.4642095083878153 0.04993609818322895 0.03777271077238851
0 0.4022794613693672 0.15461179459036462 0.04636455909355401 0.07054884933607006
0 0.35097037669123576 0.6548567134046672 0.04741687606301594 0.06430793969514977
5 0.260472148821147 0.885470388269094 0.04295251666989941 0.08614657825883114
0 0.20956322412555858 0.9218755208808471 0.022480777879787084 0.02668067466803521
0 0.36321721924527495 0.07785839704969265 0.04205969636645772 0.0752090782588312
0 0.4060745278797871 0.02891235782208118 0.049649055759574165 0.05338862041330892
0 0.277197650029095 0.7746828791939075 0.031281693032477784 0.05796703610435348
0 0.21362922866748643 0.8281936985739442 0.04413237939699588 0.08146816861791066
0 0.6460272694241512 0.806502068398078 0.03874350666795969 0.03458407825883114
5 0.689076025633069 0.7216367098886257 0.053443735456132305 0.04247839149054773
5 0.645405773966079 0.7127929750139362 0.0531886439408634 0.03935339149054791
3 0.5941143409355408 0.7062475383438487 0.06852660151720862 0.05506020472226432
3 0.5007786712409223 0.7681748457218328 0.07401106909549374 0.12224770472226432
3 0.9553400438007806 0.34836387811375313 0.08258910151720897 0.0551420179539809
5 0.7761628557692726 0.3153054175377563 0.06307382697140156 0.04565793364502548
1 0.4102835378817268 0.08047485782208118 0.1205670757634536 0.15687723477649362
5 0.7688279432016557 0.5315662217924825 0.0581312354561323 0.04250566256778665