3 0.3415003459978426 0.23877771633153344 0.054919873360319824 0.06436248184962742
0 0.41173328584582125 0.9848891261688454 0.0376571302577247 0.030221747662309183
0 0.40388640208159343 0.4649907583878152 0.04143722749876275 0.045539758976990544
0 0.6210683372914153 0.2575969357863248 0.03658595318850324 0.04238748789975162
0 0.651462923451177 0.11007249599297926 0.03666784034363317 0.043949987899751575
0 0.3050770878572422 0.4566010205862595 0.03987472749876275 0.04553066861791066
0 0.32341657281923686 0.6434833970496927 0.03666784034363309 0.043949987899751616
0 0.21902555970179546 0.13021980688700477 0.043163501809022356 0.048673849336070066
0 0.7493405857095355 0.7327065409761273 0.07235967887824372 0.03947156615858276
0 0.6688165247645447 0.8525872489198456 0.07482958163720568 0.026989746876741806
3 0.20915043419376905 0.4677652586824029 0.11717421189493056 0.060038596212812045
0 0.2339124960432711 0.3233340026322787 0.03132524310259503 0.0314227168225127
1 0.9853908661242305 0.13545987801555726 0.02152087516934209 0.11259090359079615
1 0.8354451820460624 0.7449298059050461 0.18188516508343397 0.10258971057599683
0 0.8040004302370403 0.7931991342620732 0.07195024310259512 0.03165906615858276
0 0.8726618990293759 0.7654650197024967 0.06948034034363318 0.044140885440423716
0 0.03909962403971802 0.717614746876742 0.07819924807943604 0.036419289031219645
5 0.33107077905995785 0.30358055971567516 0.04324538896415202 0.05023634933607006
5 0.32499451944901947 0.34496408381797605 0.05270227611928178 0.051853391490547726
3 0.31353471901947816 0.39960158684303815 0.05796298620519007 0.06281816256778665
3 0.7975699615562462 0.17031562528508273 0.06494997060135788 0.07691702400410509
5 0.7534061244919735 0.34198609220579135 0.05154921189493074 0.059656801131468117