0 0.24550217648048647 0.40681919561849866 0.03819098423243057 0.030342064934808198
0 0.3886177032659726 0.4777884403434928 0.04131598423243057 0.030396612012708955
0 0.8454125639232991 0.4596546802005184 0.044550087005972475 0.035138659090609536
0 0.09552036027607673 0.4102187053577313 0.04127961664125004 0.02883411201270878
0 0.44879279027194485 0.5111270458633801 0.041279616641249996 0.028834112012708957
0 0.3143807694703823 0.478302683443634 0.0398625870059723 0.03505683847375849
0 0.5926518930454866 0.5133053802799487 0.03815461664124999 0.0287795649348082
0 0.7190689226807644 0.5048462236249712 0.038227351823611144 0.03190456493480802
0 0.19589187471246597 0.8273868400986115 0.044550087005972294 0.035138659090609536
0 0.4977966007767714 0.6689298632338201 0.04135235182361115 0.03195911201270896
3 0.5264502372696533 0.7583099630716644 0.049384363791458344 0.10863070616851012
5 0.5837665491056601 0.4673479979747004 0.041279616641249996 0.02883411201270878
0 0.8164108224726739 0.22100128328477356 0.01886040919430556 0.07217500892845372
3 0.2784653725282645 0.6813555454563429 0.058830792553055566 0.044759120941162675
0 0.6839243243725349 0.1701672605566021 0.029688806420763925 0.0676784237011061
0 0.3821008252255562 0.7686452654245708 0.028706881458888844 0.025490923701106283
1 0.05428876291777782 0.04907269967568844 0.10795927678548618 0.07529210064862311
1 0.6849400040840626 0.08147738920675479 0.078854964665139 0.16295477841350958
0 0.7323968855429515 0.10366950731019123 0.02518314437666671 0.07540910308425511
0 0.6926245643045487 0.04027520901447456 0.034339938829583264 0.06619774431795714
0 0.8027062255861466 0.8746308437553548 0.02042290919430556 0.07220228246740419
0 0.8039979282834384 0.9637069805248298 0.016679660144236406 0.04558523538950325
3 0.5040790491056601 0.46873894846116765 0.07609102773541672 0.0481841298696164
5 0.30222168911392383 0.2581129143689106 0.053852351823611144 0.03217730032431154
5 0.3448170711414936 0.6778526700509534 0.04763871941479163 0.03363070616851012
5 0.3900932035503131 0.6754992374213936 0.04469555737069451 0.041388659090609535
3 0.4401659387326742 0.6777514841749828 0.05912173328249999 0.05725912094116268
3 0.12702166736243076 0.2525738007313486 0.06373649810013893 0.05421594155801355