0 0.18694366104568877 0.5537326683263198 0.044280621018452496 0.037410719962933034
0 0.06732692398810687 0.32253225362819704 0.03950211575678066 0.035684528855940555
0 0.042032979447422784 0.5283184621583847 0.045843121018452525 0.037465283665263985
0 0.2270813555863728 0.34846481496827525 0.044280621018452496 0.037410719962933034
0 0.920143297919744 0.6129986402729874 0.04602513154179633 0.04059028366526398
0 0.4877759318806147 0.3348661395551973 0.04602513154179633 0.04059028366526398
0 0.7948589317394403 0.19685030670039075 0.033873742036905165 0.07291171034428627
0 0.7067046112715677 0.8098661726723071 0.0339647472985769 0.07447421034428636
3 0.5329056923333712 0.2589410458157995 0.06510833148532633 0.10051092068857255
0 0.7874441899848839 0.5660913800213685 0.03793961575678058 0.03562996515360961
3 0.2781958055299031 0.29075400788936634 0.06742969468185844 0.060049611795565117
0 0.567156992883951 0.8402208168671917 0.04141322625188941 0.06849702885594056
0 0.2316000685429084 0.13647324645662096 0.05089464206513998 0.04387897477225655
3 0.04023729109559909 0.6831969351165428 0.08047458219119819 0.07622024881887376
3 0.43716898712816904 0.3166592873782791 0.06375866311182729 0.05056548439090332
5 0.2128551717102068 0.7002455697775987 0.0653211631118273 0.05062004809323426
5 0.3426755344832157 0.2992684015360968 0.04951415258848364 0.046949411069925694
5 0.38615251869820016 0.3054836852013608 0.05263915258848364 0.04705853847458741
1 0.5462991903378198 0.9181423979078998 0.1153351156156063 0.1637152041842004
0 0.6014340113703897 0.9103076275742978 0.043976784130279965 0.08573909255827132
0 0.5495383114268595 0.9660082236335391 0.05097023677523325 0.06798355273292174
0 0.8277547317253229 0.1831251125981733 0.04286931043863902 0.09349702885594055
0 0.7211498740022243 0.3602381949048256 0.0518802893919517 0.0875744110699257
0 0.39901581072098774 0.2190377537130151 0.03968412628012441 0.03880952885594056