0 0.6978091255444797 0.6652545224325281 0.0444904796419344 0.03716503087881229
0 0.84164996067737 0.7046616664017489 0.0476154796419344 0.03725595909205772
0 0.5336102297988179 0.34504600785105183 0.04937823874123311 0.040426423198680436
0 0.1801803369878168 0.6204502069804867 0.04961807063492078 0.06850595909205773
3 0.7483445558324096 0.38964676867160447 0.06922966378737563 0.058159492478152594
0 0.869536040254706 0.26950541640174885 0.05270349784053181 0.04364235141192587
0 0.0957867481542987 0.6915690375427299 0.035755829734219445 0.07122178213245363
0 0.20673593769841073 0.7801123634861197 0.045130829734219446 0.07149456677218957
1 0.1798346738187501 0.8701235980467136 0.12149067550756784 0.1922449874635877
0 0.13941922733480777 0.8290295851145897 0.03928134793281677 0.07756271034569906
0 0.1603441941768157 0.905560992873864 0.051781347932816725 0.07792642319868044
0 0.34611593152454756 0.11964988809672591 0.03359255243632351 0.06180131802583091
0 0.30352671576227375 0.06362119695135685 0.041244366131414 0.08385817445232169
5 0.37261667720561087 0.03588865353613213 0.04226664558877822 0.051136602665567035
5 0.5986230490494627 0.7962113542484127 0.06424177513842758 0.053335600158284535
5 0.6832702683554808 0.3791435261934519 0.052803627390180984 0.04520485141192578
5 0.6420339990771493 0.36307224531463944 0.04957849784053163 0.04355142319868044
3 0.5934160263750453 0.35226512595602505 0.06922966378737563 0.058159492478152684
3 0.7669131716592817 0.8449396739235961 0.07724242288667434 0.06151181301126627
3 0.5375245766519005 0.2473215616911178 0.06970932757475126 0.11431856426490725
0 0.6771785595330373 0.2787798133404704 0.04459060919158375 0.03872753087881238