0 0.23515625 0.5890625 0.03828125 0.02890625
0 0.53203125 0.3921875 0.0359375 0.03203125
3 0.26171875 0.31328125 0.0578125 0.04296875
0 0.52109375 0.4734375 0.0375 0.02890625
0 0.48203125 0.3203125 0.03984375 0.03203125
0 0.8125 0.75859375 0.01640625 0.071875
0 0.17578125 0.16796875 0.0421875 0.03515625
0 0.728125 0.30703125 0.0171875 0.05859375
0 0.58046875 0.51796875 0.0421875 0.03125
0 0.77265625 0.0109375 0.0171875 0.021875
0 0.68046875 0.81640625 0.02890625 0.065625
3 0.50703125 0.22265625 0.04921875 0.11796875
0 0.08203125 0.58828125 0.03984375 0.02734375
1 0.05078125 0.9578125 0.1 0.05859375
1 0.68359375 0.90234375 0.08046875 0.17265625
0 0.73359375 0.884375 0.0203125 0.08671875
0 0.69296875 0.94765625 0.0359375 0.07578125
0 0.75546875 0.21171875 0.0171875 0.075
0 0.7796875 0.10703125 0.02578125 0.0796875
0 0.7265625 0.02265625 0.01875 0.04296875
5 0.72421875 0.14453125 0.0203125 0.0765625
5 0.29609375 0.7390625 0.05625 0.03828125
5 0.40234375 0.51640625 0.046875 0.034375
5 0.3734375 0.3109375 0.0390625 0.03046875
5 0.32734375 0.3125 0.04140625 0.03359375
0 0.36015625 0.2234375 0.034375 0.03359375
3 0.4234375 0.30703125 0.0578125 0.04765625
3 0.11640625 0.74453125 0.06796875 0.05390625
3 0.0234375 0.5171875 0.046875 0.040625