1 0.7449430667170431 0.353855511780416 0.09291475334181776 0.06464568787965286
0 0.22882826539622442 0.45808068446118033 0.04262385200509069 0.03848192496187508
0 0.08229871073358783 0.49118673803215274 0.04573067067154524 0.03699216014423623
0 0.8878578200588609 0.41304606098298535 0.047347714672181594 0.041716027735416716
0 0.9273192147119523 0.3121005036122909 0.04889203333863605 0.040189895326597294
3 0.31083443276572276 0.7226503711065623 0.06626134667409059 0.056214938829583436
0 0.6783293734086329 0.5390494357923605 0.04889203333863605 0.04018989532659738
0 0.8834895880808145 0.5749102813477076 0.04414998933799978 0.03539329255305575
0 0.17002652474536 0.5758870867216318 0.04258748933799979 0.03535692496187508
0 0.8652202987348605 0.48234157485069373 0.0363193080044546 0.03364895459715278
0 0.5250872894254958 0.6668685773192357 0.045767033338636055 0.04011716014423605
0 0.7583681253580443 0.16442933586861047 0.03054202267663584 0.07412848423243057
0 0.25642074745381266 0.8817721043890622 0.05049089600572696 0.04335126291777769
0 0.6181971113542263 0.13955923527927033 0.04144316000954511 0.0712580573706945
0 0.7960730461091313 0.7855951678405896 0.02249316534054504 0.05363414627652787
0 0.42803157077494963 0.7879097355636107 0.031577264003817974 0.028852351823611143
0 0.858873038112631 0.8099217141933673 0.03210452267663584 0.07416485182361114
1 0.01644370735199914 0.13715450788378472 0.03063292934436313 0.08194098423243057
1 0.6016903166772722 0.07174248774781226 0.10650563335454458 0.14348497549562453
0 0.6564050886775904 0.0652125454997564 0.033667022676635835 0.0742012194147917
0 0.6034886266709089 0.02452199563159698 0.050727253341817755 0.04904399126319396
5 0.9746214760502703 0.34772822587687424 0.03330339600572714 0.04295121941479163
5 0.8191571047899036 0.8889922715640619 0.038481792011454276 0.08524782218833309
5 0.2581874067074981 0.2948533326375692 0.05993862133990877 0.04981946846486114
5 0.4191372814289956 0.6951228235195135 0.048982940006363405 0.04800239532659738
3 0.4729708060948138 0.6876181416237843 0.06464430267345414 0.051491071238402776
3 0.5659491941040407 0.7534412037441316 0.06399086935072643 0.1295797036472223
3 0.08356921471195246 0.3317390028497916 0.07262043467536324 0.06573540919430557
5 0.3739156880967228 0.7039899836637498 0.05049089600572696 0.04335126291777769