0 0.2778225564942213 0.46753344926171947 0.03766362646343317 0.030528109191583754
0 0.23209189997655894 0.3985622062015498 0.0392443071815924 0.03375323874123311
0 0.9493617340891227 0.501090307687336 0.040815897540672094 0.03541586829088246
0 0.9534583607489473 0.3992274190383881 0.029832945745273776 0.026902461443337078
0 0.027046372554608233 0.6188105567552602 0.04079771682251274 0.03229086829088246
0 0.07976178551517832 0.41066858729235867 0.040788626463433134 0.030728368290882456
0 0.17830084210759548 0.8248231199889254 0.04239657825883123 0.03864099784053181
0 0.4820702158405541 0.6474853578073076 0.040806807181592394 0.03385336829088246
0 0.807604463502863 0.18114565238095032 0.016043156517662284 0.07287629549649317
3 0.2626025983541114 0.6724910595330373 0.058067030054229286 0.04745479333702498
3 0.5044906373853312 0.7398335441122172 0.0443681444174139 0.10905362739018098
1 0.04716589149054777 0.04699611351052037 0.09413179508134394 0.07163277297895927
1 0.6786340601084586 0.06697344232188916 0.07601812021691715 0.13394688464377832
0 0.726444846212812 0.06755232418789034 0.02074883723582168 0.07630168414544118
0 0.6877772559519284 0.02034411898763295 0.03635565651766246 0.0406882379752659
0 0.6768584575509348 0.14185021977666862 0.030151108313060605 0.08158996144333708
0 0.7809309384186035 0.835441928599112 0.023937469749379048 0.08743944324473993
5 0.16708049921443308 0.5082363972868214 0.05023634933607006 0.04382914558877822
5 0.3703878272768726 0.6608946206072341 0.047111349336070064 0.04362888648947969
5 0.3266378272768725 0.6636982479974152 0.037718168617910844 0.039903109191583755
5 0.2905987706844554 0.24553853331487557 0.05646816861791084 0.04110466378737554
3 0.11476752370951751 0.24820935765042423 0.06900453005422928 0.04815570018457009
3 0.42352191763595215 0.6590527159191573 0.05336134933607006 0.04402940468807692
0 0.361571884360269 0.7575891479051301 0.03300339754067192 0.0349152205426357