0 0.48283609922402493 0.5510770475053528 0.03543475544788173 0.03845474623907634
0 0.3331860244662912 0.6312693496960662 0.03721577673520508 0.04162521034569906
0 0.5478754992436954 0.23670231043747653 0.037215776735205 0.04162521034569897
0 0.4910813798945023 0.9145545257977405 0.0352162341605581 0.035329746239076344
0 0.43245904080993613 0.521428999933493 0.03888753737886681 0.043233174452321776
0 0.3786723951528665 0.3390280254020291 0.040668558666190256 0.04640363855894432
0 0.4739906129697798 0.420085460279192 0.03198197351689647 0.03367631802583091
0 0.4353876628338938 0.6138892845732291 0.035653276735205 0.04157974623907634
0 0.5456459997478984 0.0894635975844951 0.03587179802252862 0.0447047462390763
0 0.1280000418183423 0.21822246575597531 0.04702781930985207 0.048147994985435094
0 0.33462247435007564 0.5099710112162641 0.03554401609154336 0.04001724623907634
0 0.2826611366028917 0.5029792136444042 0.038996798022528624 0.04479567445232178
0 0.7196812633184264 0.7912547327782271 0.06893567029858776 0.026954956584775223
0 0.480039609111382 0.7701907603583342 0.0367787341605581 0.03537521034569906
3 0.27273910542821117 0.2866267879384414 0.05916718639013112 0.06565374373179385
3 0.20525740244233356 0.5351719365265156 0.08776207995351379 0.05089256175762476
1 0.9007048403450739 0.049693021574598345 0.07359031930985224 0.04892088479802065
1 0.8593661122134751 0.6520595036279098 0.19885239926336595 0.10090458511458991
3 0.7002406645986046 0.10648727619345186 0.06752598960843983 0.07369356426490725
0 0.07677821529589779 0.8163871811162391 0.07395095222957297 0.03177884890464355
0 0.37043501616841795 0.7255110946815012 0.07013753737886681 0.044142456584775225
0 0.7719917983515048 0.6589112457103509 0.07751299480421991 0.03811977711788863
0 0.8970464286733357 0.6617671242401654 0.07148151609154355 0.04106292069139794
0 0.8352841200071452 0.7053747202418148 0.06770095222957302 0.03159699247815269
5 0.6924178208993359 0.2855299185133199 0.047901904459146036 0.06064799498543509
5 0.2727394694063971 0.39857285847155477 0.03587179802252862 0.044704746239076346
5 0.27283765839441826 0.3523881802583094 0.03565327673520517 0.04157974623907634
3 0.27069636816555986 0.45018082257817743 0.059276447033792846 0.06721624373179384
0 0.18284108908456626 0.3967399223407506 0.04179401609154336 0.04019910266556703