0 0.935433325941306 0.43093152577752464 0.03610409997176518 0.031088173916276673
0 0.5981685443712749 0.4078362880976332 0.03913809471009326 0.02965300790866543
0 0.9531877862670056 0.6420918602642051 0.04226309471009344 0.029780341901054184
0 0.800662025743662 0.6327593281352518 0.03913809471009344 0.02965300790866543
0 0.8424513524614266 0.2128089254735135 0.04593412628012459 0.03928267589344294
0 0.5431023417969086 0.3455790272232183 0.04244510523343692 0.03290534190105419
3 0.7631873286427291 0.35064982368662756 0.06375866311182729 0.05092051285158128
0 0.22993854401833902 0.7630451225471326 0.02119173151356133 0.06945033695813833
0 0.36299323870019745 0.8261419832312671 0.03350972099021767 0.06683467292769336
0 0.2958269814429742 0.15468347729976803 0.01715667889684287 0.05369800296574954
3 0.5164572708349259 0.24940702277459406 0.05204688936371689 0.11747134288963731
1 0.9726140785015547 0.9868950939154015 0.05477184299689064 0.026209812169197023
1 0.3634930386154928 0.9110077786689121 0.0887726156156063 0.17798444266217572
0 0.31511645179790737 0.8873222223568522 0.029550263083592477 0.07914367193911005
0 0.35583943331146867 0.9575683967674203 0.04544827886860805 0.08446784190105419
0 0.23886434990117794 0.11339263243296434 0.024407736775233245 0.07114017095052709
5 0.2886753631259448 0.04527664380167083 0.0273507262518895 0.06814250494291588
5 0.7450175124483079 0.7746802312912818 0.055582142065139804 0.04435217787060921
5 0.695999828642729 0.34791214285026867 0.045661110495108834 0.034595175893442943
5 0.6520678181193853 0.34300446695682574 0.045934126280124235 0.03928267589344294
3 0.9237795492800108 0.7928757688574424 0.07689569994353036 0.06236734882113648
3 0.6020678181193854 0.3409671230786052 0.05861613680346807 0.04291701186299814
0 0.6609885208349259 0.2552962199225753 0.036013094710093264 0.029525673916276585