0 0.8027668090935188 0.9016222691217232 0.03823197351689629 0.034905621018452494
0 0.36350439716967886 0.24004408717052134 0.03888753737886681 0.044280621018452496
0 0.315280428596461 0.10008621608148165 0.03888753737886681 0.04428062101845254
0 0.6096306341802287 0.31591852950389254 0.04223105866619044 0.04758763154179624
0 0.6979061663633154 0.38922025063528454 0.04223105866619044 0.04758763154179633
3 0.7873510786161314 0.38950170071998913 0.10727690445914587 0.06538134727034199
0 0.7440392131253362 0.06177851912172316 0.047246340597175515 0.05254814732681177
5 0.7498664121759415 0.7172241532943553 0.04433986188449897 0.055491136803468066
0 0.3941569975773369 0.8242293713713884 0.06926345222957302 0.03360072625188977
3 0.6339918597908121 0.18193066637794778 0.05916718639013112 0.0672476841585147
1 0.21471016217594147 0.7483934554169636 0.20307000569998318 0.12231315770898128
3 0.6893399135133238 0.33402451642030007 0.05916718639013112 0.06724768415851479
3 0.1831506256302539 0.17367417647776845 0.05993201089576328 0.07818518415851469
5 0.24796651450205953 0.3377674975809256 0.05269866510280767 0.06375866311182729
5 0.655768306824605 0.2465546084995574 0.05182457995351371 0.05125866311182729
5 0.6719449638816408 0.28718731377534673 0.05048060124083733 0.05429265785015547
0 0.7540254903647444 0.24946052964506685 0.049715776735205 0.043355157850155555
0 0.30057125252101546 0.7198596607633401 0.07660605866619026 0.0495897472985769
0 0.18716967022171316 0.7696083027578928 0.08162134059717552 0.054550263083592475
0 0.25734005858931575 0.7859165712443315 0.0774037341605581 0.03874325256024882
0 0.9755507471115712 0.6056063009035159 0.048898505776857705 0.04415879465362345