0 0.9845688800776703 0.3924973838305217 0.025181807181592575 0.03183188145888884
0 0.22777748283158603 0.6022574034947225 0.03766362646343309 0.028997822188333446
0 0.08087066657480738 0.60430759992375 0.03766362646343313 0.028997822188333446
0 0.3704245668459539 0.3922674204965628 0.0392443071815924 0.03215918977951393
0 0.4661052263886784 0.3312045935585768 0.03924430718159222 0.03215918977951393
1 0.04885357299427392 0.965625 0.09770714598854784 0.06875
3 0.4916051961380573 0.24584897501746567 0.03962610226293641 0.09778418977951393
0 0.16691881352630417 0.18437826605190985 0.043949987899751575 0.035393292553055566
5 0.7931808107958297 0.3849173539109034 0.04705680718159222 0.032341027735416715
0 0.7933656005144204 0.7560656552976742 0.01600679508134384 0.06598867591180557
3 0.24969443120913856 0.32694893218006965 0.056504530054229285 0.045059233282499986
1 0.6698366760427771 0.9032107993900006 0.07294766237139498 0.18604790919430556
3 0.41068192818407645 0.322101044071667 0.056504530054229285 0.045059233282499986
3 0.11282412764178348 0.7527275693385418 0.06742384933607007 0.042188806420763926
5 0.2879059408735 0.742738239550764 0.053343168617910844 0.038736498100139016
5 0.317676816747758 0.3261871723964239 0.040861349336070066 0.041570557370694414
5 0.3614449974659172 0.32408046494947945 0.04396816861791084 0.03851829255305557
0 0.34868644311299524 0.23392759042444472 0.033048849336070066 0.04138871941479163
0 0.6672389168693951 0.8125130642076395 0.03164997579950324 0.06947735182361114
0 0.6821457785021051 0.9363142401194452 0.03479315651766228 0.07267508700597247
0 0.7176656428652899 0.8746325109210076 0.019168156517662283 0.07231141109416654
0 0.7572443525575239 0.11529453172257006 0.019240879390299347 0.08481141109416672