0 0.5980008910300239 0.77985470553879 0.03584821996293321 0.043788541356328994
0 0.35855900054815415 0.21937300806277063 0.03261409255827141 0.040517992142117175
0 0.35591020490199066 0.1159569096343472 0.03757441106992569 0.04854881596343472
0 0.605290057457427 0.9296556523956369 0.032668656260602266 0.042080492142117266
0 0.313479591207509 0.5467146040099947 0.03590278366526398 0.045351041356328815
0 0.2905629686969887 0.21698856265366584 0.05169147477225655 0.050766287427387445
0 0.011259903813531534 0.26400899607105854 0.022519807627063067 0.028017992142117087
0 0.7340872794040947 0.19930252646462346 0.074201391832632 0.025295406533975308
0 0.17902022333667614 0.8565904100486319 0.03908234736759484 0.04705909057054072
1 0.9528371800527653 0.9459976282028159 0.03517858656782167 0.10800474359436833
1 0.8816666291339423 0.3204241633538917 0.1906646947351895 0.09935795285270288
0 0.8574950083527024 0.273129632336645 0.08066964664195524 0.03183650496239876
0 0.9305679206037546 0.3093989261741732 0.0842311562606021 0.0444820541766104
0 0.7890971832176262 0.327067961534646 0.08401290145127867 0.038232054176610394
0 0.08639133466890507 0.2599080010334573 0.08066964664195542 0.03183650496239876
0 0.21988830391404796 0.6722539514049608 0.035684528855940555 0.03910104135632899
3 0.7593252822296835 0.888313676588458 0.06818949400955017 0.0764940334984459
3 0.31742301362536207 0.7699166635632887 0.05363592068857255 0.06177656203449331
3 0.3091988297747636 0.6020741920993359 0.04582342068857255 0.061412688998963995
3 0.219521260081983 0.5259054902800904 0.11257441106992569 0.05204199710451594
5 0.3080703501931837 0.6567980794028888 0.039136911069925694 0.04862159057054054
5 0.31516359837908514 0.7001670897419711 0.03595734736759475 0.04691354135632899
5 0.736448321337243 0.7143110963569996 0.0410813569862416 0.059631865177646404