3 0.33707503335537103 0.23587869787579369 0.05319359905006031 0.062392351411925784
0 0.6154080732694627 0.21682585484364508 0.03173467887824373 0.03992631802583091
0 0.614496269221877 0.06505876636384303 0.03033595318850324 0.04300585391920826
0 0.4103576458615571 0.01302152256554218 0.033215291723114146 0.02604304513108436
0 0.34944331580623095 0.45694971582248234 0.034859678878243816 0.04001724623907634
0 0.19560682835784543 0.14923180720527823 0.0383122274987628 0.04635817445232169
0 0.7912235385552954 0.7946289429277358 0.07129514586155708 0.020795884798020657
1 0.9186564436333355 0.6699746207452697 0.16268711273332884 0.09300115690134447
1 0.9732704036634733 0.04562210774663896 0.05345919267305348 0.09124421549327792
3 0.7713128352552504 0.10118281980819759 0.05393058344622812 0.07645485141192579
3 0.3432884910664301 0.39922814403572765 0.05278416327441153 0.054579851411925784
3 0.2558128245126582 0.4768877942731546 0.12112472749876275 0.048767772103323635
5 0.34133648744838546 0.3022622158224823 0.03658595318850324 0.043187710345698974
5 0.3390646585247132 0.34849235814235036 0.04456222749876275 0.04654003087881238
5 0.7658861080951719 0.28130222882111305 0.04694359905006031 0.06221049498543509
0 0.8400184854122206 0.6656712171426304 0.08313340456798421 0.0383016335443795
0 0.9680151741285453 0.6819828757598346 0.0639696517429094 0.046159597651002214
0 0.911593592264197 0.7175770464512325 0.07795458163720567 0.028790241224511348
0 0.27044296980838833 0.6963281160599092 0.07951708163720576 0.028835705331134064
0 0.13495917118786935 0.6940107612827712 0.059040807326946255 0.025119671945039102
0 0.13704397161741064 0.7487209933360824 0.08420458163720576 0.02897209765100204
0 0.2513632626631562 0.3322656160599092 0.03790279172311406 0.03854567445232169