0 0.51328125 0.51796875 0.03359375 0.02734375
0 0.2296875 0.58515625 0.0390625 0.03125
3 0.25546875 0.30859375 0.0578125 0.04453125
0 0.0203125 0.37734375 0.040625 0.03046875
0 0.86953125 0.4359375 0.04140625 0.03046875
0 0.0765625 0.58125 0.0421875 0.02734375
0 0.1703125 0.16171875 0.04375 0.0359375
0 0.47734375 0.3203125 0.03984375 0.03046875
0 0.8046875 0.76796875 0.01640625 0.0671875
3 0.50078125 0.225 0.0453125 0.1125
0 0.77734375 0.11640625 0.02109375 0.08515625
0 0.35625 0.21875 0.03046875 0.0328125
0 0.72734375 0.884375 0.01796875 0.0765625
0 0.684375 0.95703125 0.0296875 0.07734375
0 0.67421875 0.81484375 0.0296875 0.0765625
1 0.67421875 0.90859375 0.08046875 0.1828125
1 0.04453125 0.9515625 0.0890625 0.06875
3 0.11171875 0.74375 0.06484375 0.0515625
3 0.41640625 0.31328125 0.0546875 0.0421875
5 0.2859375 0.73203125 0.05234375 0.03828125
5 0.32265625 0.31015625 0.046875 0.0328125
5 0.365625 0.31171875 0.04609375 0.03125
5 0.5234375 0.475 0.04375 0.03828125