3 0.2316265487348605 0.48655558699087925 0.10993862133990877 0.05608574505632156
0 0.5980124280314986 0.19040294476487896 0.02856135200509069 0.03946669158591121
0 0.1723033560232262 0.1591843398408709 0.03486589600572705 0.04459123416055819
0 0.5874514767663591 0.6938939315233272 0.07060340133672724 0.029916728964778018
0 0.32743848806490605 0.45561730740568257 0.031722714672181594 0.04281021287323465
0 0.596230657344045 0.03727794476487896 0.028597714672181595 0.04259169158591123
0 0.7781588401097677 0.7548375133184264 0.05643181333545435 0.019558383171822413
0 0.824296948758723 0.6210363136867434 0.06595226400381797 0.032713947033792934
3 0.31629026070177113 0.2366869909458221 0.04752952800763603 0.05952781930985207
1 0.9664107953333865 0.016213822866972094 0.06717840933322705 0.03242764573394419
1 0.9078906987587232 0.6151908692508407 0.17741702267663584 0.08578395273377595
0 0.8889685234324954 0.6689003772966122 0.06898635733609097 0.025119968321116203
0 0.9533577400938593 0.6253035605846503 0.06753294533736351 0.034385707677454566
0 0.11918328210531333 0.7680783746218477 0.0721113573360908 0.02533848960843983
0 0.16463159476445005 0.7093864356338265 0.07053067600254534 0.023666728964778016
5 0.04589977609799549 0.7192527445521184 0.07523635733609077 0.025557010895763278
5 0.3209419453771344 0.3004763393366678 0.0395715773392725 0.046481516091543364
5 0.31130386338317956 0.3457177835204691 0.03333975867281787 0.04760697351689647
3 0.3189441880569519 0.3975698606239913 0.05381589067472685 0.06308986188449897
0 0.22760102538190688 0.3421882279563719 0.03323067067154524 0.038231973516896466
3 0.7497920093491356 0.06407040168602893 0.05390679734245403 0.07090236188449899
5 0.7432436593729982 0.24045258522616847 0.03655566534054522 0.055637994804219916