0 0.21341501299863075 0.4289410263783241 0.04148881802583091 0.030396612012708955
3 0.24677411612641617 0.7062262751605081 0.06395485141192578 0.051090941558013726
0 0.9701734783588947 0.4515300559997638 0.030551318025830908 0.030205697240056395
0 0.06164792451882867 0.4333267431001412 0.043051318025830954 0.03042388555165907
0 0.016677062648808104 0.6419380840095317 0.03335412529761621 0.031986385551659245
0 0.46701005977906773 0.6858394573830309 0.04157974623907634 0.03352161201270878
0 0.16671924010388417 0.8517785085214167 0.04635817445232169 0.03672843262956001
0 0.8009544654267711 0.4915669005626023 0.03082410266556721 0.039580697240056396
0 0.7850185430195132 0.2333452974783472 0.020841348904643196 0.0722022824674041
1 0.036286840987084526 0.06548467816533299 0.07257368197416905 0.07159435633066598
1 0.6522551702956866 0.09502136282019244 0.0892396594086268 0.16866027110331835
3 0.09346988902116275 0.2798977800317721 0.07838106426490725 0.0638364034085667
3 0.4080071328194636 0.6988791996723931 0.05913095909205772 0.046321620941162676
3 0.4916486954350182 0.7792854943146619 0.05023934389007838 0.11644320616851012
5 0.27012331723440813 0.27985468993316054 0.05577863855894431 0.03845457386326192
5 0.31189065076615224 0.6979831270269472 0.049483174452321685 0.036782979707460584
5 0.35564065076615226 0.6987467861175568 0.049710494985435096 0.044595479707460584
0 0.34758044668865945 0.7877138287312306 0.03693771034569897 0.03500229139585791
0 0.7675088502912986 0.8888413210172976 0.02897209765100204 0.08327615016215581
0 0.653456305951637 0.1880582966675683 0.034858384798020656 0.07088524431795715
0 0.7001925651228371 0.11305434252765298 0.027227741224511347 0.07699887662320544
0 0.6605594152811216 0.05139409374546897 0.036511813011265916 0.07403751785690749