0 0.5648015991816934 0.10462559633085386 0.040699411069925695 0.04801160266556703
0 0.4789261967189242 0.7967328768139549 0.037410719962933214 0.043233174452321776
0 0.6021255283077863 0.2571201105166188 0.04064484736759475 0.04644910266556703
0 0.5052580621426863 0.9473466422533612 0.03751984736759475 0.04635817445232178
0 0.7244420825611064 0.8990923133404702 0.037465283665263985 0.04479567445232178
0 0.8986930596956156 0.7933377214954561 0.04549603847458741 0.05127299498543501
0 0.700218321043543 0.5183053145941117 0.037410719962933214 0.043233174452321776
0 0.8221106460938012 0.25415554955041686 0.07452877404661713 0.033386813011266
3 0.7816121647829408 0.48008991224511377 0.11301092068857255 0.06260295157021041
0 0.21961312867060606 0.254575154394062 0.06660714664195541 0.030034492478152687
3 0.7421231119652012 0.7349305249398107 0.06015873920022692 0.0688696719450391
3 0.7177257687739576 0.5726662056603384 0.048948420688572546 0.06073892319868044
3 0.34243067992870124 0.9332433751646022 0.06350199400955026 0.07521060015828454
5 0.3309326408211416 0.7604280007914228 0.04587798439090331 0.062210494985435
5 0.7334723090626435 0.6659986685133199 0.04086310217691817 0.05269910266556703
5 0.7257490890997104 0.6236293120868291 0.050238102176918174 0.05297188730530315
0 0.8138666479927178 0.6215105341110106 0.04037202885594056 0.03863660266556703
0 0.8582911935540632 0.19511317016267254 0.07932540145127902 0.03664820533113407
0 0.19472723447572138 0.391211336368231 0.0781994110699257 0.049102741224511436
0 0.11289439191744999 0.3498074348771629 0.07770833774894799 0.03504024122451135
0 0.062132989285044814 0.3935968873053031 0.07641865626060225 0.04280727711788872
1 0.10534727594553366 0.4018784002374268 0.18646826805616734 0.1100068004748536
1 0.15940241431960459 0.9863837808788123 0.08228671034428628 0.027232438242375423