0 0.89453125 0.3484375 0.04296875 0.03046875
0 0.54453125 0.50234375 0.040625 0.03125
0 0.39921875 0.46640625 0.03984375 0.03046875
0 0.2265625 0.58984375 0.03984375 0.0296875
0 0.47734375 0.30078125 0.040625 0.0328125
0 0.97578125 0.39765625 0.046875 0.03125
0 0.96796875 0.3453125 0.04296875 0.03125
0 0.06953125 0.59765625 0.04140625 0.02890625
0 0.43046875 0.50625 0.0296875 0.02734375
0 0.1609375 0.159375 0.0453125 0.0375
0 0.8234375 0.74296875 0.01640625 0.075
0 0.78203125 0.2546875 0.0328125 0.0578125
0 0.46328125 0.4609375 0.03828125 0.03046875
0 0.5390625 0.459375 0.04140625 0.02734375
3 0.50078125 0.20703125 0.053125 0.11484375
3 0.10859375 0.75625 0.071875 0.05078125
3 0.24609375 0.3015625 0.06015625 0.0515625
3 0.41640625 0.28984375 0.059375 0.0484375
0 0.47890625 0.50703125 0.03046875 0.0328125
0 0.68984375 0.80234375 0.02890625 0.078125
0 0.74375 0.8703125 0.01953125 0.0734375
0 0.70234375 0.94609375 0.03515625 0.084375
0 0.78125 0.07421875 0.021875 0.08125
5 0.31484375 0.30078125 0.0484375 0.03671875
5 0.3640625 0.3 0.04140625 0.034375
5 0.28828125 0.7375 0.06015625 0.0453125
0 0.35078125 0.20625 0.0359375 0.04375
1 0.6921875 0.89765625 0.07578125 0.19375
1 0.0453125 0.975 0.090625 0.04921875