0 0.2359375 0.58828125 0.0375 0.03046875
0 0.43203125 0.41640625 0.04375 0.03359375
0 0.0859375 0.58671875 0.0390625 0.028125
0 0.01484375 0.51640625 0.0296875 0.0328125
1 0.97265625 0.59609375 0.05390625 0.0484375
3 0.26171875 0.3125 0.0578125 0.04375
0 0.453125 0.4828125 0.03515625 0.03046875
0 0.78046875 0.30234375 0.03515625 0.0515625
0 0.48203125 0.3203125 0.03984375 0.03125
0 0.6265625 0.425 0.03203125 0.028125
0 0.81171875 0.759375 0.01640625 0.07109375
0 0.17734375 0.16796875 0.0421875 0.034375
0 0.36328125 0.2234375 0.02734375 0.02421875
0 0.6796875 0.81640625 0.028125 0.065625
1 0.0484375 0.95703125 0.096875 0.05546875
1 0.684375 0.90859375 0.07265625 0.178125
0 0.69453125 0.94453125 0.03203125 0.065625
5 0.328125 0.31328125 0.0453125 0.03203125
5 0.37578125 0.3125 0.04765625 0.0265625
3 0.50625 0.228125 0.04296875 0.11015625
3 0.42421875 0.31484375 0.06171875 0.0453125
3 0.11875 0.74375 0.06875 0.0421875
5 0.2953125 0.73359375 0.0515625 0.0375
0 0.73125 0.8859375 0.01953125 0.07734375
5 0.725 0.04609375 0.01875 0.0671875
0 0.725 0.1484375 0.01328125 0.05390625