0 0.41964771253690286 0.7926902344940867 0.03584821996293321 0.04318771034569906
0 0.43938231526197535 0.9441989102000499 0.03590278366526398 0.04475021034569906
0 0.8503619991973916 0.7981843458686355 0.04226191106992587 0.04805706677218975
0 0.6609374337657805 0.5119189222742436 0.03908234736759475 0.04640363855894449
0 0.2776239698781151 0.2911778956185733 0.06849702885594056 0.03945495658477531
3 0.6971030791417915 0.7303794172596787 0.058541675497895795 0.06726170783841638
0 0.1447990569940909 0.37724812476889075 0.07005952885594055 0.03950042069139794
0 0.1832216946503716 0.23994435306127845 0.07124008293962455 0.028608384798020657
5 0.9137822138876655 0.23617609085407051 0.07916171034428601 0.031960705331134064
1 0.07349193123389168 0.9838127103456991 0.07932540145127884 0.03237457930860188
1 0.07622021570176385 0.3875431155976908 0.1524404314035277 0.10946123119538154
0 0.07509668140352771 0.33533575791755876 0.08250496515360968 0.03830163354437941
0 0.026483110529620723 0.3845484962390763 0.052966221059241446 0.044096992478152595
0 0.8379116838505984 0.1917381175762478 0.0823958377489479 0.03517663354437941
0 0.8053967950131913 0.24944531749710555 0.06504464664195524 0.029989028371529967
5 0.2749180550951743 0.7493768405248661 0.04749504809323426 0.06381845909205772
5 0.6845510046396874 0.6643225082467632 0.04075397477225664 0.049574102665567034
5 0.6821452564537859 0.6212400979802065 0.04231647477225664 0.04961956677218975
3 0.2812250748806222 0.9270843033778476 0.06986112141421197 0.07851745658477541
3 0.7521179944728864 0.47625185840504775 0.1223313569862416 0.06131323620994635
3 0.6769146086307043 0.5694730095004045 0.04900298439090349 0.06230142319868044
0 0.7767583520072823 0.6216469264308786 0.037301592558271326 0.040108174452321774