0 0.44980507793670144 0.5248776987337236 0.032200494804219916 0.036801318025830906
0 0.6047385963740333 0.5726068419115213 0.03554401609154336 0.04001724623907634
0 0.36291599119792367 0.22879597209068853 0.03554401609154336 0.04001724623907634
0 0.4674253586071789 0.8861274358015997 0.03198197351689647 0.03367631802583091
0 0.4977944637064139 0.4852779896416658 0.03710651609154336 0.04006271034569906
0 0.5384133819113147 0.29463861777576883 0.03888753737886681 0.043233174452321686
0 0.44955334168245625 0.3946817333734596 0.03031021287323483 0.03206835391920819
0 0.5015043357303716 0.5771699729486184 0.03398151609154336 0.03997178213245363
0 0.3552177417021268 0.08244380931684932 0.03420003737886681 0.043096782132453625
0 0.7796278798176278 0.1231116441022347 0.04379355866619043 0.0464945667721897
0 0.5942924052923251 0.4544024111909935 0.03387225544788173 0.03840928213245363
0 0.6462755223726042 0.43573732772575635 0.037215776735205 0.04162521034569906
0 0.23097404239941993 0.8111431223281154 0.0686078883676025 0.022267456584775403
0 0.46821159846772026 0.7410877204413359 0.03354447351689647 0.03372178213245362
3 0.6402597411979236 0.2207260931651626 0.055823665102807674 0.0624378155185485
3 0.7246518946486634 0.4521686582879997 0.08576253737886681 0.04459709765100204
1 0.01453239356338265 0.08470160893377318 0.0290647871267653 0.10872178213245362
1 0.08961810790005044 0.7032122650436948 0.17923621580010088 0.08831365690134448
3 0.20283043303593642 0.13209813149931537 0.06261996832111638 0.07043217194503919
0 0.8724127794099698 0.7028182129859954 0.07362317029858759 0.0270913489046432
0 0.5742537848578514 0.6740700535108616 0.06679401609154337 0.04092652837152997
0 0.16991049228320446 0.6920725250728246 0.0756227128732347 0.03338681301126591
0 0.04550607198461668 0.720641457442705 0.06959123416055817 0.036329956584775405
0 0.1104537287895511 0.7507177508579298 0.06591993094224949 0.02842652837152997
5 0.2234057409458221 0.30614338526023904 0.04310514381548423 0.058949102665567035
5 0.6481272354979405 0.33120895209893575 0.03420003737886681 0.043096782132453625
5 0.6450457941641308 0.2860783085254265 0.03398151609154336 0.03997178213245363
3 0.654005894900765 0.38093616745919967 0.05593292574646931 0.0640003155185485
0 0.7376649829000504 0.3106714800747543 0.038450494804219915 0.0369831744523216