0 0.37603335023243106 0.22617525045711054 0.03398151609154336 0.040335839923887826
0 0.573499304051488 0.4993567879860901 0.036997255447881724 0.038900673916276676
3 0.6521041773359533 0.22193744213070327 0.05269866510280767 0.06291117688202616
0 0.4917958359824731 0.49801180528629574 0.03398151609154336 0.040335839923887916
0 0.6452921765796485 0.441899773651634 0.03732503737886681 0.043588173916276673
0 0.2060450982156187 0.8189277776431478 0.07485788836760258 0.023304848821136658
0 0.79788620692115 0.1201773294694024 0.040559298022528625 0.04527800790866539
0 0.6586616358465871 0.6851895172258435 0.06246714901126431 0.02435801285158128
0 0.44685504055783454 0.5613858971873499 0.03743429802252862 0.045150673916276675
0 0.946085226191661 0.696848622929881 0.005998627723941041 0.018941000988583135
0 0.1477623406740501 0.6943217084795067 0.06948197351689647 0.03555018083635879
3 0.7432544291775386 0.4558256693932902 0.12591764381548423 0.06277852570316256
0 0.3765846433112811 0.07346408593237408 0.03420003737886681 0.04346083992388783
1 0.02078239356338265 0.08192116205327851 0.0415647871267653 0.10490767589344296
1 0.0767821132218813 0.706385309772101 0.1535642264437626 0.10094437056996633
0 0.07965719685856591 0.7547445553234767 0.09091993094224948 0.03019151878308026
0 0.02815073017610962 0.7206998191636412 0.05630146035221924 0.04374468281352506
0 0.7541162474789845 0.7015546634617913 0.07809214901126431 0.02499468281352506
0 0.8591643803987055 0.7144128077205726 0.08354447351689628 0.03612318380210837
0 0.9359725348578515 0.6520772923975333 0.03277964901126431 0.02314833992388774
5 0.8214183619613735 0.663756233119724 0.07987317029858758 0.028183349809719614
5 0.2257494909458221 0.30319003110318893 0.04477690445914586 0.061030341901054184
5 0.4483186236134415 0.3844878161607106 0.040887079953513705 0.04996550790866543
5 0.6544482913141392 0.3332423566554397 0.037215776735205174 0.04202567391627658
5 0.6529839803021604 0.2873396076440229 0.04045003737886681 0.04371550790866543
0 0.7425327993599109 0.310177588366651 0.038450494804219915 0.03740184091247105
3 0.6588190810387945 0.38214277167446775 0.055823665102807674 0.06303851087441492
3 0.22029108464509078 0.12501595155942444 0.06283848960843982 0.07423067885919248
3 0.44819719937958136 0.016668246521368366 0.047246340597175515 0.03333649304273673