0 0.706188129241672 0.6723338226980443 0.04415279172311397 0.03921900889724857
0 0.7531217622129303 0.5685522480971958 0.04727779172311415 0.039346342889637495
0 0.8504803618288175 0.71266168684222 0.04563340456798457 0.03772017589344294
0 0.7137793012225109 0.6021804901885304 0.044070904567984216 0.037656508897248565
0 0.9458957604039078 0.6249481226214947 0.03946529172311415 0.03902800790866543
0 0.6307078516520521 0.5439913053978389 0.04727779172311415 0.039346342889637495
0 0.15961410165205211 0.5247957060452297 0.04596095318850333 0.043970175893442945
0 0.4207153759623116 0.5323030944096931 0.04900406603337348 0.0425350098858317
0 0.5352835662605162 0.40778986714710613 0.052129066033373486 0.04266234387822045
0 0.3500553951841885 0.44643457859236235 0.04596095318850333 0.043970175893442945
0 0.5374502538451873 0.35150803364900896 0.048922178878243724 0.04097250988583179
0 0.8723409102221937 0.2805986033441228 0.05064845318850324 0.044161176882026164
0 0.3498041689286211 0.24208265961900163 0.047926244911617386 0.08147017589344294
0 0.3498185362960471 0.12229674163422406 0.024577276119281777 0.05245383794672147
0 0.10447182101021454 0.6955737796574952 0.03674308344622808 0.07633700692008212
5 0.37537513625061864 0.037999996082848354 0.03674972749876275 0.04671317391627661
1 0.19262583898889596 0.8659273834215476 0.12117339439121899 0.19983285672980172
0 0.21764685040885673 0.7769113043720746 0.04924308344622812 0.07684634288963732
0 0.15203513851392614 0.8337396245242988 0.047926244911617344 0.08147017589344294
0 0.1731454986452629 0.9089770464634093 0.0605900192218769 0.08510451186299832
0 0.30548203810506946 0.07194923174839232 0.04332063206674715 0.0828416749048598
0 0.678676119403591 0.28601697931411546 0.042590291723113974 0.039155341901054186
5 0.6892650593631112 0.3827473992760594 0.050320904567984215 0.037911176882026165
5 0.6467876322938897 0.3716215568807136 0.05730788896415202 0.052228344866803764
3 0.7763767192466207 0.8568308395039583 0.07120661465389251 0.04967634783255335
5 0.6118505517883377 0.7992372209111585 0.058379066033373485 0.04291701186299797
3 0.7525905749669434 0.3994202461200294 0.0698078889641522 0.05273768083635888
3 0.596866197422752 0.35314612950439583 0.06051477611928178 0.05391817885919252
3 0.5419097817734914 0.25147620015091177 0.062227762324471844 0.11635451186299806