0 0.39375 0.51484375 0.0421875 0.03203125
0 0.07265625 0.57109375 0.03984375 0.028125
0 0.22734375 0.57734375 0.0390625 0.0296875
0 0.26171875 0.359375 0.03984375 0.03046875
0 0.1703125 0.1546875 0.0421875 0.034375
0 0.475 0.31484375 0.040625 0.03203125
3 0.25390625 0.29765625 0.0578125 0.0453125
0 0.796875 0.76953125 0.01484375 0.06875
0 0.71875 0.15546875 0.01484375 0.05390625
0 0.66953125 0.81875 0.02734375 0.06640625
5 0.84765625 0.39453125 0.046875 0.03671875
5 0.71953125 0.0390625 0.0171875 0.07734375
0 0.35390625 0.21484375 0.02734375 0.025
1 0.04296875 0.940625 0.0859375 0.0625
1 0.6671875 0.91171875 0.07734375 0.17578125
0 0.7171875 0.88515625 0.021875 0.08046875
0 0.678125 0.94921875 0.0375 0.071875
0 0.77265625 0.1171875 0.02265625 0.07578125
5 0.284375 0.725 0.0578125 0.03671875
5 0.36484375 0.3046875 0.0453125 0.03828125
5 0.321875 0.30546875 0.04296875 0.0375
3 0.10625 0.72890625 0.06796875 0.05546875
3 0.4171875 0.30703125 0.05625 0.0453125
3 0.5 0.221875 0.04140625 0.11875