0 0.3701025844690983 0.2516488726829513 0.03030912628012441 0.03897396879233552
0 0.5835427291650741 0.19762535674043477 0.03030912628012441 0.03897396879233552
0 0.1667339317394403 0.15949675147033804 0.04004814732681181 0.04571529172311406
0 0.5954497369164076 0.04668033243017529 0.032053636803468066 0.042180855947465276
0 0.29296541886760935 0.4527443831984009 0.03361613680346807 0.042262743102595125
0 0.7025785533931773 0.7615163591152839 0.07305806840173404 0.02407930913596843
3 0.3040071476091605 0.23642002035353063 0.04702618942018653 0.058542840343632996
0 0.02890510593930868 0.7072525780191612 0.05385304209337479 0.015284163274411533
0 0.4724059350055607 0.8086281337642276 0.0670810841867496 0.028439260515449406
3 0.20557183468085977 0.48224817673053727 0.0959341262801244 0.042413229307785016
0 0.20622282401634173 0.337345112506186 0.026638094710093263 0.02943519448207601
0 0.30270589796209635 0.6064492373368437 0.04869510523343692 0.033706614653892686
0 0.05379941914995804 0.7612473592268256 0.07783657366340588 0.025887470601357876
0 0.13745335330847275 0.7023426707376433 0.07600105787839033 0.021118083446227943
0 0.7622027243269253 0.6337731394184373 0.07820059471009344 0.032137470601357875
0 0.8273048085842621 0.679429798170293 0.0729670631400623 0.022516809135968607
0 0.8989291796027146 0.6398483197670191 0.07994510523343692 0.03534435775648763
1 0.8589867190652534 0.6302586358003927 0.18552724729857673 0.08293640999505118
1 0.9619770842573366 0.02485732134889882 0.07604583148532669 0.04971464269779764
5 0.291386779292131 0.34612256897404964 0.04004814732681181 0.04571529172311397
5 0.29641518451145055 0.299905988241355 0.043173147326811726 0.04587906603337348
5 0.7197007660673642 0.253577706356322 0.037651189420186526 0.058051517412854546
3 0.7479986132671191 0.07529225407232984 0.06043624203690499 0.07482293758467104
3 0.2835595977644522 0.4002744804394389 0.04684417889684287 0.05541784034363299