0 0.5125 0.51875 0.0359375 0.02734375
0 0.22890625 0.58515625 0.03984375 0.03046875
0 0.01953125 0.3765625 0.0390625 0.03046875
0 0.8703125 0.4359375 0.04140625 0.03125
0 0.47578125 0.32109375 0.03984375 0.03203125
0 0.075 0.58203125 0.03984375 0.02734375
0 0.1703125 0.16171875 0.04296875 0.03671875
0 0.80390625 0.7671875 0.01484375 0.06875
3 0.25546875 0.30859375 0.05703125 0.0453125
3 0.5 0.22421875 0.04609375 0.11328125
0 0.35390625 0.22109375 0.02890625 0.02578125
1 0.04375 0.953125 0.0875 0.06171875
1 0.675 0.90859375 0.07890625 0.17421875
0 0.67265625 0.8140625 0.03359375 0.075
0 0.7234375 0.8859375 0.0234375 0.0703125
0 0.68359375 0.95390625 0.0328125 0.071875
0 0.77421875 0.11484375 0.0234375 0.08359375
0 0.70234375 0.134375 0.025 0.08515625
3 0.1125 0.74453125 0.06875 0.04921875
3 0.41796875 0.3109375 0.053125 0.0390625
5 0.321875 0.31015625 0.04140625 0.03203125
5 0.3671875 0.309375 0.0421875 0.0375
5 0.28828125 0.7328125 0.05703125 0.0359375
5 0.525 0.4765625 0.04765625 0.0296875