0 0.5237238682567706 0.2565501025562952 0.03691942496187508 0.0444904796419344
0 0.4974731056233333 0.1069913911129581 0.03699216014423605 0.0476154796419344
0 0.3097100407501038 0.5432829372277601 0.040153527735416715 0.04937823874123311
0 0.7054368487863882 0.7525098519379864 0.06824216014423605 0.04961807063492074
3 0.25762478315065945 0.3271282086655599 0.05937630642076393 0.07089229333702489
0 0.09943172986402755 0.26613374460132916 0.04491376291777782 0.052803627390180984
0 0.8052725414156938 0.7995932078903676 0.07103985182361114 0.035755829734219445
0 0.835889374621944 0.6607204750092307 0.07129442496187507 0.04669332973421945
1 0.9090002195117008 0.6458452490679241 0.15726959897381967 0.1208503254152827
0 0.9084904200247912 0.7013640638427487 0.07736258700597247 0.03928134793281686
0 0.9574377195117009 0.6489492651070531 0.05893989532659738 0.052142293337024984
0 0.18922866090673543 0.8117547301033596 0.061664851823611144 0.03515505243632333
0 0.15803190587274232 0.8746960186600227 0.08368532218833336 0.04280686613141427
5 0.08710246324343682 0.8294650593761539 0.08844555737069448 0.04623225478036197
5 0.6832982367978817 0.2918133813953506 0.052980836056041626 0.06424177513842758
5 0.2757013295034372 0.3908798280361764 0.046476262917777865 0.052903756939830335
5 0.27935235315479134 0.4357114666851244 0.04327852773541672 0.04957849784053181
3 0.2907249578281941 0.484950003082319 0.05937630642076393 0.07089229333702499
3 0.6545225394189236 0.11627316085271486 0.06268314437666671 0.07890505243632351
3 0.2211917481970481 0.5814256824473982 0.11399107123840277 0.07127182757475108
0 0.189290397607708 0.43932901758028836 0.04004442496187503 0.0446907387412331