1 0.7609375 0.58046875 0.084375 0.04609375
0 0.2359375 0.5890625 0.03828125 0.03125
0 0.0859375 0.5875 0.040625 0.028125
0 0.88828125 0.4921875 0.04140625 0.0328125
0 0.94765625 0.5828125 0.04296875 0.03203125
3 0.2625 0.3125 0.0578125 0.04296875
0 0.65859375 0.41328125 0.04296875 0.03203125
0 0.8515625 0.334375 0.0390625 0.02890625
0 0.15390625 0.4859375 0.03671875 0.028125
0 0.85234375 0.42890625 0.03046875 0.0265625
0 0.4828125 0.32109375 0.03984375 0.03125
0 0.8125 0.76328125 0.01640625 0.07265625
0 0.1765625 0.16796875 0.04296875 0.03515625
0 0.68046875 0.8171875 0.028125 0.06640625
0 0.7234375 0.146875 0.01328125 0.0515625
0 0.36328125 0.2234375 0.0265625 0.0234375
0 0.7796875 0.11015625 0.0171875 0.071875
1 0.05234375 0.95546875 0.10390625 0.06328125
1 0.6828125 0.909375 0.071875 0.17578125
0 0.7328125 0.88203125 0.01953125 0.07265625
0 0.6921875 0.94453125 0.03671875 0.065625
5 0.98671875 0.5375 0.0265625 0.0375
5 0.725 0.040625 0.021875 0.08125
5 0.296875 0.7421875 0.05390625 0.0390625
5 0.3734375 0.31640625 0.0421875 0.0390625
3 0.42734375 0.31171875 0.0578125 0.0390625
3 0.50546875 0.22734375 0.03984375 0.121875
3 0.11953125 0.74375 0.0625 0.053125
5 0.32734375 0.3171875 0.04375 0.03515625