0 0.2598818166178211 0.890181511652068 0.039410009885831696 0.049497255447881375
0 0.4739058018262545 0.5792215043626008 0.0377838428896375 0.047825494804219916
0 0.464360999962819 0.4289101479259835 0.03778384288963732 0.047825494804219916
0 0.6175071990879666 0.2852743984301866 0.036157675893442945 0.046153734160558194
0 0.2879139050960153 0.4714150861577 0.03934634288963732 0.04793475544788173
0 0.2938164648309352 0.9769963196880044 0.03953734387822054 0.046007360623991286
0 0.24364005129478192 0.9619090461809432 0.039473676882026076 0.05105975544788173
0 0.6526846482131141 0.13338947033792872 0.034595175893442943 0.046044473516896466
0 0.49802107555225084 0.4680872624083726 0.032587006920082116 0.03499771287323483
0 0.20538122528542063 0.13188305657250338 0.045787343878220546 0.05305929802252858
0 0.660518486579765 0.9025272364294722 0.0776448389353046 0.03191627153942491
0 0.18759959281527525 0.760554359790812 0.06415534190105418 0.04499542574646931
0 0.44775182011504333 0.4904268021330279 0.037656508897248565 0.04470049480421991
0 0.43297705429771244 0.5646073473055649 0.034595175893442943 0.04604447351689629
3 0.1914063196207517 0.4748518065725033 0.12467634783255326 0.07727233020561534
3 0.8025453853615329 0.20497988309494786 0.06255834980971961 0.08227690445914596
3 0.33005362003849364 0.24480330967459651 0.06204901384016441 0.06977690445914594
3 0.2880850014456937 0.40953244519220744 0.058924013840164415 0.06955838317182242
0 0.49057864867022455 0.5161423501555564 0.03896434091247088 0.038559755447881726
0 0.7429237627772192 0.7837168882907279 0.08284167490485964 0.04474405347041035
0 0.8005014994313463 0.8512046730717049 0.07620967292769336 0.034932010895763456
0 0.8822117558571371 0.8263628462202842 0.09090884288963749 0.0515403566887187
0 0.025518675856261913 0.7223173964133742 0.051037351712523826 0.03838479282674854
5 0.31634660570403755 0.31200723516896434 0.0459146778706093 0.056184298022528625
5 0.30734167882201147 0.3599530622724866 0.04090884288963732 0.048044016091543365
5 0.751664681787761 0.37692058507241927 0.05579901384016441 0.06933986188449896
0 0.21698593425921892 0.327780064618275 0.05015650889724856 0.04557457995351379
1 0.8368183428152752 0.805952157232263 0.20732702174883003 0.1173288836760257