3 0.2625 0.31484375 0.0578125 0.04296875
0 0.98515625 0.540625 0.02890625 0.03125
0 0.47421875 0.4234375 0.03984375 0.0328125
0 0.2359375 0.59453125 0.03828125 0.02890625
0 0.08671875 0.59375 0.0390625 0.02734375
0 0.48203125 0.32421875 0.03984375 0.03203125
0 0.66171875 0.38125 0.040625 0.02734375
0 0.1765625 0.17109375 0.04296875 0.03515625
0 0.68046875 0.81953125 0.02734375 0.0671875
0 0.7796875 0.02109375 0.015625 0.0421875
0 0.8109375 0.76484375 0.01640625 0.07109375
3 0.50859375 0.23125 0.04296875 0.1078125
0 0.36328125 0.22578125 0.02890625 0.025
1 0.05234375 0.959375 0.1046875 0.0625
1 0.678125 0.90703125 0.07578125 0.1671875
0 0.73046875 0.8859375 0.01953125 0.06953125
0 0.6921875 0.9484375 0.03359375 0.0625
0 0.78125 0.1125 0.02265625 0.0796875
5 0.328125 0.31796875 0.0453125 0.034375
5 0.36953125 0.3203125 0.0453125 0.04453125
3 0.425 0.3203125 0.05546875 0.04609375
3 0.121875 0.75 0.06796875 0.0515625
5 0.296875 0.7421875 0.05234375 0.03984375