0 0.77421875 0.35546875 0.04140625 0.03125
0 0.44375 0.471875 0.0375 0.03125
0 0.384375 0.51953125 0.03671875 0.03046875
0 0.22734375 0.60078125 0.0390625 0.03046875
0 0.159375 0.17734375 0.04375 0.0375
0 0.25390625 0.52265625 0.03203125 0.0265625
0 0.071875 0.60703125 0.040625 0.02734375
0 0.6546875 0.3578125 0.040625 0.02890625
0 0.68125 0.50546875 0.03125 0.028125
0 0.46640625 0.3125 0.03984375 0.03203125
0 0.83984375 0.50703125 0.0421875 0.03203125
0 0.54375 0.40625 0.040625 0.03125
0 0.5140625 0.465625 0.0359375 0.0265625
0 0.60703125 0.46015625 0.03671875 0.02890625
0 0.80703125 0.7390625 0.015625 0.07265625
3 0.49140625 0.22734375 0.040625 0.1
0 0.5625 0.50859375 0.02890625 0.02734375
0 0.3453125 0.2234375 0.03046875 0.02578125
3 0.24765625 0.31796875 0.05859375 0.04609375
1 0.05 0.971875 0.1 0.05625
1 0.67890625 0.89375 0.07734375 0.17890625
0 0.67734375 0.8 0.0328125 0.0671875
0 0.7296875 0.8640625 0.02109375 0.07578125
0 0.69453125 0.9375 0.03203125 0.06875
0 0.765625 0.0859375 0.02265625 0.08984375
3 0.41015625 0.309375 0.05546875 0.05859375
3 0.10859375 0.7578125 0.0703125 0.06328125
5 0.2890625 0.74375 0.05859375 0.03515625
5 0.31484375 0.31328125 0.03984375 0.03203125
5 0.35859375 0.30859375 0.04375 0.0421875