0 0.6199114024155049 0.558181052752996 0.04796613855894431 0.03804544000636341
0 0.7146806816449647 0.6585361360995863 0.04484113855894432 0.0380090773392725
0 0.5358606628403462 0.49233732940799657 0.0447956744523216 0.0364465773392725
0 0.8589702392459543 0.6953832501193127 0.04640363855894449 0.038027258672817865
0 0.9037802855641729 0.6326019867918123 0.04644910266556686 0.03958975867281787
0 0.1888923861181689 0.4109300513605897 0.05360838479802066 0.07091248400699968
0 0.8847086544605689 0.26741279145444896 0.05127299498543501 0.044331802673454226
0 0.1138623277257564 0.6796795040181356 0.036511813011266006 0.07383748933799979
0 0.5489326273426803 0.3385310767424965 0.04805706677218957 0.041170440006363405
3 0.7648244003039338 0.3855895321053134 0.07043217194503928 0.05861247867599957
0 0.403420235880742 0.5048635067234064 0.04805706677218957 0.041170440006363405
0 0.7136386703621935 0.5600531827657227 0.05145485141192587 0.050581802673454135
3 0.5446064916867298 0.245480510741542 0.06724498746358769 0.11012043467536321
0 0.31863032805496083 0.061539673376816185 0.034858384798020656 0.07069430800445434
1 0.20109424010388413 0.8510647026973167 0.11795569279472176 0.1888090560152719
0 0.15827625428964912 0.8185243753580445 0.04156302586424747 0.08639203333863606
0 0.17716499511844908 0.894551073360908 0.05066524122451135 0.0771261213399086
0 0.225628890341311 0.759912991366953 0.049193669437756785 0.08023294000636323
0 0.46591187569332765 0.4790191693984516 0.05127299498543501 0.044331802673454136
3 0.7837392555432905 0.836743499442995 0.07163095909205772 0.04613066000954511
3 0.5461245614284204 0.5424736894095874 0.07337531551854841 0.052398841343090474
5 0.6195009107952821 0.7871600280871778 0.06073892319868044 0.04756589067472703
5 0.6561768260098967 0.3593168387571322 0.05435253087881229 0.042805665340545127
5 0.6980233452102267 0.3715264847628592 0.05430706677218957 0.04124316534054513
0 0.6907086018741442 0.2737520560948138 0.03707410266556703 0.03948067067154524
3 0.6087706285963215 0.3501685580839961 0.05775031551854859 0.052217028007635946
5 0.4764485589211379 0.5197805294000424 0.049483174452321775 0.03650112133990877