0 0.5214160380604522 0.1565259042621729 0.03290534190105419 0.042080492142117176
0 0.534423940302261 0.8791650376367844 0.03453150889724856 0.04371576674922295
0 0.5604374342963999 0.05764960256676184 0.03446784190105419 0.042153266749223
0 0.49300051387734545 0.4388504067433723 0.03427684091247087 0.03746576674922295
0 0.5366802352084334 0.30062050661953776 0.03440417490485981 0.04059076674922295
0 0.6189568829272559 0.20677415322871565 0.03440417490485981 0.04059076674922295
0 0.5861430188202613 0.4579942049241266 0.02777217292769336 0.030924668320799497
0 0.6230647682887887 0.05786361828252754 0.03140650889724857 0.043570217535011294
0 0.340911431862123 0.4521959309361934 0.03453150889724856 0.04371576674922295
0 0.47804797041686686 0.6289681385464072 0.04078150889724856 0.044006865177646404
0 0.5337979047132668 0.7101239392083609 0.037656508897248565 0.04386131596343468
3 0.3404326349044223 0.22913942059711118 0.04766817885919252 0.05992296360606986
0 0.19936728311753635 0.1480435860224266 0.03934634288963736 0.04705909057054054
0 0.7691398385153752 0.7805669100531413 0.0727026709505271 0.023660131926869353
0 0.08930114680460141 0.6932555403228715 0.05369800296574952 0.016536836641598995
3 0.24886585330694172 0.47918227005899183 0.1097225098858317 0.05189644789030403
0 0.5938918518240669 0.45606783188859745 0.027644838935304606 0.027799668320799498
1 0.9769445019771663 0.03795999483271349 0.046110996045667464 0.07591998966542698
1 0.9133541524517735 0.6539037485567671 0.17329169509645298 0.0879838052100677
0 0.8889310736866275 0.7045416033953315 0.07601867193911005 0.02849318114108108
0 0.955371815777962 0.6638759079862265 0.06708934091247087 0.03899403349844608
0 0.8225128948274352 0.6497128622866715 0.07789950692008211 0.03637845574818712
0 0.1189050751695023 0.747450734698519 0.07589133794672147 0.02536818114108108
0 0.1972728142950874 0.6921403424325674 0.07888900395433271 0.022388730355292808
0 0.2507573226608633 0.3335058970234626 0.035839340912471054 0.037538541356328906
5 0.34170331623507266 0.29874344520421703 0.04090884288963732 0.047131865177646406
5 0.33720415863041847 0.3420032936326405 0.04090884288963732 0.047131865177646406
3 0.33692958600673617 0.3928937055432993 0.047540844866803766 0.056797963606069854
3 0.7739070266917457 0.09075739330391816 0.06536501482874754 0.07322348428423428
5 0.7591308967674204 0.26599498780340014 0.04285334486680377 0.056579639784752264