0 0.25302772895735054 0.4648760291509567 0.04499350666795978 0.03683214206513998
0 0.46189241698885847 0.4848945846102726 0.04837359818322895 0.04013915258848364
3 0.3126106677377646 0.262024773959872 0.07008910151720871 0.05850972099021767
0 0.26501728805090463 0.5348245081042693 0.04499350666795978 0.03683214206513998
0 0.5558976374420815 0.444096008386618 0.04499350666795969 0.03683214206513981
0 0.742759650778001 0.5022893980326835 0.04524859818322877 0.039957142065139985
0 0.691691874106162 0.36711003220531563 0.04993609818322895 0.04023015785015547
0 0.23748363773194558 0.11097748442674597 0.05188123545613248 0.045008663111827295
0 0.5842616245652039 0.4934666768307043 0.04512105242559432 0.03839464206513998
0 0.11329542032283842 0.5224672632247668 0.04655600666795978 0.0369231473268119
0 0.5316156303150799 0.2908722978491568 0.04837359818322895 0.04013915258848364
0 0.8264960194241511 0.7588054375658094 0.03230205909355419 0.07185958944842134
3 0.5637268865239975 0.20344091630736058 0.06661315727678296 0.11117969468185844
5 0.8683972506282199 0.5412847376222792 0.058131235456132656 0.04537268415851479
0 0.41520976712894136 0.18226240827367848 0.03367336939505616 0.03150760523343701
1 0.08931462594232974 0.8825926921216096 0.04036965060882316 0.07543961575678075
1 0.6871780410950205 0.8791696874246352 0.11390248758216437 0.17613683674699843
0 0.7376404267009341 0.8723057664203001 0.04256987939699588 0.0833431210184525
0 0.6953570739757774 0.9312859242704554 0.048979376063016035 0.06661064732681155
0 0.6922006388192073 0.7964558979620963 0.05156224212409235 0.07920165258848363
0 0.7808665890993731 0.18058943230413765 0.03788237939699588 0.08307010523343701
0 0.7889983403073211 0.06865087442574733 0.029974284547746775 0.06239358418674958
0 0.8406882571270018 0.10567346131392 0.03957242515463051 0.08472361049510883
0 0.7326354806243405 0.4455766664485349 0.052008781213767105 0.04657116311182748
0 0.05473413698303953 0.3531859131824145 0.02324605242559432 0.037120568401734035
3 0.13730636048037828 0.6819864763930639 0.07646664727484329 0.06043624203690499
3 0.47311760410228254 0.27622523990017933 0.06358401000193972 0.055020699943530274
5 0.3792560337988408 0.27070255296965434 0.05149859818322886 0.0403211631118273
5 0.4215710795564753 0.2698079109045144 0.05044628121376711 0.04648015785015547
5 0.3126730222990891 0.6859018897166527 0.06607128121376693 0.047390210466874014