0 0.234375 0.5875 0.0375 0.0296875
0 0.41796875 0.4140625 0.040625 0.03125
0 0.0625 0.52109375 0.03828125 0.0296875
0 0.79921875 0.52734375 0.03984375 0.02890625
0 0.18203125 0.4765625 0.03515625 0.03046875
0 0.38125 0.4828125 0.04296875 0.03203125
0 0.5578125 0.4828125 0.03671875 0.02734375
0 0.0828125 0.5875 0.03984375 0.0265625
0 0.84140625 0.48671875 0.04375 0.03046875
0 0.75390625 0.0296875 0.01484375 0.05625
0 0.48125 0.31953125 0.0390625 0.03046875
0 0.6796875 0.81484375 0.02734375 0.06484375
0 0.17578125 0.16796875 0.0421875 0.0359375
0 0.8109375 0.76015625 0.01640625 0.071875
3 0.2609375 0.31171875 0.0578125 0.04453125
5 0.72421875 0.04140625 0.01875 0.0828125
3 0.50546875 0.21875 0.0484375 0.1203125
1 0.04921875 0.95546875 0.0984375 0.06796875
1 0.68203125 0.90859375 0.0703125 0.1765625
0 0.73203125 0.87890625 0.01953125 0.0796875
0 0.69296875 0.94921875 0.03828125 0.0703125
0 0.7796875 0.1078125 0.02421875 0.07421875
0 0.7234375 0.153125 0.01875 0.0640625
0 0.36015625 0.221875 0.034375 0.0328125
5 0.296875 0.73515625 0.0515625 0.03984375
0 0.03984375 0.36953125 0.04375 0.04296875
3 0.11796875 0.74375 0.0703125 0.053125
3 0.4203125 0.30859375 0.0609375 0.04296875
5 0.3703125 0.31171875 0.03671875 0.03671875
5 0.32578125 0.3109375 0.04375 0.03203125