5 0.48187176125876696 0.024393520976374455 0.05813147748246603 0.04878704195274891
0 0.882394876624214 0.6055670566076019 0.046153109191583754 0.040303627390180986
0 0.4114920913067535 0.6691996715023982 0.04705427513842757 0.054366127390181165
0 0.596255633868586 0.04426262338501137 0.03994268198597286 0.06480297964193438
0 0.5315099043835352 0.44754711212624443 0.0382404796419344 0.0382404796419344
0 0.47039193168143106 0.4421272293373926 0.05144138648947951 0.04997901603912887
0 0.3595743476282749 0.435223992137319 0.04489099784053163 0.04489099784053163
0 0.5439808235695816 0.49576456662975116 0.04821625693983034 0.04821625693983034
3 0.9289973712255432 0.4975450030915442 0.07411742288667397 0.06388082973421945
0 0.4805691656423021 0.4897136281653733 0.04967862739018099 0.046753886489479514
0 0.9466774221207072 0.5858868098468044 0.025540220542635696 0.03431444324473994
0 0.8655671244647456 0.5646311759782183 0.046153109191583754 0.040303627390180986
5 0.40781158852897625 0.43524497609819013 0.05300388648947969 0.05007914558877822
0 0.2919143692229582 0.8597023604282015 0.04971820018457009 0.07165375693983052
0 0.6793721152085634 0.21632978563122746 0.04759449568106326 0.08707849784053164
0 0.6441541108896267 0.1345581539221098 0.043468200184570094 0.07125323874123302
0 0.2563246414267252 0.21309627313584278 0.04871690468807692 0.05602875693983034
0 0.520070559071612 0.395373342847913 0.05134125693983034 0.04841651603912896
0 0.6570267458379468 0.23721278455149325 0.04064358883351815 0.0757404796419344
0 0.9118377544758202 0.3889407611111087 0.05104086829088246 0.04372901603912895
0 0.20545255629383488 0.1813444278239197 0.053704793337024895 0.061016645588778305
0 0.5158858158545587 0.004492031155407261 0.04947836829088246 0.008984062310814523
5 0.12335025755813915 0.13914523827980768 0.060255181985972864 0.06610466378737553
5 0.3408276542266516 0.09642111042820138 0.06730621838316742 0.07900518198597287
0 0.4978088394518269 0.08713934068844462 0.0467934592838688 0.07457849784053168
5 0.5462544363049096 0.005153365208563371 0.054366127390180985 0.010306730417126741
3 0.5972185541343665 0.11422466996123874 0.12129041640826924 0.1929465684754525
0 0.9385063718438518 0.6891119393964538 0.02986677513842757 0.05326470234403846