3 0.93828125 0.8718361596339452 0.1234375 0.08843941567207594
5 0.34609375 0.6107826654603146 0.034375 0.047314615756780753
0 0.24921875 0.5012340892366599 0.0296875 0.03766659997176518
5 0.359375 0.7717124601845253 0.03125 0.04400760523343692
0 0.2609375 0.5573853786991988 0.03125 0.04088260523343692
0 0.22265625 0.6395307497882385 0.03125 0.03932010523343692
5 0.4765625 0.14260035480991395 0.0390625 0.04602513154179624
5 0.246875 0.43781633134415215 0.0328125 0.040973610495108836
5 0.3015625 0.6136577655026668 0.03125 0.04244510523343692
0 0.35625 0.7184054496611816 0.028125 0.03445059471009344
0 0.67734375 0.6144507809347466 0.034375 0.03793961575678075
0 0.35 0.6672601786144942 0.03125 0.03932010523343692
5 0.2921875 0.4935804839326357 0.034375 0.04418961575678075
5 0.2984375 0.5595695049793232 0.0328125 0.04409861049510884
0 0.42421875 0.13877042854390703 0.0390625 0.044462631541796235
0 0.7453125 0.577003259817472 0.0390625 0.03977513154179615
0 0.48671875 0.090848139010781 0.0296875 0.03454159997176513
0 0.78046875 0.2860821282050886 0.0734375 0.0402147472985769
5 0.290625 0.43880197867096393 0.034375 0.04418961575678075
0 0.0484375 0.5528211631118273 0.034375 0.041064615756780755
0 0.44296875 0.3461124916839692 0.0671875 0.024225726251889502
0 0.12734375 0.5988231788262557 0.034375 0.041064615756780755
0 0.92734375 0.5860428728022424 0.0484375 0.0403211631118273
0 0.3453125 0.5583934128294786 0.0296875 0.03766659997176518
0 0.896875 0.7717682701996413 0.0421875 0.039957142065139985
0 0.43671875 0.08637347063728182 0.040625 0.044553636803468064
0 0.77421875 0.6099368571584012 0.0390625 0.03977513154179633
0 0.91484375 0.23453358070886762 0.06875 0.03994173151356133
0 0.98046875 0.6781995516990853 0.0390625 0.02571263154179615
0 0.3421875 0.31680515230613493 0.0671875 0.024225726251889502
5 0.95234375 0.183592706988992 0.046875 0.03710515785015547
0 0.12890625 0.3223516840879276 0.059375 0.02377069994353027
0 0.14453125 0.274824236704646 0.0671875 0.02578822625188959
0 0.2203125 0.3558004918957307 0.0671875 0.0257882262518895
5 0.5875 0.2943742283886152 0.0828125 0.03607327886860805
5 0.6203125 0.3212853388837241 0.0796875 0.0374537683452643
5 0.51875 0.1567762468750539 0.0375 0.04280912628012441
3 0.3390625 0.47443564178279124 0.0421875 0.06183214206513998
0 0.5125 0.03453722582836649 0.03125 0.011195105233436985
0 0.81015625 0.24640497817685375 0.0671875 0.0367257262518895
3 0.9734375 0.5363837780215619 0.053125 0.03434417889684287
4 0.97734375 0.4780175411757416 0.0375 0.03343412628012423
0 0.93828125 0.7780861596339455 0.0453125 0.03545165258848364
0 0.021875 0.35518032366340585 0.04375 0.02286064732681172