0 0.01328125 0.290625 0.02578125 0.01953125
0 0.0125 0.2453125 0.025 0.0203125
0 0.01171875 0.134375 0.0234375 0.02265625
0 0.0125 0.26953125 0.025 0.01875
0 0.0125 0.225 0.025 0.01953125
0 0.1078125 0.328125 0.0265625 0.01953125
0 0.0109375 0.17734375 0.021875 0.0203125
0 0.196875 0.296875 0.0234375 0.01875
0 0.2 0.2765625 0.025 0.01953125
0 0.19375 0.18671875 0.0234375 0.01875
0 0.10390625 0.1265625 0.0234375 0.01796875
0 0.0140625 0.315625 0.02734375 0.0203125
0 0.0703125 0.33125 0.0265625 0.02109375
0 0.15859375 0.0328125 0.02421875 0.01953125
0 0.1953125 0.23125 0.02421875 0.0203125
0 0.1625 0.2140625 0.025 0.01953125
0 0.2578125 0.340625 0.02109375 0.0203125
0 0.18984375 0.009375 0.02265625 0.01796875
0 0.1921875 0.09921875 0.025 0.01953125
0 0.7234375 0.59609375 0.028125 0.02109375
0 0.19140625 0.07421875 0.0234375 0.01953125
0 0.19375 0.12109375 0.025 0.0203125
0 0.1609375 0.1484375 0.02421875 0.0203125
0 0.58203125 0.58203125 0.028125 0.0203125
0 0.10390625 0.06171875 0.0265625 0.02109375
0 0.171875 0.35859375 0.0234375 0.01875
0 0.0671875 0.109375 0.0234375 0.01953125
0 0.06640625 0.08515625 0.02265625 0.01875
0 0.16015625 0.10234375 0.0234375 0.01953125
0 0.25625 0.31875 0.01875 0.01875
0 0.10390625 0.15234375 0.0234375 0.01953125
0 0.03125 0.696875 0.02421875 0.0171875
0 0.1625 0.28046875 0.021875 0.01953125
0 0.10625 0.26328125 0.02421875 0.0203125
0 0.259375 0.36640625 0.02265625 0.01875
1 0.44921875 0.60703125 0.0453125 0.0765625
0 0.065625 0.69375 0.02421875 0.01875
0 0.0703125 0.30703125 0.02421875 0.01796875
0 0.75078125 0.68515625 0.025 0.02109375
0 0.16015625 0.12421875 0.02265625 0.0171875
0 0.49609375 0.57734375 0.02578125 0.02109375
0 0.2546875 0.678125 0.02421875 0.01875
0 0.921875 0.76171875 0.0265625 0.02109375
0 0.1046875 0.10625 0.025 0.01953125
0 0.20078125 0.3234375 0.025 0.01953125
0 0.07109375 0.2875 0.0234375 0.01796875
0 0.0671875 0.15625 0.02421875 0.01875
0 0.57265625 0.64609375 0.02265625 0.01875
0 0.53671875 0.56953125 0.0296875 0.021875
0 0.2484375 0.115625 0.02109375 0.0203125
0 0.01640625 0.3796875 0.021875 0.01796875
0 0.0671875 0.175 0.02421875 0.01875
0 0.196875 0.65703125 0.02734375 0.0203125
0 0.25625 0.27265625 0.0203125 0.01953125
0 0.18828125 0.62578125 0.02578125 0.01796875
5 0.10234375 0.7203125 0.02890625 0.01953125
0 0.10234375 0.0171875 0.02578125 0.01875
0 0.16171875 0.23515625 0.02421875 0.01875
0 0.10625 0.21796875 0.02265625 0.01796875
0 0.68359375 0.59296875 0.0296875 0.02265625
0 0.61875 0.61875 0.02578125 0.0203125
0 0.159375 0.078125 0.01953125 0.01796875
0 0.1625 0.32578125 0.02109375 0.01796875
0 0.10703125 0.3046875 0.02421875 0.01953125
0 0.15703125 0.6921875 0.02890625 0.02109375
5 0.63046875 0.68359375 0.02734375 0.0234375
0 0.10390625 0.19375 0.02421875 0.01875
0 0.25625 0.29296875 0.01953125 0.01875
0 0.615625 0.6484375 0.02734375 0.0203125
0 0.34296875 0.46875 0.01875 0.0484375
0 0.0140625 0.35625 0.021875 0.01875
0 0.1578125 0.01171875 0.0203125 0.01875
0 0.04765625 0.721875 0.02578125 0.01796875
5 0.628125 0.58515625 0.03046875 0.0234375
0 0.06796875 0.196875 0.02265625 0.01875
0 0.81875 0.59921875 0.02890625 0.02109375
0 0.234375 0.65390625 0.028125 0.01953125
0 0.065625 0.04375 0.02109375 0.01796875
0 0.06796875 0.13046875 0.02265625 0.01875
5 0.7734375 0.6 0.03125 0.021875
0 0.065625 0.0640625 0.02109375 0.01875
0 0.01015625 0.065625 0.0203125 0.0203125
0 0.228125 0.6265625 0.028125 0.0203125
0 0.10234375 0.040625 0.02578125 0.01796875
0 0.2578125 0.3859375 0.0234375 0.01875
0 0.1625 0.30078125 0.0203125 0.0171875
0 0.2328125 0.7125 0.02734375 0.02109375
0 0.19453125 0.165625 0.025 0.01953125
0 0.06953125 0.26484375 0.02421875 0.01796875
0 0.06328125 0.0046875 0.02265625 0.009375
5 0.01484375 0.3328125 0.0265625 0.01953125
0 0.1609375 0.1875 0.02421875 0.01796875
0 0.1265625 0.95 0.028125 0.03671875
0 0.1078125 0.69140625 0.02578125 0.01953125
0 0.353125 0.3171875 0.01171875 0.046875
0 0.0578125 0.43828125 0.0109375 0.046875
0 0.0703125 0.240625 0.02578125 0.01875
0 0.38359375 0.021875 0.0140625 0.04375
0 0.15859375 0.0578125 0.0234375 0.01875
0 0.22421875 0.428125 0.0109375 0.04140625
0 0.06484375 0.01953125 0.021875 0.0203125
0 0.1953125 0.2078125 0.025 0.0203125
0 0.19921875 0.18984375 0.02265625 0.01875
0 0.13515625 0.43203125 0.01015625 0.04375
0 0.421875 0.95 0.0109375 0.0515625
0 0.1078125 0.2375 0.02421875 0.01796875
0 0.121875 0.43359375 0.01015625 0.04296875
0 0.009375 0.00546875 0.01875 0.0109375
0 0.1078125 0.28359375 0.025 0.01875
0 0.16328125 0.16875 0.021875 0.01796875
0 0.16015625 0.42890625 0.01015625 0.0421875
0 0.19609375 0.42890625 0.0109375 0.0421875
0 0.38671875 0.309375 0.01328125 0.05390625
0 0.06640625 0.22109375 0.0234375 0.01875
0 0.31484375 0.53046875 0.02421875 0.03984375
0 0.01015625 0.0453125 0.0203125 0.021875
0 0.3515625 0.18046875 0.0109375 0.04296875
0 0.19296875 0.0296875 0.025 0.01953125
0 0.24296875 0.00703125 0.01484375 0.01328125
0 0.1984375 0.1390625 0.0234375 0.01796875
0 0.37890625 0.7703125 0.0109375 0.04765625
0 0.37421875 0.31484375 0.0109375 0.040625
0 0.23515625 0.425 0.009375 0.04140625
0 0.25 0.0703125 0.0234375 0.021875
0 0.01171875 0.109375 0.02265625 0.01796875
0 0.1578125 0.25546875 0.01796875 0.015625
0 0.5765625 0.61328125 0.0234375 0.01875
0 0.0890625 0.4328125 0.01171875 0.04453125
0 0.17265625 0.42890625 0.01015625 0.04296875
0 0.1890625 0.7140625 0.025 0.01953125
0 0.10625 0.1734375 0.02578125 0.01875
0 0.01171875 0.20078125 0.0234375 0.01875
0 0.184375 0.428125 0.01015625 0.0421875
0 0.353125 0.3984375 0.01015625 0.0390625
0 0.38515625 0.18984375 0.01171875 0.04921875
0 0.21171875 0.428125 0.01015625 0.04140625
0 0.20078125 0.684375 0.0265625 0.0203125
0 0.10546875 0.0859375 0.02421875 0.01953125
0 0.19296875 0.05078125 0.025 0.02109375
0 0.25234375 0.2984375 0.01875 0.01875
0 0.2453125 0.02421875 0.0171875 0.01796875
0 0.2546875 0.2484375 0.0203125 0.0171875
0 0.2515625 0.04921875 0.01640625 0.01953125
0 0.15 0.725 0.02734375 0.0203125
0 0.39921875 0.4640625 0.0140625 0.03828125
0 0.25078125 0.09296875 0.0265625 0.028125
0 0.246875 0.13671875 0.01953125 0.02421875
0 0.25078125 0.15859375 0.02109375 0.0171875
0 0.0484375 0.4390625 0.01328125 0.05078125
0 0.01484375 0.403125 0.028125 0.02265625
0 0.19765625 0.25546875 0.02890625 0.021875
0 0.0109375 0.09140625 0.021875 0.02421875
0 0.009375 0.02421875 0.01875 0.0234375