5 0.425 0.56171875 0.04453125 0.04765625
3 0.9765625 0.47734375 0.04609375 0.040625
0 0.896875 0.2828125 0.0390625 0.03046875
0 0.571875 0.503125 0.03359375 0.03359375
0 0.925 0.32421875 0.03125 0.0265625
0 0.57109375 0.55234375 0.0296875 0.0296875
5 0.74609375 0.73046875 0.03046875 0.08515625
0 0.94609375 0.28046875 0.0328125 0.02578125
0 0.565625 0.4484375 0.03125 0.03359375
0 0.8890625 0.540625 0.03515625 0.05078125
3 0.65703125 0.94921875 0.05234375 0.1015625
5 0.87265625 0.37109375 0.04375 0.03828125
5 0.971875 0.3296875 0.0390625 0.03125
5 0.9421875 0.5484375 0.03984375 0.04296875
0 0.596875 0.92109375 0.025 0.05703125
0 0.72734375 0.65078125 0.0203125 0.07890625
0 0.49453125 0.53359375 0.04140625 0.0390625
0 0.7640625 0.6140625 0.01796875 0.05625
5 0.715625 0.846875 0.0328125 0.08046875
0 0.30859375 0.86015625 0.040625 0.05078125
0 0.98359375 0.01875 0.0328125 0.028125
0 0.35078125 0.81328125 0.0359375 0.046875
5 0.13125 0.01796875 0.0390625 0.0359375
0 0.2640625 0.16171875 0.028125 0.0640625
5 0.46015625 0.9046875 0.04140625 0.0484375
0 0.6890625 0.93203125 0.0265625 0.05390625
0 0.7453125 0.8390625 0.02109375 0.0484375
5 0.7859375 0.74453125 0.03203125 0.07265625
0 0.83046875 0.62890625 0.03671875 0.06484375
0 0.87890625 0.240625 0.04140625 0.0421875