0 0.45935760622831445 0.43540498205758826 0.030803460910325244 0.033139764003817976
0 0.6983867370024361 0.8776123054184961 0.03093100666795969 0.03470226400381797
0 0.5804992825908928 0.4087163074076784 0.02767846091032524 0.03310340133672707
0 0.4941465497198342 0.612985089393679 0.029240960910325242 0.03312158267027261
0 0.6695130826005912 0.6673196954169052 0.028985869395056162 0.029996582670272432
0 0.6280438333494972 0.4365873160804963 0.030675915152690792 0.031577264003817974
0 0.7441308321415493 0.5487702374283593 0.03262105242559414 0.036282945337363516
0 0.41304174712506203 0.10705271538827019 0.029240960910325242 0.03312158267027256
5 0.6949127268313187 0.3569730887571322 0.0344386439408634 0.039426126670908876
0 0.37670563439796567 0.11131295404995226 0.029240960910325242 0.03312158267027256
5 0.6801489830402365 0.271725932089405 0.03769118969849785 0.041024989337999786
0 0.6004925313829449 0.5197810767424965 0.03262105242559432 0.036282945337363516
0 0.3142058922738734 0.03409592604231624 0.03211086939505616 0.030032945337363448
0 0.5104109547014074 0.12379586740131505 0.029240960910325242 0.03312158267027256
0 0.2637902725889532 0.3535175406985894 0.046460411818710766 0.014589758672817865
0 0.9022958236374216 0.0385974481221762 0.06234050333398002 0.017896572008272348
0 0.3611920757634535 0.1603044373806342 0.02429836939505616 0.02994203866963625
0 0.656552373188078 0.17388786875395054 0.0346937354561323 0.04255112667090888
0 0.7929206946994677 0.07556964210690417 0.05947059484924892 0.020985209341181442
0 0.6304186316922056 0.6855969807447237 0.025605777879787083 0.026835220003181705
0 0.07230414531798923 0.3981198740054088 0.06077800333397989 0.01787839067472685
0 0.13832775804508562 0.3942050806810903 0.06103309484924897 0.02100339067472685
0 0.0867170738065995 0.49819259933959065 0.05921550333397989 0.017860209341181488
0 0.14298330713670007 0.41299144334818116 0.06572059484924897 0.0210579346753633
0 0.9290014580353873 0.14583778345794882 0.053730777879787084 0.027162484006999676
0 0.08694034335143688 0.481804530673136 0.057653003333979894 0.017842028007635947
0 0.08250806380465985 0.44663009933959064 0.05609050333397989 0.017823846674090583
0 0.07582762910713174 0.4317227146721816 0.05921550333397989 0.017860209341181488
0 0.7715876997004376 0.1010781721037225 0.046587957576345394 0.016152258672817908
0 0.07129962577315187 0.4144988520050907 0.06897314060688349 0.022656797342454026
0 0.2898737668390773 0.5583141286998621 0.07053564060688347 0.022674978675999567
0 0.0898738957770312 0.517742030673136 0.06077800333397989 0.01787839067472703
0 0.05970855046874028 0.37768010467059077 0.05921550333397989 0.017860209341181488
3 0.15981844457878153 0.8869556546785449 0.0923147878817268 0.07912497334499946
0 0.08794486289627426 0.4654255526734543 0.05465554909161443 0.019368165340545217
3 0.560506936364518 0.029937326742496512 0.06163887272903601 0.04754770934118145
0 0.7713487125773153 0.05034237543758611 0.05959814060688338 0.022547709341181443
0 0.7813769010678651 0.20187760343726793 0.056090503333979844 0.017823846674090583
5 0.7020086522758131 0.09012194342772292 0.07793355242559433 0.036810204010181334