0 0.6497971762506725 0.2130702309658646 0.046481516091543364 0.039317030054229284
5 0.33916422293581877 0.6399947826865079 0.06040190445914595 0.05970225292686635
0 0.5894434563400723 0.4555890081914235 0.046481516091543364 0.039317030054229284
0 0.6129791453280935 0.5018009328594586 0.04324725544788173 0.03773634933607006
0 0.5239987727999328 0.44661800828961945 0.04670003737886681 0.04244203005422946
0 0.3872139568442754 0.6012277193565956 0.04993429802252862 0.04402271077238851
0 0.826210390888618 0.7591872277444107 0.04710422896477802 0.07055793969514959
0 0.554319693350622 0.5451918636758137 0.048371798022528625 0.04401362041330899
0 0.47496569309852055 0.4713225716195318 0.04848105866619044 0.04557612041330898
5 0.4359356801090703 0.560902701206223 0.05182457995351371 0.04871930113146803
0 0.36300627849991596 0.5565737495090207 0.056839861884498966 0.053434072208706954
0 0.5476601479259835 0.48345947813719425 0.04670003737886681 0.042442030054229286
0 0.8136236375344232 0.5568525681034904 0.0391824683211162 0.06894998789975162
0 0.31613663233864325 0.5898811531980128 0.04859031930985207 0.04713862041330898
0 0.4916175975576664 0.5307702944921687 0.05160605866619043 0.04559430113146821
5 0.5754466583175437 0.41177537567786615 0.05149679802252862 0.044031801131468026
0 0.41970439273020343 0.5186379331540462 0.04670003737886681 0.042442030054229286
5 0.7461205191936365 0.17224121876742032 0.054621798022528624 0.044049981849627384
0 0.6212451133971083 0.49716342983439643 0.04335651609154336 0.039298849336070064
5 0.868405064618275 0.23464629087793148 0.05774679802252862 0.04406816256778665
0 0.9455624163633154 0.43345195042065593 0.047137079953513704 0.048692030054229465
0 0.8906353436992684 0.18401503180274517 0.04804401609154354 0.03932612041330894
0 0.46537107987663917 0.8031629240788598 0.04880884059717552 0.050263620413308986
0 0.663886809422495 0.26937931829988215 0.04670003737886681 0.042442030054229286
3 0.5875653379992855 0.07135945393669742 0.06263067599857094 0.136246572208707
5 0.8938971014929388 0.13014968841860344 0.055965776735204996 0.040934072208707
0 0.754144002773117 0.8118713453290493 0.04532320767745457 0.06742384933607007
0 0.7978172291400051 0.9003707639469601 0.04699496832111638 0.06899543969514958
0 0.784291052637231 0.6175946253832786 0.03961951089576328 0.07519998789975162
0 0.5675695482746301 0.12044184855050315 0.03838479282674854 0.07987839754067197
0 0.4313674204738147 0.8529447554609491 0.05226162252816078 0.05496930113146803
5 0.6226887370105498 0.09342989665690919 0.045071835401395435 0.08616475897699045
0 0.19872099530842302 0.1838942527304745 0.048120425746469395 0.06275453005422929
5 0.5914361891632481 0.8749611769075303 0.05782320767745475 0.06749657220870695
0 0.5617451552154507 0.28284185460062733 0.05182457995351371 0.048719301131468204
0 0.8588429384069436 0.656294031900941 0.050229228964778015 0.07057612041330899
0 0.74658433096192 0.3463917910743232 0.05604218639013112 0.06436248184962742