0 0.27780768286136026 0.4890454930421761 0.03667082363742162 0.03093100666795969
0 0.2365448251352337 0.4550054618284092 0.03667082363742171 0.03093100666795969
0 0.5595843570979067 0.6693378683562861 0.030165732122152632 0.027295823637421536
0 0.18624219407124792 0.5413417034934594 0.03992336939505616 0.03274859818322895
0 0.18550848361996466 0.4539852247052867 0.03654327787978708 0.029368506667959694
0 0.2918062810445891 0.45243831334561796 0.03654327787978708 0.029368506667959694
0 0.6295460417954348 0.6601061316922057 0.04005091515269079 0.03431109818322895
0 0.6957927951294147 0.6482117806340388 0.04499350666795969 0.03781873545613248
0 0.7983908630169605 0.4222229786674864 0.036798369395055985 0.03249350666795969
5 0.6977062393698406 0.701846963664577 0.04005091515269079 0.03431109818322895
0 0.27098385588995877 0.534102901526907 0.03992336939505616 0.03274859818322895
0 0.795059471491993 0.6846272548802836 0.046428460910325244 0.036383781213767105
0 0.2134422939214667 0.4971611398579775 0.03836086939505616 0.03262105242559432
0 0.3558056528555412 0.6511306469849792 0.03169628121376693 0.04604582363742153
0 0.814431095888019 0.6303701895778117 0.04378169303247788 0.0610011439408634
0 0.15393974816383219 0.49387690106786514 0.0400509151526907 0.03431109818322895
0 0.38608140802568897 0.15498909956035473 0.028411784547746954 0.062850686364518
0 0.5732943656020343 0.1545420447188644 0.028411784547746777 0.06285068636451804
0 0.46785730863451214 0.08773756880562968 0.024776601517208795 0.05634559484924895
0 0.9223721731492848 0.9458990789767473 0.019036784547746776 0.06208541181871112
0 0.5707590390896747 0.07962179305187447 0.026594193032477877 0.05959814060688351
5 0.8668539495312597 0.45061878776104053 0.04499350666795969 0.03781873545613248
0 0.5007973543921467 0.08885352971595492 0.024649055759574167 0.054783094849248946
0 0.40797277029374346 0.2818225375918627 0.028156693032477875 0.059725686364518006
0 0.8233129198153047 0.9551149691245888 0.03195137272903601 0.049170823637421535
0 0.48439110439214667 0.0875142992607923 0.024776601517208795 0.05634559484924895
0 0.4528860128768776 0.08808838410810159 0.026594193032477877 0.05959814060688349
0 0.5500639018167711 0.08265119820262551 0.026721738790112325 0.06116064060688349
0 0.5198662187862331 0.08647782880756934 0.02633910151720862 0.05647314060688351
0 0.5355549916650503 0.0869720363839147 0.02633910151720862 0.056473140606883486
0 0.5523281613596689 0.1512576769907982 0.02633910151720862 0.056473140606883465
0 0.8684335854270374 0.807012180034914 0.02413887272903601 0.04853309484924893
0 0.9179074269423065 0.8079048714004019 0.030229376063016032 0.06610323212215263
3 0.08034159105622712 0.12374013106398578 0.09033769970043759 0.09894742515463037
0 0.7654521066388649 0.8064704329098518 0.02946410151720862 0.05672823212215263
0 0.6135371151429924 0.27815475896316955 0.025828918486670637 0.05022314060688356
0 0.5860491992413956 0.07536472774940256 0.027901601517208618 0.056600686364518024
5 0.8581483713519102 0.3838458759423297 0.04524859818322895 0.04094373545613239
5 0.8911360855962155 0.33620547245856863 0.04524859818322895 0.04094373545613248