0 0.5046546490112643 0.030657079542009476 0.046481516091543364 0.03982615909060953
0 0.752014512156271 0.45477423822558194 0.047825494804219916 0.03672843262956001
0 0.5390457105274462 0.13191561647364042 0.044809755447881724 0.03823638555165916
0 0.5770156040908289 0.11697245494739891 0.0414662341605581 0.03505683847375849
0 0.4792550833077085 0.25884058075982547 0.038231973516896466 0.03343979139585782
0 0.5548399553316662 0.16808494155471831 0.044809755447881724 0.03823638555165916
0 0.807008014754161 0.43778733562779415 0.047825494804219916 0.036728432629559826
0 0.5641114125049176 0.08865654017474654 0.046481516091543364 0.03982615909060951
0 0.5328149420132398 0.9355121749156268 0.030714404459146038 0.05983865016215582
0 0.4911977084337593 0.2957229719935275 0.0414662341605581 0.03505683847375849
0 0.7000367489147192 0.4702531879012703 0.04470049480421991 0.03667388555165907
0 0.929986328868233 0.5226453510490696 0.0445912341605581 0.03511138555165907
0 0.7722009620400555 0.5760725397677094 0.047825494804219916 0.036728432629559826
0 0.5709048038977388 0.9847506956152035 0.02616901609154354 0.030498608769593004
0 0.8219442359252689 0.5621151797835955 0.04124771287323483 0.03193183847375849
0 0.8692891294886517 0.5473356594910561 0.047825494804219916 0.03672843262956001
0 0.609979831466123 0.4991127991032003 0.04135697351689629 0.03349433847375849
0 0.4597131256302539 0.19139398213979725 0.03332595222957302 0.030232970779006774
0 0.6942070020168124 0.5989003392812421 0.04124771287323483 0.03193183847375849
5 0.2427973213266644 0.6378387394466932 0.05138753737886681 0.04303297970746058
0 0.6491133872823218 0.4896520243464339 0.0430287341605581 0.03508411201270896
0 0.469148109790812 0.22589171306507377 0.036669473516896464 0.033412517856907444
0 0.33622671312533625 0.11042857994904658 0.032713947033792844 0.06611592370110611
0 0.564897288387273 0.3453877812462928 0.030605143815484227 0.058276150162155815
0 0.49865602128732345 0.011825258925158452 0.034812042574646894 0.006850017856907481
0 0.5399365851492939 0.02190937093786729 0.03924817029858776 0.02565456493480816
0 0.927894315122478 0.3922993319743462 0.04637225544788137 0.03826365909060954
0 0.9718624724316157 0.507770373370204 0.03990373416055846 0.0350295649348082
0 0.9987099236527825 0.4905925559997638 0.0025801526944349007 0.03810001785690744
0 0.3607675272394082 0.19356836241645065 0.03282320767745457 0.0676784237011061
0 0.8315255936223942 0.9446276708551418 0.02671531930985225 0.047284103084255236
0 0.5236885082978733 0.10199629139256254 0.039903734160558105 0.035029564934808154
0 0.8122674952315485 0.9481930016182625 0.026824579953513707 0.04884660308425524
0 0.5476387325710743 0.3552303855483639 0.03438570767745475 0.0677056972400564
0 0.5504970267352052 0.05018437540209416 0.051278276735205 0.04147047970746054
0 0.5414197636688802 0.8911854764577545 0.03794775025210164 0.07401024431795733
0 0.7248606943590282 0.8475696643623198 0.03326025025210164 0.07392842370110628
0 0.5904053867781187 0.3419315446389734 0.034057925746469306 0.06301819724005649
5 0.31918485870553126 0.6813080957773592 0.05116901609154336 0.039907979707460586
5 0.30519305054354406 0.7825024030015296 0.05480746832111638 0.06962275324641069
5 0.3642127714625504 0.8342518636342667 0.05458894703379293 0.06649775324641069
5 0.45978163359915103 0.9587415746740409 0.042165356688719055 0.08251685065191836
5 0.5663597795083222 0.8572877633893853 0.034822750252101645 0.07395569724005639
5 0.3873460887555901 0.2946905316533299 0.034822750252101464 0.07395569724005639
0 0.17170539121759415 0.07868588189821121 0.028966234160558192 0.034838650162155774
3 0.22743585719292198 0.23961942775829587 0.0659741972858944 0.14004434740221222
0 0.4824339856731674 0.4828411424482228 0.05190098960843983 0.07269320616851012
0 0.6084551723154001 0.622373021100023 0.049715776735205 0.04144320616851012
0 0.6108435729161483 0.332924737414803 0.036057468321116205 0.06929547077900677
0 0.6288669532379791 0.3340196331127319 0.034385707677454566 0.06770569724005648
0 0.6460162484105162 0.32261452881066083 0.03260468639013112 0.0645534237011061
0 0.8845103018809264 0.4079282861142615 0.05295003737886681 0.04306025324641087
0 0.6491512281315989 0.6129395198822071 0.04826253737886681 0.042978432629560005
0 0.8515103116914089 0.9402947268614963 0.028387079953513705 0.048873876623205345