0 0.45144473379146144 0.4108514746021772 0.04280912628012441 0.040340776735205176
5 0.8608582601704079 0.31554578435364833 0.051531678896842695 0.056512079953513795
5 0.11585584428657028 0.467264273633112 0.045570105233436964 0.03430929802252862
5 0.2830378260824803 0.22651966929018158 0.044522815700310935 0.09648151609154336
5 0.24142207558837012 0.7510769088986213 0.0324022472985769 0.0754041915859112
0 0.5532417231975305 0.4751164343733187 0.042900131541796324 0.041903276735205
0 0.3901417546969745 0.5704557035669553 0.03894067363517104 0.054075494804219915
5 0.3246044288262557 0.1051638393366678 0.04415879465362353 0.09023151609154337
0 0.3361045150085567 0.80093516124441 0.029095236775233246 0.07206067029858758
0 0.3086914175264531 0.922870145404968 0.026152247298576903 0.0749671490112643
0 0.3357426810335686 0.5522955654514543 0.04215667889684287 0.055856516091543365
3 0.335534638587258 0.9123643341408876 0.04038134727034208 0.10552873416055845
3 0.3632424096339454 0.9167022728768073 0.039926320961982766 0.09771623416055811
0 0.3582521157567807 0.021239084519040014 0.03185621572854576 0.04247816903808003
0 0.7563938991811888 0.8115516890648958 0.041686242036904984 0.07449725544788137
0 0.7314305524755442 0.11358408262827842 0.04748121572854593 0.06712179802252857
0 0.6863756577089811 0.14811190193813045 0.04858868942018653 0.05941855866619035
5 0.5815145814853265 0.05817495281065064 0.04739021046687384 0.06555929802252858
0 0.26960392861449417 0.33257292733595323 0.0336007262518895 0.06926345222957302
0 0.3708512413310333 0.7914455467620207 0.025970236775233246 0.07184214901126432
5 0.3112711149803218 0.8324800921866593 0.03340330517696728 0.09259169158591121