0 0.24782514640429004 0.4985564102692299 0.042298815963434676 0.038303636803468065
0 0.6899206011190199 0.5431064019531991 0.03419521753501122 0.031598610495108835
0 0.11263035504796122 0.5251504603962868 0.038955492142117173 0.03343412628012441
5 0.2106054745688338 0.6585460602974648 0.04386131596343468 0.0383946420651398
0 0.00027602005899189105 0.47407453683170286 0.0005520401179837821 0.032524073663405775
0 0.48525656410591705 0.732511994244218 0.03910104135632899 0.036559126280124234
1 0.6097301410276066 0.44834836782291926 0.08059933664159917 0.05767526308359248
5 0.2816971863128769 0.410441760240995 0.045351041356328815 0.03692314732681172
0 0.2047301178682428 0.4819457629424181 0.043788541356328814 0.03683214206513998
0 0.2958987733687608 0.5091900733810573 0.03910104135632882 0.03655912628012441
0 0.573270526054848 0.08744168892607637 0.02940070967712849 0.06248458944842143
0 0.11812903019318632 0.6257419945971538 0.043788541356328856 0.03683214206513998
0 0.37360435814833315 0.2536372943712749 0.022422963606069858 0.046495568401734036
0 0.02155578308867045 0.7313556867893507 0.025620738213175724 0.04824007892507769
0 0.44036382671680163 0.132186499576477 0.03267125889134022 0.06579159997176513
0 0.5405308006619538 0.08396807843096754 0.02940070967712849 0.06248458944842143
0 0.4755607721259064 0.06608335744074989 0.027547111248705035 0.056143584186749584
0 0.490931061001036 0.07246216005746837 0.029327935070022626 0.06092208944842144
0 0.5770546898275335 0.2921214836502871 0.03267125889134022 0.06579159997176509
0 0.5249421879655067 0.08227677581424905 0.025693512820281584 0.04980257892507774
0 0.043184572378084714 0.88928928413028 0.030453787427387434 0.05163809471009344
0 0.43927866976854163 0.05456973379146144 0.030817660462916764 0.059450594710093285
0 0.45617507134011814 0.06182079166985177 0.02932793507002245 0.06092208944842144
0 0.45655175289548405 0.13782955482403142 0.03252570967712849 0.06266659997176509
0 0.5047752371797184 0.07796870741251502 0.029109611248705036 0.05623458944842143
5 0.1620053087292336 0.6423981445548015 0.04727741439185813 0.04482665258848364
0 0.1256610862318236 0.7499530393213646 0.035650709677128446 0.06284861049510884
5 0.09351013565092307 0.34699536831702943 0.048621590570540586 0.04023015785015547
3 0.9367465210924492 0.1885154254189609 0.09172092721213972 0.09572129465362358
0 0.5584995506619539 0.08501463894019382 0.03296235731976367 0.07204159997176514