0 0.2921721900369305 0.7958758235026142 0.03121576674922304 0.03367631802583091
0 0.27150874131805686 0.6029896415284453 0.03285104135632881 0.035284282132453625
0 0.2772022772977022 0.4974981594751339 0.03128854135632882 0.03523881802583091
0 0.30418861642050066 0.403870179929105 0.028163541356328814 0.03514788981258565
0 0.6940986788692788 0.49160924300687797 0.052508569892376046 0.02181281551854859
0 0.16075975579096827 0.2168966803248164 0.02809076674922304 0.03358538981258556
5 0.14757701323456635 0.09791099960428859 0.031434090570540585 0.038363818025830956
0 0.30217450620525305 0.36335884019566167 0.028017992142117087 0.03202288981258565
0 0.13760485380510692 0.0607519804039587 0.02958049214211713 0.03206835391920826
0 0.6201153693159849 0.505464806018144 0.046113020678164494 0.01850595909205772
0 0.14948196153915524 0.14076608933773188 0.028017992142117178 0.03202288981258557
0 0.23937490736254485 0.220850742940371 0.03128854135632882 0.03523881802583091
0 0.6563054263880794 0.5324986674591997 0.05407106989237605 0.021858279625171305
0 0.42889524814248237 0.724801142386375 0.03136131596343468 0.036801318025830906
0 0.4766823163777195 0.10081807310690287 0.029726041356328815 0.03519335391920828
0 0.506320504757511 0.30202522044133584 0.029580492142117266 0.03206835391920828
0 0.18417571526320892 0.5516975776592494 0.03568494292790545 0.029125210345699058
0 0.5842572218782374 0.11953331769662653 0.052508569892376046 0.021812815518548502
0 0.17414370554329922 0.31481134309865555 0.028017992142117133 0.03202288981258557
0 0.009507566999146623 0.6887526114410557 0.019015133998293247 0.016397889812585477
0 0.5016715461138398 0.26783207686782656 0.02787244292790536 0.028897889812585564
0 0.16709749297068668 0.26508412773839163 0.029726041356328857 0.03519335391920819
0 0.515455756205253 0.35715298964166575 0.02816354135632899 0.03514788981258556
0 0.479890745451886 0.21619302052047812 0.04938356989237604 0.021721887305303157
0 0.5843107258071789 0.13513558564331518 0.05883134449948209 0.02355717194503919
0 0.586652321754403 0.16861567537675848 0.05407106989237605 0.021858279625171128
0 0.6047408881321225 0.28277746377741825 0.062029119106587774 0.025210600158284534
0 0.5931377622011091 0.18012983689695644 0.04931079528527036 0.02015938730530311
5 0.1996038161728317 0.5052173827529567 0.03455909057054059 0.03845474623907634
2 0.8570482508285696 0.27621626055785525 0.06639559553293921 0.11896060015828454
0 0.5867807543432262 0.14910715743006983 0.05563356989237622 0.021903743731793844
0 0.4736942493808275 0.23197714489365753 0.05563356989237604 0.021903743731793844
0 0.5804794044670607 0.10013846001649458 0.05563356989237622 0.021903743731793844
5 0.37659219355158713 0.6584463681714802 0.036412688998963993 0.04475021034569906
0 0.9663332437992562 0.5429825602412862 0.01493579528527036 0.019159176959604098
0 0.013331407052958549 0.7089059870678762 0.026662814105917098 0.01657974623907634
0 0.5774657204304955 0.06433735233636262 0.052435795285270356 0.02025031551854848
0 0.15807355748637933 0.17406432264468447 0.04393409057054058 0.03872753087881238
0 0.4506677799837894 0.05632392702611113 0.05890411910658777 0.02511967194503919
5 0.4800406027716496 0.1459714487337235 0.03157963978475227 0.04148881802583091
0 0.6031805421848985 0.24927464199066365 0.055706344499482086 0.023466243731793845
0 0.5983303763452982 0.23615251636384302 0.05890411910658777 0.02511967194503919
0 0.6047943920610639 0.2983797317241069 0.06508134449948208 0.02373902837152997
0 0.6109887340793465 0.31614389324430486 0.05563356989237604 0.021903743731793844
0 0.6078080760976292 0.33418083940423887 0.04306079528527036 0.019977530878812377
0 0.6932381921038451 0.5938393327403213 0.055706344499482086 0.023466243731793845