0 0.6283246106496329 0.3421875 0.024255853919208193 0.028125
0 0.5006432622072079 0.7296875 0.03068771034569906 0.034375
5 0.4103579283462594 0.9328125 0.03238660266556703 0.0390625
5 0.6639017801538966 0.73046875 0.029170674452321597 0.0359375
0 0.4617401673926927 0.2140625 0.02756271034569906 0.034375
0 0.6822870334526019 0.44765625 0.03234113855894431 0.0375
5 0.3814887822654677 0.9046875 0.0307331744523216 0.0359375
0 0.4170163522698556 0.11328125 0.03234113855894431 0.0375
5 0.4188874261681813 0.290625 0.03243206677218975 0.040625
0 0.6478926837565357 0.82421875 0.03243206677218975 0.040625
0 0.499777095672445 0.67890625 0.032295674452321774 0.0359375
0 0.09599051761748426 0.62109375 0.05050010517284949 0.0171875
0 0.773835406638647 0.89921875 0.04420464106622681 0.015625
0 0.034451275535043055 0.534375 0.056704641066226816 0.015625
0 0.23396187905853988 0.65859375 0.04572167695960409 0.0140625
0 0.03330030100357911 0.60078125 0.0551421410662268 0.015625
0 0.03301680766749668 0.503125 0.059875105172849497 0.0171875
0 0.035294710016494577 0.5859375 0.05831260517284949 0.0171875
0 0.02831625046221841 0.640625 0.05663250092443682 0.01875
0 0.23212790907942252 0.453125 0.0646989974927175 0.021875
0 0.9239323465303748 0.8421875 0.045948997492717324 0.021875
0 0.03555913446881624 0.55 0.05045464106622681 0.015625
0 0.034968101082721394 0.5703125 0.05675010517284949 0.0171875
0 0.03114676761748425 0.62109375 0.056704641066226816 0.015625
0 0.7692508582088573 0.78828125 0.05523306927947225 0.01875
0 0.1458003010035791 0.60078125 0.06309103338609487 0.0203125
5 0.41981812569332766 0.4734375 0.03868206677218975 0.040625
3 0.05888560352349685 0.12421875 0.08177884890464333 0.071875
5 0.6601031787419708 0.78046875 0.035511602665567035 0.0390625
5 0.782582269333344 0.94765625 0.06465353338609496 0.0203125
0 0.9113293949601644 0.953125 0.06322742570596276 0.025