0 0.0609375 0.40234375 0.0296875 0.02578125
0 0.478125 0.39296875 0.03984375 0.0265625
0 0.70859375 0.371875 0.03515625 0.0265625
5 0.06796875 0.359375 0.0359375 0.03046875
0 0.45625 0.88359375 0.01484375 0.0609375
0 0.640625 0.9421875 0.0140625 0.059375
0 0.5421875 0.94609375 0.0125 0.0578125
0 0.55859375 0.9421875 0.0140625 0.05859375
5 0.44453125 0.596875 0.03828125 0.02578125
0 0.5921875 0.94140625 0.0140625 0.0484375
0 0.52265625 0.94609375 0.0140625 0.05546875
0 0.93515625 0.0609375 0.0125 0.0578125
0 0.6234375 0.9421875 0.01484375 0.06171875
5 0.7203125 0.31796875 0.03828125 0.02734375
0 0.43046875 0.71484375 0.0171875 0.06015625
0 0.40859375 0.84375 0.02109375 0.0609375
0 0.46875 0.7484375 0.01953125 0.0640625
0 0.6703125 0.73984375 0.015625 0.0453125
0 0.61015625 0.94140625 0.0125 0.0671875
0 0.6609375 0.9515625 0.015625 0.0609375
0 0.63984375 0.875 0.0171875 0.0609375
0 0.62109375 0.8703125 0.01484375 0.06015625
0 0.57421875 0.9375 0.0140625 0.0515625
0 0.78203125 0.209375 0.01171875 0.0484375
0 0.8171875 0.3265625 0.034375 0.03359375
0 0.8625 0.31640625 0.03203125 0.0421875
0 0.9015625 0.33671875 0.01953125 0.03828125
0 0.94453125 0.4375 0.0359375 0.0265625
0 0.9046875 0.17734375 0.0203125 0.06796875
0 0.9359375 0.1921875 0.01640625 0.06484375
5 0.915625 0.09140625 0.01796875 0.06640625
5 0.9078125 0.25625 0.0203125 0.06875
0 0.88359375 0.2 0.0125 0.046875
0 0.83125 0.05078125 0.0265625 0.05234375