3 0.7292440131804029 0.74765625 0.06959540339440444 0.1453125
0 0.9061337661072691 0.69140625 0.045521578258831144 0.0359375
0 0.5875468716898551 0.79765625 0.04256929508134384 0.065625
0 0.38880186212368956 0.44765625 0.042442030054229286 0.04375
0 0.49882630191703503 0.4703125 0.04714771077238851 0.046875
0 0.652523473658204 0.50625 0.033248837235821685 0.075
0 0.5581194886853185 0.484375 0.03614657825883114 0.0359375
3 0.8170556897933455 0.02265625 0.07526362041330899 0.0453125
3 0.7220758869133614 0.90546875 0.03962610226293641 0.096875
3 0.9598541846269841 0.5890625 0.07374657220870695 0.053125
0 0.2795041301758663 0.434375 0.045621572208706954 0.053125
0 0.6746994972695255 0.1859375 0.036337475799503235 0.06875
0 0.5467143560735653 0.43046875 0.04714771077238851 0.046875
5 0.43640356996921187 0.45703125 0.05028180113146803 0.0484375
0 0.31528098624943157 0.86484375 0.04257838544042354 0.0671875
0 0.6873853287498106 0.28828125 0.03323974687674216 0.0734375
0 0.7116677112633678 0.27734375 0.03800906010845857 0.0875
5 0.9846547176080798 0.4890625 0.02519998789975162 0.034375
0 0.2886574581401099 0.20390625 0.04247839149054773 0.05
0 0.5876034973677214 0.25078125 0.030105656517662283 0.071875
0 0.6283971898915415 0.0875 0.033167024004105095 0.0609375
0 0.8146416785768599 0.571875 0.044068162567786826 0.0546875
0 0.23414267496262262 0.17421875 0.047202252926866264 0.05625
0 0.9720355011783504 0.778125 0.04716589149054791 0.05
5 0.1586704971713296 0.12109375 0.05349770472226432 0.0640625
5 0.375944355582586 0.10625 0.05349770472226432 0.0640625
5 0.5803551205115047 0.01953125 0.04241475897699054 0.0390625
0 0.547538075331965 0.0203125 0.04242384933607006 0.040625
3 0.6318761930147995 0.1609375 0.09794766237139499 0.184375