3 0.9041211087069682 0.18845122242882031 0.14993101581733087 0.08612952199532424
3 0.19660438045579798 0.23764540041956286 0.05420202174882984 0.1069137734452168
0 0.2675893369953194 0.43150306681116535 0.03277800790866543 0.03986798340326061
0 0.3067287273369491 0.7039467518740998 0.03427684091247105 0.03842388257342346
0 0.18776659684397004 0.07809280166431834 0.03277800790866543 0.039867983403260476
0 0.25612130190061666 0.2647416193006763 0.02777217292769336 0.03170028589277143
0 0.6850487510257641 0.4506748448297742 0.03427684091247087 0.03842388257342364
0 0.5688944407965526 0.9450024174405097 0.04247134288963732 0.048390878424238795
0 0.4424128538384144 0.9182837842423861 0.03427684091247087 0.03842388257342364
5 0.2564833992388783 0.33097027054543177 0.03453150889724856 0.04467388257342346
0 0.3339186270329379 0.6257867856922787 0.032841674904859806 0.04143048340326061
0 0.5137294383250948 0.9291396964848037 0.04228034190105419 0.04370337842423879
0 0.9678944486308559 0.3873040421397707 0.06421110273828816 0.028410265146847014
0 0.1359374303792483 0.4690361877622268 0.03434050790866543 0.03998638257342364
0 0.23414541459909857 0.7958014425361115 0.0648901709505271 0.025166865976683894
0 0.6727675628122126 0.7418084076922474 0.06508117193911023 0.029854365976683894
5 0.36459425996019384 0.8625414244894796 0.03603034190105418 0.04322978174358667
0 0.33714976190017915 0.4757159307132569 0.03440417490485981 0.041548882573423464
0 0.06616344125366322 0.5151523259347277 0.031088173916276607 0.036624584233097404
0 0.7574158409496521 0.4873120070721918 0.03902800790866543 0.04034158008391255
0 0.8738526299615064 0.28662769068523375 0.04684050790866543 0.040933575934727705
0 0.23718684296399944 0.8513293921211931 0.06801517095052709 0.025403664317009956
0 0.7825776670333755 0.45494979296496324 0.04052684091247105 0.038897479254075586
5 0.5992385153974013 0.9060233504288515 0.03934634288963732 0.04815408008391273
5 0.8424354170705566 0.853577469729528 0.07490184091247087 0.04150226099766208
3 0.13723592250776395 0.8258422948158411 0.16578150889724858 0.05461941286711749
0 0.13674383258387612 0.7946514944009226 0.07582767095052709 0.02599566016782511
0 0.9176662969577007 0.29150536744979844 0.04346083992388792 0.034446777594401644
0 0.33336955140632507 0.26825862822374597 0.032841674904859806 0.04143048340326043
5 0.2731310242574688 0.5292777159813283 0.037656508897248565 0.04491068091374952
0 0.8940005756637939 0.8193217915150708 0.06383700692008212 0.03754846680652122
0 0.9087090855124446 0.4730746761630867 0.04677684091247088 0.0393710759347277
5 0.20914677870609308 0.5454579004195629 0.05009284190105419 0.04429537427505377
0 0.38716032665237704 0.7855887607971694 0.03752917490485981 0.041785680913749526
3 0.10807105144350611 0.6452784564335587 0.1553188527754691 0.10367221950581325
5 0.3889244620139099 0.6377432566479846 0.04084517589344294 0.046709979254075586
0 0.9480580869953193 0.48306590541716227 0.04996550790866543 0.04117037427505359
0 0.8534419012532257 0.7796430622609952 0.07308467292769336 0.035133861827499044