0 0.6234853205703598 0.38983720794803406 0.027185212873234832 0.032268671939110226
0 0.6861992159753278 0.13265210764402288 0.03198197351689629 0.03402217292769345
0 0.8594977743125419 0.8518729984427631 0.03041947351689629 0.03395850593149916
0 0.5149851336760255 0.18271972771969752 0.02707595222957302 0.030706171939110273
0 0.8567062740604404 0.7783399979484715 0.0336537341605581 0.03564833992388792
0 0.6274365851492939 0.000021268745899268027 0.02987317029858776 0.000042537491798536055
0 0.7825921588217468 0.5251632598114696 0.032200494804219916 0.03714717292769336
0 0.6144388304577169 0.17083253996325648 0.030419473516896466 0.03395850593149907
0 0.7738834303611718 0.6022987627772192 0.032200494804219916 0.03714717292769336
0 0.6716396892401229 0.0925046101154808 0.032091234160558105 0.03558467292769345
0 0.726899897673882 0.37857210270110697 0.03376299480421992 0.03721083992388783
0 0.6955085139978564 0.17614743965924531 0.02685743094224957 0.02758117193911027
0 0.488679359790812 0.19867765015309938 0.030419473516896466 0.03395850593149903
0 0.8020737683604573 0.6693125078343034 0.030637994804219915 0.03708350593149916
0 0.7159349005238735 0.4346456891649537 0.030419473516896466 0.03395850593149898
0 0.8404860583372141 0.692035083423735 0.029075494804219913 0.037019838935304604
0 0.549195878732347 0.29101238878439284 0.026966691585911206 0.029143671939110227
0 0.5687160570767065 0.33487513532435176 0.028966234160558102 0.03545733893530469
0 0.4679630321830867 0.05927956912646012 0.030419473516896466 0.03395850593149905
0 0.5567348631450068 0.3988248887843929 0.026966691585911206 0.029143671939110227
0 0.2755334116717384 0.6014511175670357 0.02431158514929388 0.01345500494291585
0 0.5824779083175436 0.3860237998490882 0.02518567029858776 0.02595500494291585
5 0.6400547335794805 0.6155866244499368 0.05720049480421992 0.038165844866803765
5 0.7088497481584146 0.2100767706858846 0.03376299480421992 0.03721083992388783
4 0.5357071791006641 0.2437699742596564 0.049027361884498966 0.05497134288963732
5 0.8054672940872563 0.415328003385679 0.05730975544788173 0.039728344866803766
0 0.871294389880212 0.42674832304361177 0.04862317029858758 0.0269100098858317
0 0.9895505860316494 0.5114987133480604 0.02089882793670128 0.02528384288963732