0 0.3359375 0.19296875 0.046875 0.034375
0 0.7 0.75859375 0.02265625 0.08828125
0 0.09609375 0.24296875 0.04453125 0.03359375
0 0.4609375 0.175 0.0375 0.03671875
0 0.78125 0.88203125 0.021875 0.08515625
0 0.80625 0.490625 0.03828125 0.09921875
0 0.85625 0.36875 0.04765625 0.040625
0 0.9328125 0.31796875 0.0484375 0.03984375
0 0.6640625 0.0140625 0.02421875 0.028125
0 0.078125 0.021875 0.04296875 0.04375
0 0.01953125 0.021875 0.0359375 0.03828125
0 0.14765625 0.01484375 0.03984375 0.02890625
0 0.21640625 0.02578125 0.0359375 0.03671875
0 0.2890625 0.03359375 0.04765625 0.03984375