3 0.85078125 0.92421875 0.065625 0.14375
3 0.75859375 0.21015625 0.1015625 0.0453125
3 0.940625 0.3171875 0.0484375 0.03203125
5 0.1296875 0.54296875 0.03984375 0.0359375
0 0.66015625 0.21171875 0.0359375 0.0265625
0 0.58828125 0.67109375 0.03359375 0.03125
5 0.4125 0.2921875 0.0375 0.0265625
4 0.29140625 0.64921875 0.034375 0.1015625
5 0.23984375 0.59765625 0.02890625 0.06171875
0 0.50078125 0.80625 0.034375 0.03671875
0 0.109375 0.44765625 0.03828125 0.03515625
0 0.56796875 0.11953125 0.0359375 0.0296875
5 0.796875 0.34453125 0.03984375 0.028125
0 0.5515625 0.73984375 0.034375 0.034375
0 0.84296875 0.21328125 0.03828125 0.028125
0 0.05625 0.465625 0.03828125 0.03359375
0 0.56171875 0.921875 0.034375 0.046875
0 0.24375 0.74296875 0.02265625 0.06171875
0 0.58359375 0.76796875 0.0328125 0.03828125
0 0.74765625 0.88125 0.03515625 0.04140625
5 0.21484375 0.16171875 0.0203125 0.07578125
0 0.26640625 0.6421875 0.021875 0.06875
0 0.7484375 0.925 0.02890625 0.04296875
0 0.66796875 0.340625 0.0375 0.025
0 0.165625 0.8984375 0.02421875 0.0578125
0 0.06640625 0.5125 0.03125 0.028125
5 0.11796875 0.5 0.040625 0.03671875
0 0.41171875 0.3421875 0.0328125 0.0265625
5 0.18828125 0.16015625 0.01875 0.07265625
0 0.57578125 0.1125 0.0359375 0.02890625
0 0.92109375 0.21796875 0.040625 0.0296875
0 0.55078125 0.33359375 0.03671875 0.02890625
0 0.24453125 0.16015625 0.01875 0.0765625
0 0.5828125 0.49609375 0.03671875 0.02890625
0 0.35 0.39296875 0.0328125 0.04765625
0 0.521875 0.04296875 0.0328125 0.0265625
0 0.50234375 0.25625 0.025 0.021875
0 0.2453125 0.034375 0.015625 0.06875
0 0.1359375 0.3234375 0.02578125 0.02890625
0 0.52265625 0.1984375 0.03203125 0.025
0 0.00546875 0.54453125 0.0109375 0.02890625
5 0.434375 0.66796875 0.034375 0.053125
0 0.5859375 0.20546875 0.0328125 0.02734375
5 0.37421875 0.0125 0.02109375 0.02421875
5 0.2109375 0.03515625 0.02109375 0.06953125
3 0.425 0.13515625 0.0703125 0.09140625
3 0.509375 0.97421875 0.0328125 0.0515625