3 0.85078125 0.928125 0.0671875 0.14375
3 0.11953125 0.4890625 0.08359375 0.05859375
3 0.42265625 0.509375 0.09453125 0.04140625
3 0.503125 0.4359375 0.096875 0.04296875
0 0.12421875 0.54609375 0.0390625 0.03125
0 0.278125 0.50234375 0.0359375 0.0296875
5 0.37109375 0.61484375 0.034375 0.06875
5 0.3703125 0.4375 0.03984375 0.0296875
0 0.59140625 0.6703125 0.03515625 0.03203125
0 0.2 0.528125 0.0328125 0.0296875
0 0.26953125 0.45625 0.03828125 0.03046875
0 0.58828125 0.76875 0.034375 0.040625
3 0.2203125 0.12421875 0.0296875 0.13671875
0 0.553125 0.7390625 0.03359375 0.03671875
5 0.2640625 0.30078125 0.03828125 0.0671875
0 0.23203125 0.8828125 0.02890625 0.065625
0 0.315625 0.1578125 0.02109375 0.06484375
0 0.5234375 0.0453125 0.0359375 0.02890625
0 0.253125 0.1625 0.015625 0.053125
0 0.025 0.5734375 0.04296875 0.03515625
0 0.1921875 0.1578125 0.015625 0.06484375
0 0.26484375 0.79453125 0.02890625 0.0671875
0 0.29609375 0.634375 0.02109375 0.065625
0 0.57109375 0.1203125 0.03515625 0.0296875
3 0.18828125 0.04609375 0.0265625 0.0921875
0 0.28828125 0.71328125 0.02578125 0.06328125
0 0.75 0.92578125 0.02890625 0.04453125
0 0.2453125 0.0125 0.0171875 0.025
0 0.325 0.028125 0.015625 0.05625
0 0.26875 0.634375 0.02109375 0.07265625
3 0.5140625 0.97265625 0.025 0.0546875
5 0.19765625 0.96171875 0.03828125 0.0734375
5 0.428125 0.98203125 0.0265625 0.03515625
4 0.45546875 0.9796875 0.0328125 0.040625
5 0.17890625 0.9359375 0.03203125 0.0765625