3 0.422073857613625 0.42753392888745445 0.09854045157021041 0.11927626324231469
3 0.04380908293651172 0.8326662370405092 0.04106292069139796 0.07216752591898157
3 0.45692049986698596 0.8983447148912045 0.05388116943775678 0.08419863421305536
0 0.5262816359851549 0.4826425109797232 0.04029003087881229 0.04560502591898139
0 0.11521873317393858 0.918057641423102 0.03693771034569897 0.03751912384546259
5 0.6243209485342025 0.8641181034395846 0.03881845909205772 0.04859332488222208
0 0.4413443463308539 0.5245360680014823 0.04029003087881229 0.04560502591898139
0 0.6608970137235465 0.29072026818976976 0.05283549498543501 0.048261134213055445
0 0.5993460290964457 0.7864127684725937 0.049574102665567034 0.04330023213953691
0 0.1901432106749034 0.6397187364748614 0.07292067445232168 0.04222574769092589
5 0.45864184342785996 0.39222185400523235 0.05145485141192587 0.05437443317629622
0 0.4895234335570146 0.538335436380325 0.04029003087881229 0.04560502591898139
5 0.4798779974262105 0.4491068410457416 0.04989235141192587 0.05423773213953709
0 0.29292722987523334 0.6189777180487506 0.08376724623907635 0.04005765494824054
0 0.5441200053437694 0.530425900093751 0.04506845909205772 0.04914012902925933
0 0.061026360516618826 0.5899223709707409 0.060375210345698996 0.03956963939685174
5 0.21391333128715906 0.6760178214418522 0.07613660266556703 0.04562414976444416
0 0.05304637595602503 0.6117679766729167 0.06501724623907632 0.0384172425071295
0 0.12056649656828071 0.6442394326106483 0.07457410266556704 0.04548744872768502
0 0.3087999339527261 0.7068782592362968 0.07122178213245363 0.037401546654166395
3 0.5620864068348375 0.6095276397261584 0.11836956677218975 0.05087757775694417
3 0.9358087148315384 0.6943169940142147 0.09626724623907634 0.04115126324231468
0 0.4879907111371217 0.29723198275166757 0.040108174452321774 0.03935502591898139
3 0.44246526246990536 0.32079591333606566 0.06592652837152997 0.0696672425071295
3 0.7465810787798766 0.6513461184253255 0.13413095909205772 0.05693208812453676
0 0.2048228584715548 0.2828440198867133 0.04961956677218975 0.04486273213953691
0 0.9881009890464334 0.6341320582460204 0.011437605172849174 0.018144407257314654
0 0.172899257059629 0.23550969010351883 0.05765938730530311 0.053358737323333204
0 0.20951298779279207 0.7132150250705096 0.06671613855894432 0.04324144354388881
0 0.8678229636444044 0.24207028030078867 0.06832410266556721 0.04494064458064804
5 0.10909047281560431 0.3844249352025465 0.06547188730530311 0.0540422425071295
5 0.29982809923384773 0.6677180144200932 0.07917067445232169 0.04277255183796278
0 0.6663098717328829 0.9074388764838439 0.04515938730530315 0.052265129029259325
0 0.6112957627991097 0.9279167632887975 0.04810253087881229 0.0462885311027776
0 0.8947457941401407 0.6289845199331962 0.06791492570596276 0.03087814458064795