0 0.7418214729116948 0.02842404545963817 0.03001713978475227 0.04111592370110613
0 0.3460313982663169 0.6824623035740178 0.0486943651776464 0.03988070616851012
0 0.32236911228667153 0.7882583360414218 0.04542381596343468 0.03670115909060954
4 0.7694067781262717 0.7937257171321495 0.07326202564056317 0.09807503571381489
0 0.5970374342459623 0.5726979711893392 0.035470927212139715 0.09117047077900686
0 0.8854727338744588 0.715199522327725 0.052037688998964174 0.04462275324641087
0 0.565389212162837 0.8331951404262185 0.02812930810555194 0.06762387662320535
0 0.6553466637726857 0.19230135917663033 0.03852315260503403 0.08966251785690749
0 0.00788294685910146 0.9369408924515181 0.01576589371820292 0.03686480032431163
0 0.2633943726257537 0.7807009805215348 0.03910104135632882 0.03502956493480802
0 0.058169563486744555 0.9466510831987527 0.05607021753501129 0.030642073863261742
0 0.6283707475233099 0.9726064679429284 0.031142992142117264 0.031768197240056396
0 0.6329726643963673 0.8905615811734531 0.04440927956950454 0.08195911201270896
0 0.8487411753546221 0.6323148843404338 0.05959763192686936 0.07285684740221221
0 0.7768962162966663 0.4485632215963763 0.03859592721213971 0.09122501785690744