0 0.86796875 0.228125 0.040625 0.0296875
0 0.56484375 0.49609375 0.03046875 0.03046875
0 0.86015625 0.27421875 0.0390625 0.02890625
3 0.66953125 0.04765625 0.02734375 0.0953125
0 0.253125 0.1640625 0.03046875 0.06484375
3 0.94453125 0.3140625 0.0921875 0.0359375
0 0.5046875 0.4734375 0.0390625 0.0359375
0 0.403125 0.565625 0.03671875 0.0359375
0 0.93984375 0.22578125 0.03125 0.025
0 0.51015625 0.525 0.040625 0.0390625
0 0.9796875 0.01015625 0.03671875 0.01953125
0 0.56796875 0.44453125 0.03984375 0.0390625
5 0.6484375 0.53203125 0.0203125 0.0765625
5 0.45078125 0.55 0.04140625 0.0375
5 0.7765625 0.0921875 0.0203125 0.071875
0 0.7 0.15078125 0.0171875 0.07265625
5 0.76796875 0.4125 0.01875 0.09296875
0 0.5640625 0.55 0.040625 0.0390625
0 0.7484375 0.68515625 0.025 0.0875
0 0.34765625 0.815625 0.03671875 0.04609375
5 0.6421875 0.01953125 0.01875 0.0390625
0 0.58984375 0.9375 0.028125 0.07109375
0 0.21015625 0.45 0.0375 0.0453125
0 0.87734375 0.08125 0.034375 0.0625
5 0.1234375 0.01953125 0.03671875 0.03828125
5 0.23125 0.9390625 0.0390625 0.05078125
5 0.45546875 0.9078125 0.040625 0.06171875
0 0.30390625 0.86328125 0.04375 0.05
0 0.71015625 0.86484375 0.02734375 0.0734375
0 0.74609375 0.25078125 0.01640625 0.0859375
0 0.665625 0.15546875 0.01953125 0.0734375
3 0.6953125 0.04140625 0.02578125 0.0828125