0 0.346875 0.3640625 0.034375 0.0265625
0 0.025 0.4109375 0.0296875 0.02265625
0 0.6578125 0.2484375 0.02734375 0.0203125
0 0.07890625 0.41015625 0.03046875 0.02421875
0 0.7828125 0.278125 0.03203125 0.02421875
0 0.39921875 0.40078125 0.028125 0.02578125
0 0.24375 0.384375 0.0296875 0.0234375
0 0.9859375 0.190625 0.028125 0.0234375
0 0.6625 0.2828125 0.02734375 0.01953125
0 0.48203125 0.36953125 0.0296875 0.025
0 0.7109375 0.28046875 0.028125 0.0203125
0 0.6171875 0.284375 0.028125 0.021875
0 0.82734375 0.19609375 0.03046875 0.02421875
0 0.31875 0.40390625 0.0328125 0.0234375
0 0.5109375 0.4015625 0.025 0.02265625
0 0.884375 0.5203125 0.03203125 0.025
0 0.41953125 0.6734375 0.0109375 0.0546875
0 0.82421875 0.35390625 0.028125 0.02421875
0 0.7265625 0.20234375 0.02890625 0.01875
0 0.6109375 0.365625 0.028125 0.021875
0 0.7109375 0.24375 0.0296875 0.01953125
0 0.67734375 0.53125 0.02890625 0.02265625
0 0.7828125 0.62734375 0.0125 0.04765625
0 0.621875 0.53515625 0.03046875 0.02421875
0 0.90390625 0.19296875 0.02734375 0.021875
0 0.81640625 0.625 0.0125 0.05
0 0.75390625 0.509375 0.0125 0.05390625
0 0.615625 0.25390625 0.0296875 0.015625
0 0.778125 0.19609375 0.03125 0.025
0 0.89453125 0.38515625 0.02890625 0.0203125
5 0.946875 0.19609375 0.0359375 0.02578125
0 0.84609375 0.63046875 0.01171875 0.05234375
0 0.7140625 0.5296875 0.0265625 0.021875
5 0.053125 0.37421875 0.034375 0.0234375
0 0.86953125 0.19609375 0.03125 0.02265625
0 0.86640625 0.6265625 0.0140625 0.059375
0 0.76875 0.51171875 0.0125 0.0484375
0 0.79609375 0.625 0.01171875 0.05078125
2 0.63671875 0.88125 0.10859375 0.046875
0 0.67890625 0.6265625 0.01328125 0.0546875
0 0.9953125 0.625 0.00859375 0.0578125
0 0.646875 0.63828125 0.01171875 0.04765625
0 0.90078125 0.625 0.0109375 0.05
0 0.3953125 0.178125 0.02109375 0.05859375
0 0.82890625 0.63046875 0.01171875 0.053125
0 0.35078125 0.68359375 0.01328125 0.0578125
0 0.35 0.97421875 0.01484375 0.05078125
5 0.83984375 0.52265625 0.0390625 0.025
0 0.9328125 0.5015625 0.01640625 0.053125
0 0.71015625 0.63046875 0.01484375 0.046875
0 0.725 0.628125 0.01328125 0.0546875
0 0.62734375 0.628125 0.01171875 0.034375
5 0.66171875 0.39609375 0.0328125 0.02109375