3 0.8640625 0.8622351140550606 0.0703125 0.13460422896477803
3 0.6453125 0.15643785416770345 0.0859375 0.052884335401395435
3 0.659375 0.3499857583747478 0.0703125 0.048666728964778014
3 0.60078125 0.2079892825120629 0.0515625 0.04266810124083724
3 0.8140625 0.382137704652236 0.071875 0.04565098960843983
5 0.54453125 0.30254766568388536 0.0421875 0.03263753737886681
0 0.88359375 0.27649435600928884 0.0359375 0.029075494804219913
0 0.7734375 0.19904098138744114 0.0359375 0.030637994804219915
0 0.59296875 0.6319730857303716 0.0359375 0.03376299480421992
0 0.20625 0.557452595036651 0.0203125 0.0670453883676025
0 0.32734375 0.6755473951528665 0.0296875 0.06613845222957301
0 0.26796875 0.6328242996120125 0.0265625 0.07373243094224939
0 0.2265625 0.8302509566690484 0.0296875 0.06926345222957302
0 0.12265625 0.5484542894725537 0.040625 0.038778276735204995
0 0.4296875 0.31135957299302286 0.0328125 0.028856973516896468
0 0.11171875 0.4539066139781859 0.0375 0.03543475544788173
0 0.05625 0.5273166168281775 0.0328125 0.03354447351689629
4 0.30078125 0.637561076095116 0.0390625 0.10429401609154336
0 0.19921875 0.9157567679331289 0.0296875 0.06301345222957302
0 0.20703125 0.2730229647148201 0.0171875 0.06838936708027905
5 0.1046875 0.5075232868746637 0.0515625 0.04266810124083733
0 0.24765625 0.7389321879796149 0.0265625 0.07060743094224939
3 0.1703125 0.7615280898408708 0.0328125 0.11010697351689647
0 0.296875 0.7808029777042703 0.0328125 0.06948197351689629
0 0.28125 0.33580183414088766 0.0328125 0.06323197351689647
5 0.26015625 0.8005581028303211 0.034375 0.08209123416055811
0 0.55703125 0.7047985805345915 0.0359375 0.038450494804219915
0 0.2375 0.8865173821634162 0.03125 0.06624771287323483
0 0.76484375 0.8262044149275807 0.0359375 0.047825494804219916
0 0.20859375 0.9658824540711585 0.0328125 0.04135697351689629
5 0.41015625 0.27288158103879456 0.0453125 0.032856058666190346
5 0.79453125 0.27647221269800776 0.0484375 0.03619957995351379
0 0.48203125 0.3100430914303548 0.0453125 0.03598105866619026
0 0.553125 0.0785092321437458 0.0390625 0.032419016091543386
0 0.20078125 0.05236625728946705 0.0171875 0.0558893670802791
0 0.39296875 0.23345844811907365 0.0296875 0.02707595222957302
5 0.9234375 0.2252707095959146 0.04375 0.032746798022528535
0 0.76171875 0.8693916862149041 0.0296875 0.045825952229573017
3 0.69921875 0.28938711196137357 0.09375 0.04405563861970414
0 0.59140625 0.7313010963740333 0.0359375 0.04313799480421991
0 0.50390625 0.011916219910600203 0.0359375 0.023832439821200407
5 0.71875 0.24349010391560189 0.0453125 0.032856058666190256
0 0.16484375 0.9048792520936869 0.0296875 0.06926345222957302
5 0.3515625 0.005196144358124581 0.0171875 0.010392288716249162
3 0.88828125 0.14022907407830365 0.075 0.05211951089576328
0 0.01484375 0.5520870238852135 0.028125 0.044154191585911204