0 0.19765625 0.4328125 0.03046875 0.02421875
0 0.13671875 0.36796875 0.02734375 0.0234375
0 0.09140625 0.36640625 0.03125 0.02265625
0 0.11328125 0.43515625 0.02578125 0.02265625
0 0.1328125 0.47578125 0.02734375 0.02109375
0 0.1609375 0.4375 0.0296875 0.02578125
0 0.4546875 0.68046875 0.01484375 0.053125
0 0.20390625 0.39453125 0.02734375 0.02265625
0 0.41796875 0.69609375 0.0125 0.0390625
0 0.071875 0.32890625 0.028125 0.02421875
0 0.10390625 0.39921875 0.02265625 0.0203125
0 0.2046875 0.35859375 0.025 0.02109375
0 0.06640625 0.440625 0.03125 0.02265625
5 0.14765625 0.396875 0.03984375 0.02109375
0 0.41953125 0.76484375 0.0140625 0.05703125
0 0.03046875 0.3734375 0.03125 0.0234375
0 0.43828125 0.7203125 0.01484375 0.05390625
0 0.384375 0.796875 0.0140625 0.05
0 0.37734375 0.01796875 0.0140625 0.0359375
0 0.34921875 0.70234375 0.01484375 0.053125
0 0.0125 0.403125 0.025 0.028125
0 0.421875 0.83984375 0.015625 0.05859375
0 0.06875 0.321875 0.02890625 0.02421875
0 0.71875 0.2015625 0.028125 0.021875
0 0.78203125 0.63046875 0.0125 0.04453125
0 0.77265625 0.2015625 0.03046875 0.0265625
0 0.39296875 0.01640625 0.0140625 0.0328125
0 0.74765625 0.24609375 0.02734375 0.021875
0 0.0328125 0.353125 0.03046875 0.01796875
0 0.43515625 0.78828125 0.01171875 0.046875
5 0.94140625 0.19375 0.03359375 0.0265625
0 0.353125 0.98359375 0.01640625 0.0328125
0 0.796875 0.63125 0.01328125 0.0453125
0 0.8984375 0.190625 0.025 0.021875
2 0.63828125 0.8859375 0.1046875 0.04453125
3 0.9609375 0.3875 0.078125 0.04375
5 0.24140625 0.2765625 0.03203125 0.028125
0 0.009375 0.3015625 0.01875 0.01875
0 0.5421875 0.26015625 0.03125 0.0265625
0 0.98125 0.18515625 0.0328125 0.02734375
0 0.81953125 0.19765625 0.03125 0.02421875
0 0.8125 0.628125 0.01484375 0.05234375
0 0.8296875 0.62578125 0.01328125 0.04921875
0 0.84453125 0.6296875 0.0125 0.05
0 0.8625 0.621875 0.0140625 0.0578125
0 0.90078125 0.621875 0.0171875 0.05078125
0 0.9296875 0.4921875 0.01640625 0.0640625
0 0.88046875 0.51875 0.0359375 0.0234375
5 0.834375 0.521875 0.03828125 0.021875
0 0.76640625 0.50859375 0.0140625 0.0546875
0 0.75 0.5109375 0.0140625 0.05546875
0 0.71015625 0.53203125 0.0265625 0.025
0 0.675 0.53515625 0.0296875 0.02265625
0 0.61953125 0.5421875 0.03125 0.028125
0 0.67890625 0.6328125 0.01171875 0.06015625
0 0.6609375 0.634375 0.0171875 0.05703125
0 0.64296875 0.63828125 0.01484375 0.05390625
0 0.62578125 0.63359375 0.0140625 0.04296875
0 0.709375 0.63203125 0.01484375 0.053125
0 0.7234375 0.6328125 0.01328125 0.05703125
0 0.99375 0.6171875 0.01171875 0.06171875