0 0.10078125 0.36796875 0.03046875 0.0234375
0 0.21015625 0.43515625 0.0296875 0.0234375
0 0.16875 0.43828125 0.02890625 0.0265625
0 0.20703125 0.396875 0.0265625 0.021875
0 0.13828125 0.36953125 0.0265625 0.021875
0 0.10703125 0.40078125 0.021875 0.01796875
0 0.6078125 0.33359375 0.02890625 0.02109375
3 0.12421875 0.28359375 0.08828125 0.04296875
5 0.94140625 0.19921875 0.0359375 0.0265625
0 0.20625 0.359375 0.0234375 0.021875
0 0.26796875 0.46796875 0.03125 0.02578125
0 0.115625 0.43828125 0.02578125 0.02265625
0 0.04921875 0.4046875 0.0296875 0.021875
0 0.60703125 0.29296875 0.02578125 0.0203125
0 0.6125 0.2625 0.02734375 0.02265625
0 0.009375 0.40703125 0.01875 0.0203125
0 0.45234375 0.6421875 0.01328125 0.04609375
0 0.0671875 0.4421875 0.02734375 0.02109375
0 0.01953125 0.44375 0.02734375 0.0203125
0 0.98125 0.1890625 0.034375 0.025
0 0.45625 0.971875 0.0140625 0.05625
0 0.03359375 0.37421875 0.03359375 0.0234375
0 0.8984375 0.19453125 0.02734375 0.02421875
0 0.81953125 0.2046875 0.03125 0.0234375
0 0.7125 0.53828125 0.0265625 0.02421875
0 0.78125 0.63203125 0.01171875 0.046875
0 0.88046875 0.52265625 0.03203125 0.02421875
0 0.5109375 0.2171875 0.0296875 0.02890625
0 0.61953125 0.54609375 0.03203125 0.025
0 0.79453125 0.63046875 0.01171875 0.05078125
0 0.378125 0.01328125 0.01328125 0.0265625
0 0.67421875 0.540625 0.02890625 0.02265625
0 0.71953125 0.21171875 0.0296875 0.021875
0 0.32890625 0.1671875 0.0140625 0.04921875
0 0.3515625 0.9859375 0.0125 0.028125
0 0.84375 0.63203125 0.01171875 0.05
0 0.6453125 0.63828125 0.01171875 0.0453125
2 0.640625 0.88984375 0.10703125 0.04375
0 0.678125 0.63828125 0.0140625 0.05546875
0 0.76640625 0.51328125 0.0125 0.053125
0 0.3953125 0.190625 0.0140625 0.053125
0 0.6609375 0.63671875 0.01328125 0.04921875
5 0.1515625 0.39921875 0.03828125 0.021875
5 0.83515625 0.52421875 0.03828125 0.02421875
0 0.71015625 0.6375 0.0109375 0.05
0 0.415625 0.1546875 0.015625 0.05625
0 0.99453125 0.6234375 0.01015625 0.05625
0 0.85859375 0.62734375 0.0125 0.053125
0 0.82890625 0.63359375 0.01171875 0.053125
0 0.8109375 0.63046875 0.0109375 0.05234375
0 0.62578125 0.6421875 0.0109375 0.0390625
0 0.3375 0.03828125 0.01015625 0.04453125
0 0.93046875 0.50546875 0.01328125 0.0546875
0 0.89921875 0.625 0.01328125 0.0515625
0 0.4265625 0.95625 0.0140625 0.06015625
0 0.27578125 0.240625 0.02890625 0.040625
0 0.771875 0.2015625 0.03046875 0.02421875
0 0.75 0.5171875 0.0125 0.05
0 0.35078125 0.70234375 0.01484375 0.053125