0 0.87421875 0.2140625 0.03984375 0.0296875
0 0.446875 0.50234375 0.040625 0.0375
0 0.83984375 0.3921875 0.0359375 0.0484375
0 0.50546875 0.43359375 0.0390625 0.03515625
0 0.5140625 0.171875 0.03046875 0.04765625
0 0.57734375 0.50625 0.034375 0.03203125
5 0.9703125 0.37421875 0.03125 0.02421875
0 0.31640625 0.5015625 0.0421875 0.04296875
0 0.75390625 0.6109375 0.02109375 0.0703125
0 0.56875 0.45546875 0.0375 0.0328125
5 0.3875 0.52109375 0.04140625 0.03984375
0 0.4515625 0.44609375 0.0375 0.03671875
5 0.6984375 0.73515625 0.02890625 0.07890625
0 0.55546875 0.58125 0.03203125 0.04375
0 0.965625 0.30703125 0.0390625 0.0296875
0 0.38515625 0.478125 0.03984375 0.03515625
0 0.32578125 0.5484375 0.040625 0.03515625
0 0.5875 0.05625 0.028125 0.06640625
0 0.85859375 0.0203125 0.03671875 0.040625
0 0.903125 0.3078125 0.0359375 0.03125
0 0.875 0.26015625 0.03984375 0.0296875
0 0.515625 0.47578125 0.0390625 0.03359375
0 0.0359375 0.72109375 0.0390625 0.04140625
0 0.2953125 0.79921875 0.03828125 0.0484375
5 0.56875 0.409375 0.04296875 0.03671875
0 0.3421875 0.76328125 0.03515625 0.03984375
0 0.95625 0.2625 0.03828125 0.02890625
5 0.98984375 0.2171875 0.01953125 0.0296875
5 0.19921875 0.9765625 0.02734375 0.0453125
5 0.94140625 0.21796875 0.05078125 0.03359375
0 0.98359375 0.0078125 0.0328125 0.015625
5 0.60859375 0.7984375 0.0265625 0.07109375
5 0.4453125 0.859375 0.04140625 0.0671875
0 0.26328125 0.10390625 0.0328125 0.06875
0 0.65078125 0.9609375 0.034375 0.07265625
5 0.5703125 0.965625 0.03125 0.06875
5 0.72109375 0.61640625 0.02578125 0.071875
5 0.68828125 0.86171875 0.0328125 0.07890625
5 0.7296875 0.7265625 0.03046875 0.090625
0 0.6640625 0.20625 0.01640625 0.07109375