1 0.39744512367201346 0.5820782644379394 0.06671602773541671 0.04725679508134402
0 0.5567649190748606 0.6189475262436003 0.03510235182361114 0.03144998789975162
0 0.8230243922893745 0.6939440228257547 0.03982621941479181 0.03303975897699054
5 0.7211884821451383 0.7386701946651193 0.04298758700597229 0.03462043969514959
5 0.6681544011230895 0.7344548724564124 0.03982621941479181 0.03303975897699054
5 0.6353289430105551 0.4662588634794219 0.03899107123840295 0.06428066861791085
0 0.3913386344055897 0.6765867885402403 0.03982621941479172 0.03303975897699054
0 0.5849633074676037 0.5823878575274936 0.031904616641249994 0.028306807181592397
0 0.09194000608083283 0.5818635992378742 0.038227351823611144 0.03146816861791084
0 0.7873966700247911 0.6468553993873837 0.03982621941479181 0.03303975897699054
0 0.7617407469627772 0.7420315440011894 0.04298758700597229 0.03462043969514959
0 0.6336469949660068 0.06853898096586461 0.024928571238402773 0.06419885538619427
0 0.6767877847661801 0.5649508935336512 0.03506598423243048 0.029887487899751618
0 0.7378980838718402 0.08789803502419899 0.026418336056041623 0.06108294574527386
0 0.7183668338718402 0.08778440553570377 0.023293336056041624 0.061064765027114644
0 0.8178783781373256 0.9150377728257546 0.0281990416031249 0.0704670361043533
0 0.6981634366453818 0.08297873086766874 0.023293336056041624 0.061064765027114644
0 0.7056628928580553 0.29789520374030565 0.02143989532659738 0.04855567466803503
0 0.6685668556233333 0.078899764045156 0.023075130508958354 0.05168976502711464
0 0.7011416598598957 0.1564435019449076 0.02649107123840295 0.06420794574527386
0 0.6189305315351389 0.06298387255460824 0.024855836056041625 0.061073855386194253
0 0.6840282014630208 0.0860219176359522 0.023293336056041624 0.061064765027114644
0 0.6991115007624993 0.8479315651766243 0.024637630508958352 0.05169885538619425
5 0.9719048354873608 0.34007465514292035 0.03114220364722229 0.0626727168225127
0 0.6033782667175 0.059767968963812056 0.02645470364722229 0.06264544574527389
0 0.8487108040491312 0.8995900348278074 0.029688806420763925 0.06735112646343282
0 0.7029631993757285 0.8502980410743233 0.024673998100139018 0.053261355386194253
0 0.6498532232145139 0.0772281797362006 0.019841027735416718 0.04698408430895542
0 0.505518728914097 0.235785047419035 0.029688806420763925 0.06735112646343318
0 0.6824643950422569 0.1532094176359522 0.02630923328249999 0.056395445745273866
5 0.8457514178405896 0.7917457185710287 0.0314695119678472 0.07673521682251269
0 0.7982750461653465 0.8844508481577197 0.01816942496187508 0.04228749394987581
0 0.714570233760659 0.9872470325883121 0.03819098423243048 0.025505934823375754
3 0.2364641768617361 0.012314689400562085 0.07707164627652778 0.022320427594901267