5 0.6626353638318164 0.6922101501731591 0.04244510523343692 0.03219555737069442
5 0.9127850952042035 0.46949477631371456 0.04226309471009344 0.029070557370694416
0 0.38256843223355047 0.6784438165856594 0.03922909997176518 0.030560322188333443
5 0.5759089085560272 0.6809654852792704 0.04244510523343692 0.03219555737069442
0 0.2591056293344833 0.4004487159963192 0.036013094710093264 0.028925087005972294
0 0.8996473293486007 0.4003635698167006 0.03922909997176518 0.030560322188333443
5 0.5291473006211671 0.6399235644014578 0.04244510523343692 0.03219555737069442
5 0.8493218346808596 0.474092663756527 0.0390470894484217 0.027435322188333444
0 0.6747585343420414 0.12238861265409665 0.023679694681858442 0.058285278685347205
0 0.7078510263789465 0.04984081221725635 0.02239021046687384 0.06293641109416667
0 0.7886742190652535 0.6580689266743048 0.03590667889684287 0.05388871941479163
0 0.8273147009317506 0.9591034433918046 0.021116136803468067 0.04106141109416654
0 0.6560995396037133 0.12126252374826334 0.0222992052052021 0.06137391109416668
0 0.31929197141374066 0.3717411813270483 0.04235409997176518 0.030633057370694505
0 0.5732863105798135 0.042830358854374515 0.0222992052052021 0.06137391109416668
0 0.7992491560663655 0.8247836479889576 0.020008663111827474 0.04883754350298623
0 0.6041267869022902 0.049134257030763386 0.022117194681858444 0.058248911094166675
0 0.7195932061934225 0.9600503071832632 0.027548147326811722 0.04433188145888885
0 0.19255516616618626 0.39107502241708314 0.04235409997176509 0.030633057370694418
0 0.6686975211172745 0.05231250199677027 0.022117194681858444 0.058248911094166675
0 0.32289511354946776 0.40364514475791635 0.03739358418674961 0.02583645459715278
0 0.7013044797297715 0.805217990028923 0.023497684158514786 0.05516027868534721
0 0.5888658079489775 0.04324793294256894 0.020554694681858443 0.058212543502986124
0 0.44708231342241084 0.26734200921496487 0.02377069994353036 0.05984777868534721
0 0.688737005332259 0.056527223311423035 0.02239021046687384 0.06293641109416667
0 0.8828014635918201 0.4350840619329158 0.031234589448421703 0.02725348423243048
0 0.48235195548755083 0.2243907898001732 0.025606215728545934 0.06457164627652778
0 0.6398367737481105 0.05220405243361057 0.025151189420186525 0.056759146276527804
0 0.6189705369022901 0.04878876491454809 0.021935184158514788 0.05512391109416668
5 0.8340909478068046 0.4408989572595132 0.04244510523343692 0.03219555737069442
0 0.8470496192346626 0.8345937526623605 0.02569722099021767 0.06613414627652787
0 0.6538082684864387 0.05343924411298556 0.023588689420186527 0.05672277868534723
3 0.20268538424321933 0.032483885258611046 0.08837923151356133 0.06496777051722209
0 0.6824205739457546 0.2587436867422911 0.02295165258848364 0.04578527868534721
5 0.7746018267177648 0.4040542271111452 0.042627115756780756 0.035320557370694415
0 0.7585471033084727 0.6930985433155549 0.04557010523343692 0.032268292553055744