3 0.3556092745862764 0.5985149610364788 0.08969884667409059 0.05624209172016936
3 0.5874865305935943 0.5486451948011292 0.08192270934118148 0.059230724025417555
3 0.5721876999125041 0.6546497329505762 0.05677725867281787 0.04629434740221221
0 0.05015651655000537 0.8604250312495882 0.02380112667090888 0.031659103084255236
0 0.9201150278883233 0.8388840056754523 0.03826361600890884 0.06627956493480802
5 0.4218320692234596 0.8169024967502938 0.04418635200509069 0.03826365909060954
5 0.33911956655795955 0.8068632491859258 0.04889203333863605 0.039907979707460586
5 0.49650589990454985 0.7119343530809598 0.04574885200509069 0.03829093262956
0 0.37007559532145506 0.09397746550070575 0.04122498400699968 0.05227161201270884
5 0.5969144325668683 0.7457247463432568 0.039462489337999784 0.03505683847375849
0 0.8865603772676849 0.4991669407406441 0.04740225867281787 0.046130706168510116
0 0.4070472419637289 0.2743468039744642 0.03955339600572714 0.04286933847375849
0 0.2643035692632305 0.5211245722384088 0.04262385200509069 0.03823638555165907
5 0.4375127079090042 0.6780854586008469 0.04889203333863605 0.039907979707460586
5 0.8755052459420934 0.44193113919851656 0.048946577339272324 0.044595479707460584
5 0.1231042152291866 0.7694921140413037 0.04885567067154524 0.036782979707460584
0 0.9400308226050484 0.4704067410649557 0.04580339600572714 0.042978432629560005
0 0.6840193693109555 0.17681683359919925 0.03829997867599957 0.06940456493480815
0 0.5938268899188673 0.6081429257264057 0.04264203333863605 0.039798885551659245
0 0.8176552885900945 0.5784492917963043 0.02894316000954511 0.07080342370110611
0 0.9249421719446389 0.4240402556754523 0.03789998933799978 0.0350295649348082
0 0.6752523492998197 0.2587117159044475 0.03671929734245403 0.06781479139585782
0 0.3705921213001379 0.25104962580913126 0.04115225867281787 0.046021612012708865
0 0.7522164806651819 0.024069709004588703 0.04244203866963616 0.02261138555165918
0 0.3764688566200022 0.35039110673440776 0.03948067067154524 0.03661933847375849
0 0.7606069519414571 0.44461403408566663 0.02894316000954511 0.07080342370110611
5 0.6138933945735497 0.6967923685022354 0.04418635200509069 0.03826365909060954
0 0.4842224338797328 0.8945695750777827 0.04418635200509069 0.03826365909060954
0 0.9557809025700499 0.7285465235323597 0.04603975334181776 0.06329093262956001
0 0.7038784306572278 0.08183161606660333 0.03986247867599957 0.06943183847375851
0 0.5412531365372788 0.9627661960189453 0.042605670671545325 0.03667388555165942
0 0.8084684558800509 0.8978850844099782 0.02899770401018138 0.07549092370110629
0 0.7579610205681409 0.7391589208551418 0.03517497867599957 0.06935001785690745
3 0.08434663331477359 0.1382187946422687 0.09398745202099903 0.15629663879807004
0 0.6735256699554566 0.3399480791349724 0.03204997867599957 0.06929547077900686
0 0.18954266331159192 0.16349725852141664 0.03958975867281791 0.045994338473758486
0 0.2673596753262276 0.05702116192998331 0.02554544000636332 0.047311376623205434
0 0.4891933865770495 0.6688292353862082 0.03944430800445424 0.03349433847375849
0 0.6799729279121859 0.6588753571381496 0.0460579346753633 0.06485343262956
0 0.7048211232893202 0.3365872999139792 0.03368520401018138 0.07557274431795716
0 0.4729604065881855 0.5864979764577545 0.04574885200509051 0.03829093262956
5 0.7125529019732739 0.20935264406978055 0.04787497334499946 0.08675570616851021
0 0.18300230931731892 0.12118702759614011 0.03492044000636332 0.047475017856907484
5 0.8052905539067771 0.7009146270236519 0.03054202267663584 0.07395569724005639
3 0.41055569199554565 0.039985440743939414 0.03343066534054504 0.05369774431795713
5 0.7272073899984092 0.02441458238138326 0.0487102200031817 0.024282979707460538
0 0.7280153646562731 0.0892856059203336 0.03829997867599957 0.06940456493480815
0 0.6751832412078694 0.9361918335991992 0.03822725334181776 0.06315456493480802
0 0.9769228426161842 0.3890027824608135 0.01448067067154497 0.03618296185055305
4 0.46307216466422735 0.026055354298775802 0.030105670671545327 0.03645569724005646