0 0.33450882070427096 0.8036714633064712 0.03412202885594055 0.0376908975406721
0 0.5355802805004031 0.572762872652804 0.030887901451278843 0.034547716822512696
0 0.49486098894577274 0.9108759510098313 0.03412202885594055 0.0376908975406721
0 0.3934002481010834 0.37033224336070064 0.03412202885594055 0.03769089754067192
0 0.4547866374866447 0.5144685836215844 0.035684528855940555 0.03769998789975162
0 0.3666219493748771 0.5553703186926656 0.03412202885594055 0.0376908975406721
0 0.38761895173712974 0.7148998547970191 0.029161710344286274 0.029851126463433176
0 0.616599679041275 0.17706000809322767 0.02932540145127884 0.03453862646343313
0 0.4262301393855613 0.14625893910597448 0.03412202885594055 0.037690897540671967
0 0.8576090479235983 0.5926087818027452 0.06488095553496294 0.023810204722264316
0 0.9436705774125109 0.43292068529534544 0.06002976442797028 0.019095433645025396
0 0.9474503418404812 0.4141888660135047 0.058467264427970275 0.019086343285945873
0 0.9318228526402542 0.48129909796132797 0.05857639183263217 0.022211343285945873
0 0.9312201627143881 0.5656877334999474 0.05857639183263217 0.022211343285945873
5 0.334102148371236 0.25590158381797606 0.03423115626060227 0.04081589754067192
0 0.4998437102594682 0.29828050223949515 0.029107146641955416 0.028288626463433175
0 0.4206224578123975 0.46347825536275317 0.02754464664195542 0.028279536104353475
0 0.8304190653467934 0.6104229956983916 0.0491468281303014 0.02059430113146803
0 0.9331770215147284 0.4648973931408678 0.056959328130301044 0.020639752926866352
0 0.5228794500926672 0.10853220100983116 0.0605208377489479 0.033157933645025485
0 0.9254165960168326 0.5304905768840891 0.045912700725639154 0.017451120413308985
0 0.5134250937393977 0.043620273316734036 0.032450401451278844 0.034556807181592354
0 0.3064135586385534 0.9816691982793566 0.030124009618646853 0.012672716822512697
0 0.9337747330401409 0.5149110286794871 0.058467264427970275 0.019086343285945873
0 0.3572916556276301 0.08412657776785189 0.04602182813030113 0.020576120413308918
0 0.931222651914615 0.49848659796132794 0.058467264427970275 0.019086343285945873
0 0.5925693796820963 0.48479524004105096 0.027762901451278844 0.03452953610435365
0 0.6476190444650373 0.027209999018041352 0.030396828130301045 0.020485216822512742
0 0.36078618865992185 0.16306918920417035 0.031215283665263983 0.04392271682251274
0 0.2389558286784553 0.1834584363755 0.05857639183263199 0.022211343285945873
0 0.11200892667902229 0.014717005853732475 0.06956845553496285 0.023837475799503176
0 0.2419866033580446 0.029538550836880555 0.06644345553496285 0.02381929508134395
0 0.24473709192529922 0.08503457191411941 0.055669646641955416 0.028443162567786607
0 0.3568179404740204 0.12006862294739169 0.053035719962933124 0.04248748184962738
5 0.27880455707890894 0.04928796945479138 0.07134921034428618 0.030096566158582805
0 0.09200147232518581 0.11774655708339647 0.057450401451278846 0.03470225292686626
5 0.4960664350317249 0.2498111859827165 0.04220734736759475 0.04554884933607006
5 0.517261877952816 0.20226856547121175 0.040699411069925515 0.047102258976990455
5 0.5236408527250724 0.15385833654845057 0.03762897477225664 0.04864657825883123
0 0.6871328568166056 0.5963054326630669 0.05857639183263199 0.022211343285945873
0 0.7257514127143881 0.5644923512809777 0.06342758293962447 0.026926114363184796
0 0.7500594758685649 0.36068609523085343 0.04752976442797028 0.019022710772388506
0 0.8749577829474738 0.40907866431630246 0.061755955534962936 0.023792024004105093
0 0.874330300370669 0.42704741431630244 0.06488095553496294 0.023810204722264316
0 0.9369022222403679 0.447728073859027 0.0616468281303014 0.020667024004105094
0 0.9543551062684514 0.3954752274498232 0.06488095553496294 0.023810204722264316