3 0.875 0.25234375 0.06328125 0.040625
5 0.81875 0.49375 0.04375 0.04453125
0 0.63671875 0.97265625 0.0296875 0.0546875
0 0.52890625 0.571875 0.0375 0.03515625
4 0.82265625 0.415625 0.05625 0.06640625
0 0.69453125 0.81640625 0.021875 0.0609375
3 0.9796875 0.24609375 0.03984375 0.0484375
0 0.54921875 0.51953125 0.03828125 0.03984375
0 0.41796875 0.5734375 0.03671875 0.0375
0 0.2109375 0.66953125 0.0359375 0.03828125
0 0.353125 0.59609375 0.03984375 0.03828125
0 0.28046875 0.6234375 0.040625 0.04296875
0 0.740625 0.72734375 0.0234375 0.06484375
0 0.58828125 0.55234375 0.0390625 0.034375
0 0.66640625 0.89609375 0.0265625 0.06171875
0 0.69921875 0.04765625 0.01640625 0.07109375
0 0.76015625 0.6375 0.01875 0.0640625
0 0.73984375 0.37421875 0.03515625 0.06171875
0 0.98046875 0.03359375 0.0375 0.0296875
0 0.34609375 0.82265625 0.0359375 0.04296875
0 0.71171875 0.69765625 0.02109375 0.0703125
5 0.921875 0.29609375 0.04296875 0.03125
0 0.7125 0.23359375 0.02421875 0.0734375
0 0.7171875 0.815625 0.0265625 0.065625
0 0.69140625 0.909375 0.021875 0.05546875
3 0.97265625 0.33984375 0.0546875 0.0328125
5 0.66875 0.971875 0.02578125 0.0453125
5 0.8671875 0.3015625 0.046875 0.0296875
0 0.2640625 0.16875 0.028125 0.06328125
0 0.29765625 0.8640625 0.03671875 0.046875
5 0.90859375 0.33671875 0.0421875 0.03125
5 0.1328125 0.0234375 0.0390625 0.03984375
5 0.4484375 0.909375 0.03828125 0.0578125
5 0.203125 0.621875 0.04453125 0.0625
5 0.5828125 0.9375 0.0359375 0.071875
3 0.7890625 0.7328125 0.05234375 0.1
3 0.98515625 0.190625 0.02890625 0.04296875