0 0.0890625 0.3671875 0.03125 0.02265625
0 0.1375 0.36796875 0.02734375 0.0234375
0 0.19765625 0.4328125 0.03046875 0.02421875
0 0.1140625 0.43515625 0.02421875 0.02109375
0 0.2046875 0.39453125 0.0265625 0.02265625
0 0.1046875 0.39921875 0.0234375 0.0203125
0 0.075 0.29140625 0.0296875 0.03359375
0 0.046875 0.4015625 0.0296875 0.0234375
0 0.41796875 0.69296875 0.0140625 0.04375
0 0.4546875 0.68046875 0.015625 0.05390625
0 0.1609375 0.43671875 0.0296875 0.0265625
0 0.06796875 0.440625 0.03125 0.021875
0 0.2046875 0.35859375 0.025 0.021875
0 0.4546875 0.09765625 0.01875 0.05234375
0 0.4390625 0.71953125 0.015625 0.05390625
0 0.42265625 0.8390625 0.015625 0.059375
0 0.37734375 0.01796875 0.01328125 0.03515625
0 0.33671875 0.0953125 0.0140625 0.04609375
0 0.39296875 0.01640625 0.015625 0.0328125
0 0.34921875 0.70234375 0.01484375 0.053125
0 0.78203125 0.63125 0.01171875 0.04296875
5 0.1484375 0.39609375 0.0390625 0.021875
0 0.4203125 0.76328125 0.01328125 0.05390625
0 0.353125 0.9828125 0.015625 0.034375
0 0.0328125 0.37265625 0.0328125 0.02421875
0 0.34296875 0.55234375 0.02265625 0.040625
0 0.009375 0.403125 0.01875 0.02109375
5 0.94140625 0.19140625 0.03359375 0.0265625
0 0.77109375 0.2 0.03046875 0.028125
0 0.4390625 0.78515625 0.0140625 0.05
0 0.79765625 0.63046875 0.0125 0.04296875
5 0.70546875 0.32265625 0.0390625 0.02421875
0 0.01484375 0.44296875 0.0296875 0.028125
0 0.81875 0.19765625 0.03359375 0.0203125
0 0.71796875 0.2015625 0.03359375 0.02578125
0 0.8984375 0.190625 0.0296875 0.02421875
0 0.978125 0.18203125 0.03203125 0.0234375
2 0.63515625 0.8859375 0.10859375 0.0421875
0 0.75 0.5109375 0.01484375 0.0578125
0 0.71171875 0.53046875 0.028125 0.02421875
0 0.6765625 0.53515625 0.028125 0.025
0 0.6203125 0.53984375 0.03203125 0.02578125
0 0.6265625 0.63359375 0.0125 0.04609375
0 0.64375 0.63828125 0.0125 0.0609375
0 0.6609375 0.6328125 0.01484375 0.05
0 0.6796875 0.63046875 0.0125 0.059375
0 0.71015625 0.63046875 0.01484375 0.0546875
0 0.72578125 0.62890625 0.01328125 0.05390625
0 0.8140625 0.62890625 0.0140625 0.06015625
0 0.8296875 0.62421875 0.0125 0.05859375
0 0.8453125 0.62578125 0.0140625 0.05390625
0 0.865625 0.6171875 0.01875 0.05625
0 0.90234375 0.61953125 0.0125 0.0609375
0 0.99453125 0.61484375 0.0109375 0.0578125
0 0.9296875 0.49375 0.015625 0.0640625
0 0.88125 0.51796875 0.034375 0.02421875
5 0.83671875 0.51953125 0.03671875 0.02421875
0 0.76640625 0.503125 0.01640625 0.0609375