5 0.07827473033745169 0.3325533134871731 0.09654003087881238 0.049409849379944505
5 0.651287366851332 0.12028860520273646 0.034040030878812286 0.04467388257342351
0 0.5548265216411054 0.47545951204656933 0.04024456677218975 0.04358497925407558
0 0.4972186101209074 0.4781099927505374 0.04341503087881229 0.04538427759440165
0 0.5394121217993899 0.535094621174776 0.04019910266556703 0.04202247925407558
0 0.4432501756394559 0.5254693222097501 0.04350595909205772 0.04850927759440164
0 0.46163045110799195 0.4606022614218694 0.04029003087881229 0.045147479254075584
0 0.510973570070895 0.3614436336223307 0.06304556927947225 0.02348596680652095
0 0.3557692445232167 0.3855412166060283 0.07880696159934023 0.02935745850815117
0 0.508890581353666 0.2630653332074122 0.0678239974927175 0.026966164317010044
0 0.4902843000126353 0.5344900473146408 0.04346049498543501 0.04694677759440165
0 0.8383711443649322 0.3613074593565657 0.07251149749271732 0.027321361827499047
0 0.6470795884798021 0.05604850644749193 0.0347841769596041 0.01666728174358654
0 0.339648836368231 0.20658742241488715 0.06193771034569897 0.038992567636357923
0 0.9563863923198681 0.07714779213977067 0.031522784639736304 0.011742983403260476
0 0.4203642565974105 0.5962311854871417 0.04341503087881229 0.04538427759440165
0 0.7404635271178888 0.1309436079020288 0.03238660266556703 0.04143048340326048
0 0.8724305249398107 0.781715047738848 0.06809678213245363 0.036341164317009955
0 0.9617033442857899 0.3402514433845261 0.06929556927947189 0.023959563487172986
0 0.7051972800208827 0.25845237864795323 0.053670569279472245 0.022775571785542858
5 0.029587177751026948 0.3202891892121193 0.041807066772189705 0.04370337842423862
5 0.7464240221033238 0.17504880541251788 0.02600021034569906 0.0362693867226084
5 0.6980547182632577 0.17372218113746415 0.03247753087881229 0.04455548340326052
0 0.17385663261994258 0.7241031186759763 0.05917642319868044 0.051255769296031775
0 0.21688756710139412 0.6759149950256226 0.04635817445232169 0.0393710759347277
5 0.11554036427754252 0.568455847305352 0.06846049498543505 0.04884116431700995
0 0.2454107545523465 0.28987167386477963 0.06961381802583091 0.03489706348717299
5 0.8657459866056577 0.33765739441950016 0.08974446159934005 0.03018625269929238
3 0.9391403710079672 0.2613685041724068 0.10421613855894449 0.04531434523075965