0 0.3953125 0.29765625 0.04375 0.03515625
0 0.690625 0.9796875 0.02421875 0.040625
0 0.78125 0.7875 0.02421875 0.084375
0 0.3890625 0.1890625 0.04140625 0.03203125
0 0.30703125 0.05703125 0.046875 0.04296875
0 0.14609375 0.01015625 0.04609375 0.01953125
0 0.07578125 0.0140625 0.05390625 0.028125
0 0.32578125 0.19609375 0.04453125 0.03046875
0 0.53359375 0.01875 0.04140625 0.0375
0 0.72890625 0.09375 0.0296875 0.07890625
0 0.8 0.22578125 0.04609375 0.075
0 0.8953125 0.334375 0.0421875 0.0484375
0 0.8234375 0.44765625 0.0390625 0.08515625
0 0.0171875 0.01484375 0.034375 0.0296875