3 0.65 0.43046875 0.0828125 0.0421875
3 0.41328125 0.44765625 0.07578125 0.04765625
3 0.44375 0.34453125 0.0515625 0.03828125
0 0.990625 0.2140625 0.01875 0.02890625
0 0.12578125 0.1140625 0.028125 0.06171875
5 0.61640625 0.20546875 0.03984375 0.03203125
5 0.696875 0.2265625 0.04453125 0.0328125
5 0.52734375 0.2984375 0.04140625 0.03125
0 0.5625 0.92734375 0.034375 0.04609375
5 0.4328125 0.2515625 0.03515625 0.0296875
0 0.11015625 0.4546875 0.040625 0.0390625
0 0.55234375 0.74375 0.034375 0.03671875
0 0.7296875 0.51953125 0.0375 0.03046875
5 0.58046875 0.340625 0.04296875 0.0328125
5 0.1125 0.51328125 0.04296875 0.03828125
5 0.90546875 0.29375 0.04453125 0.0296875
0 0.053125 0.47578125 0.03984375 0.0359375
0 0.2640625 0.80234375 0.028125 0.06484375
0 0.415625 0.3875 0.0375 0.03359375
0 0.18984375 0.3859375 0.0171875 0.06875
0 0.0609375 0.5234375 0.0328125 0.0296875
0 0.284375 0.721875 0.0265625 0.0640625
0 0.58515625 0.771875 0.034375 0.04140625
0 0.1703125 0.96640625 0.0328125 0.06640625
0 0.59375 0.67265625 0.034375 0.03203125
0 0.2265625 0.5265625 0.0171875 0.06796875
5 0.40859375 0.29765625 0.0390625 0.03125
0 0.565625 0.11953125 0.0390625 0.03203125
0 0.075 0.21796875 0.0375 0.0578125
0 0.23046875 0.89296875 0.0296875 0.06640625
0 0.51953125 0.04453125 0.03828125 0.0296875
0 0.2453125 0.07109375 0.0171875 0.0734375
0 0.271875 0.23515625 0.02578125 0.065625
3 0.85234375 0.9234375 0.06953125 0.14453125
0 0.29765625 0.6421875 0.021875 0.065625
0 0.7515625 0.88359375 0.0328125 0.040625
0 0.659375 0.978125 0.01875 0.04375
0 0.528125 0.3421875 0.034375 0.028125
0 0.3375 0.32578125 0.0359375 0.059375
0 0.26640625 0.640625 0.02109375 0.071875
0 0.53203125 0.42578125 0.03984375 0.03203125
5 0.240625 0.765625 0.03359375 0.08125
0 0.75234375 0.9265625 0.02890625 0.04296875
5 0.21953125 0.26640625 0.01875 0.07109375
3 0.51484375 0.975 0.025 0.05
5 0.19453125 0.96796875 0.0390625 0.0640625
0 0.2078125 0.8828125 0.02734375 0.06484375
0 0.3828125 0.0515625 0.02734375 0.059375
0 0.0046875 0.5515625 0.00859375 0.03359375
4 0.4609375 0.98203125 0.02421875 0.03515625