0 0.8450103953280934 0.4748643607161398 0.038122712873234835 0.032295674452321774
0 0.924730746316829 0.45062522717176046 0.03154493094224975 0.02742631802583091
0 0.9518613288682329 0.48036655146579754 0.029763909654926125 0.024255853919208193
0 0.9211083556034382 0.5219690297581852 0.03477919158591121 0.029079746239076342
0 0.9658199220632986 0.5120568206661273 0.037904191585911205 0.029170674452321778
0 0.9856636204344739 0.42601402058698506 0.028672759131052317 0.030733174452321776
0 0.850031031097806 0.5130774145562058 0.0331074309422494 0.027471782132453625
0 0.5258676393760087 0.29940032561418534 0.0303866225281606 0.05546038981258557
0 0.5581502616520678 0.27967284732179765 0.02860560124083733 0.052289925705962935
0 0.859520645580195 0.5480290760764037 0.031544930942249395 0.02742631802583091
0 0.8799099192133071 0.4589749362638182 0.038122712873234835 0.032295674452321774
0 0.5290583413534801 0.2554684691876946 0.0303866225281606 0.05546038981258565
0 0.5105982824351882 0.13701398588074204 0.032386165102807674 0.06175585391920828
0 0.243528566887189 0.8853511636317689 0.03165419158591121 0.02898881802583091
0 0.21150838854282955 0.8416609996042886 0.03477919158591121 0.029079746239076342
0 0.6142417245253026 0.30935433564331516 0.030058840597175517 0.05077288981258556
0 0.5343742720436281 0.20834341660126987 0.030605143815484227 0.05858538981258556
0 0.7940091681280262 0.9210012263138306 0.026169016091543363 0.039744461599340045
0 0.6203007003879876 0.25046506895026777 0.030277361884498966 0.053897889812585656
0 0.22479644829430062 0.4271522187254762 0.02482503737886681 0.0428239974927175
0 0.7787665803808423 0.9269246173800575 0.024387994804219916 0.03657399749271732
5 0.9067509246611886 0.49577024261116664 0.04426345222957302 0.03091503087881229
5 0.20105148978366677 0.8936326765638928 0.04135697351689647 0.03394910266556721
0 0.5121332852851799 0.19255093204067605 0.02860560124083733 0.052289925705962935
0 0.7540461777632818 0.6293820276466141 0.039903734160558105 0.035466138558944316
0 0.2111709908689475 0.4338113956850803 0.025043558666190256 0.04594899749271768
0 0.8296799622921569 0.6138730364221028 0.029873170298587583 0.02581835391920819
5 0.695534191256935 0.6882318419115213 0.039903734160558105 0.035466138558944316
0 0.16609733557662237 0.9087408510162144 0.03623243094224948 0.02756271034569906
0 0.31839752691043205 0.8589046724072578 0.039685212873234656 0.03234113855894449
0 0.3612734417611382 0.8451316774218226 0.036669473516896464 0.03381271034569906
0 0.4126884762900135 0.8303273798499629 0.039903734160558105 0.035466138558944496
0 0.4292314840836836 0.7758300964638678 0.03499771287323465 0.03220474623907634
3 0.20952028160200906 0.6788882149645525 0.0945583831718225 0.05888691818411544
2 0.29055893404434263 0.14733067491454008 0.11708894703379284 0.06889841567683304
5 0.2060296588217468 0.5506040905913732 0.04426345222957302 0.030915030878812467
0 0.12215168555695191 0.5937523485089319 0.030932925746469397 0.06327288981258547
0 0.03781525436260087 0.49600282178675464 0.010511165102807663 0.06111935642649069
0 0.11319231277668965 0.46562734850893184 0.03216764381548418 0.05863085391920819
0 0.1636072120400555 0.5596668535234969 0.03612317029858776 0.02600021034569906
0 0.14925549891471923 0.4551839420032989 0.03216764381548418 0.05863085391920819
0 0.16767771698373402 0.4499508727238267 0.030277361884498966 0.053897889812585656
0 0.1822483153745797 0.44561271371091127 0.027261622528160733 0.05536946159934022
0 0.1973816424781019 0.4381268226446844 0.03216764381548418 0.05863085391920819
0 0.40819881017879955 0.47504884646386786 0.04135697351689647 0.033949102665567034
0 0.35627567725907866 0.493782126089039 0.03623243094224948 0.02756271034569906
0 0.3236106427302034 0.5080408543814267 0.03477919158591121 0.029079746239076342
0 0.29463370089219065 0.4071148518741442 0.028933383171822414 0.05697742570596294
0 0.2807897221795141 0.4106490288337484 0.02860560124083733 0.052289925705962935
0 0.3264464296048672 0.4030578376883793 0.02704310124083733 0.05224446159934022
0 0.3406892460647276 0.39403217867546375 0.0289333831718225 0.05697742570596294
0 0.3567130838119116 0.3880860555559256 0.028933383171822414 0.05697742570596285
0 0.37206493220275727 0.38372516448969884 0.025043558666190256 0.045948997492717504
0 0.2927102039942838 0.536339350620503 0.03205838317182241 0.05706835391920819
0 0.2759597465689307 0.5430894557933524 0.02882412252816078 0.05541492570596294