0 0.33505902929596676 0.5712783000477251 0.025954746239076343 0.03310340133672725
0 0.6406427542231421 0.35601002542167776 0.041079641066226816 0.016097714672181594
5 0.3134845238191834 0.21153058271004346 0.029216138558944317 0.03782726400381797
0 0.4269998590667872 0.9568532680617245 0.027471782132453625 0.03155908267027243
0 0.24021215987084527 0.1512828786998621 0.027653638558944316 0.03780908267027257
0 0.23848057983732743 0.8554073047024076 0.02756271034569906 0.03468408267027243
0 0.24946589245288203 0.9344680960375438 0.02581835391920828 0.028415901336727244
0 0.2736033890876698 0.7495300220400891 0.02912521034569897 0.03470226400381797
0 0.249110539787315 0.9735396867043165 0.025909282132453627 0.031540901336727246
0 0.3490807622072079 0.7339964760502704 0.025909282132453627 0.031540901336727246
0 0.27810095328607 0.218934002705271 0.02581835391920828 0.028415901336727067
0 0.6738500593168493 0.36968217409290477 0.05835806927947225 0.01942270934118149
0 0.7448899850228121 0.3455003341024498 0.05835806927947225 0.01942270934118149
0 0.4079117884006598 0.028191918722133814 0.025909282132453627 0.031540901336727115
0 0.1888746318950268 0.06237437269254427 0.025909282132453627 0.031540901336727115
3 0.3240907178675464 0.03503171737745252 0.036801318025830906 0.030105670671545227
0 0.23888139660951718 0.8147732140356346 0.025954746239076343 0.03310340133672725
0 0.2393504095416409 0.7717953733688621 0.02255696159934022 0.02369203866963616
0 0.4017286698999751 0.24069191872213383 0.029079746239076342 0.033139764003817976
0 0.030633605239356494 0.4512903273392725 0.05523306927947217 0.019386346674090404
0 0.7584978439565854 0.36128896610435884 0.052108069279472244 0.019349984006999676
5 0.014865167392692686 0.43696419800286357 0.029730334785385372 0.017678396005727137
0 0.1861621912118761 0.42418402936027155 0.04925585391920828 0.02868862133990895