0 0.2210984054960088 0.9288765120657174 0.024674668320799585 0.027380955534962937
0 0.2947306505336101 0.8518899153310949 0.02630994292790545 0.028998019237293705
0 0.17687537054982072 0.9171924784004535 0.024674668320799585 0.027380955534962937
0 0.13581372290718557 0.9063988221398513 0.026164393713693723 0.025873019237293703
0 0.2558093916422699 0.7865724501774853 0.024601893713693722 0.025818455534962936
0 0.0837481470189534 0.7095858203257528 0.02630994292790543 0.028998019237293705
0 0.2005675816746912 0.9234796839354165 0.024674668320799585 0.027380955534962937
0 0.13713647435492765 0.8510664813956785 0.02630994292790545 0.028998019237293705
0 0.7868943401562558 0.2154539737607662 0.02630994292790536 0.028998019237293705
0 0.721740336846487 0.47447182049538894 0.02809076674922295 0.03374008293962447
0 0.6069372822555917 0.5383210109694092 0.02958049214211709 0.032232146641955416
0 0.09311680065744457 0.8939881021769182 0.027799668320799588 0.02749008293962447
0 0.6922028099630695 0.8283309412766287 0.02630994292790536 0.028998019237293705
0 0.17219421691132955 0.7329538876562808 0.024601893713693722 0.025818455534962936
0 0.2131467026433059 0.741403793916883 0.02630994292790545 0.028998019237293705
0 0.2668839404421969 0.9406151094333124 0.026382717535011223 0.030560519237293703
0 0.35123536165848057 0.8593229586150057 0.027945217535011224 0.03061508293962447
0 0.1005782361417519 0.8029910799443997 0.02630994292790545 0.028998019237293705
0 0.16536848221281047 0.8208531917399646 0.02630994292790545 0.028998019237293705
0 0.09689246401584542 0.8410813569862416 0.024601893713693722 0.025818455534962936
0 0.040511877374246275 0.7860739092558271 0.009267992142117154 0.03152281851165419
0 0.2447906166208793 0.9351637176006804 0.02630994292790545 0.028998019237293705
0 0.061691210501188753 0.7049156784931208 0.026382717535011292 0.030560519237293703
0 0.12633806141081155 0.7531919765863551 0.02630994292790545 0.028998019237293705
0 0.12040058457017536 0.8099231262235354 0.02630994292790545 0.028998019237293705
0 0.10736758353671805 0.7143105258607158 0.02794521753501127 0.03061508293962447
0 0.3310405239834241 0.7104216671451935 0.026164393713693723 0.025873019237293703
0 0.2910448784077036 0.889980192372937 0.02958049214211709 0.03223214664195524
0 0.5656573107916391 0.5228398547088069 0.034267992142117266 0.0323958377489479
0 0.271295304586386 0.8846106460938012 0.02630994292790545 0.028998019237293705
0 0.2845465136443419 0.7002182879264331 0.02452911910658786 0.024255955534962938
0 0.2587866883752823 0.7500173912844778 0.02630994292790536 0.028998019237293705
0 0.3008500638920109 0.7990650156939146 0.024601893713693722 0.025818455534962936
0 0.27505385131939836 0.8480828690519593 0.02630994292790545 0.028998019237293705
0 0.2504712282838691 0.8394246316658309 0.02630994292790545 0.028998019237293705
0 0.3105824747692124 0.7065873390148922 0.02452911910658786 0.024255955534962938
0 0.3570037105011888 0.7152282182336526 0.024601893713693722 0.025818455534962936
0 0.05181540446255149 0.8278075414698123 0.024601893713693722 0.025818455534962936
0 0.10580723758949398 0.747795148456054 0.024601893713693722 0.025818455534962936
0 0.6104433877133285 0.814556128755424 0.026382717535011223 0.030560519237293703
0 0.23004956637321028 0.8363715535355298 0.024674668320799585 0.027380955534962937
0 0.071601365587422 0.8339583377489479 0.024601893713693722 0.025818455534962936
0 0.28258806141081155 0.7586483468194407 0.024601893713693722 0.025818455534962936
0 0.07688602501688142 0.7967038744094369 0.02630994292790545 0.028998019237293705
0 0.08133377646462348 0.7414806610699257 0.024674668320799585 0.027380955534962937
0 0.2647605525194714 0.6940674916472975 0.024601893713693722 0.025818455534962936
0 0.33831367658845796 0.7995932945498552 0.024601893713693722 0.02581845553496276
0 0.3052806987143645 0.7602207705032381 0.02630994292790536 0.028998019237293705
0 0.18660778142702222 0.8247148017214313 0.024674668320799585 0.027380955534962937
0 0.3102165634777262 0.9499281112474108 0.024601893713693722 0.025818455534962936
0 0.21474774399963475 0.775778793916883 0.024674668320799585 0.027380955534962937
0 0.8114234592628436 0.23970992929572904 0.022893844499482084 0.022638891832631992
0 0.1821043719975628 0.8619965469121078 0.02630994292790545 0.028998019237293705
0 0.19027428287476428 0.7694643065307547 0.026382717535011268 0.030560519237293703
0 0.24678545615796255 0.877514908707673 0.02630994292790536 0.028998019237293705
0 0.28028285276714043 0.7928869375636134 0.024674668320799585 0.027380955534962937
0 0.6494781166208792 0.949295716504372 0.026382717535011223 0.030560519237293703
0 0.11894940053361007 0.8457514988188738 0.024674668320799585 0.027380955534962937
0 0.9283500175732833 0.7071008151379112 0.04938356989237604 0.02200397477225664
0 0.1607922981762452 0.8565724369306412 0.024674668320799585 0.027380955534962937
0 0.10794547228801303 0.6597321532653775 0.024601893713693722 0.025818455534962936
0 0.14839284387580026 0.7243229321213179 0.024674668320799585 0.02738095553496276
0 0.3432452332462678 0.9222222626986898 0.03910104135632882 0.035684528855940555
0 0.06009447725041176 0.737619051088459 0.024601893713693722 0.025818455534962936
0 0.9115628937091845 0.9905270905549137 0.04542381596343468 0.01894581889017246
0 0.3927550816746912 0.9301910193221117 0.04945634449948209 0.02356647477225664
0 0.22629101964019793 0.8728993305773718 0.02630994292790545 0.028998019237293705
0 0.24352125330525967 0.690205881665831 0.02452911910658786 0.024255955534962938
0 0.3768260589296122 0.7221602645127883 0.026382717535011313 0.030560519237293703
0 0.16825373366055257 0.7655754146981227 0.024601893713693722 0.025818455534962936
0 0.399182710086904 0.8672371515360968 0.04633134449948191 0.02345734736759475
0 0.04108976612554126 0.7314955366604888 0.015226893713693724 0.02549107332097762
0 0.23605981782095237 0.7812029038983496 0.021331344499481996 0.022584328130301045
5 0.32857684180888563 0.5403001401033515 0.05904966832079959 0.0285813569862416
0 0.7230116226212445 0.18358392566753196 0.02630994292790554 0.028998019237293705
0 0.4001266259265043 0.8540104652384276 0.046331344499482084 0.023457347367595104
0 0.41109405107172936 0.7545561022617363 0.04625856989237605 0.02189484736759475
0 0.34975209842391425 0.9614484538056823 0.023330492142117087 0.03201389183263181
0 0.1493217971427879 0.7610144002701524 0.024601893713693722 0.025818455534962936
0 0.39375250144323287 0.901366614875608 0.046331344499481994 0.02345734736759475
0 0.1286432700544827 0.7189533858421822 0.02630994292790545 0.028998019237293705
0 0.41242111062502324 0.7663021341129017 0.04625856989237622 0.02189484736759475
0 0.4030140314270222 0.8322718744942549 0.04306079528527036 0.020223219962933213
0 0.4067361908564816 0.7949628474524129 0.04306079528527036 0.020223219962933036
0 0.40463003535596365 0.816728720047751 0.046331344499482084 0.023457347367595104
0 0.043972863520507395 0.6426785733209777 0.022893844499482008 0.022638891832631992
0 0.40330297580266966 0.8049826881965856 0.044623295285270356 0.020277783665263983
0 0.409133444785423 0.7794469748570745 0.044623295285270356 0.020277783665263983
0 0.0504562657112565 0.8823586322139851 0.01984161910658786 0.02409226442797028
0 0.0636496627347191 0.6464856196001134 0.030924668320799587 0.027599210344286362
0 0.32844002460259664 0.9560243438242157 0.02318494292790545 0.028888891832632168
0 0.205466943337681 0.8277133161494016 0.024674668320799585 0.027380955534962937
5 0.9845966706973005 0.721565108421822 0.03080665860539895 0.01671627404661713
5 0.2850346269599615 0.9451488420101173 0.02630994292790545 0.028998019237293705
0 0.067117226836127 0.8884003010884591 0.02609161910658786 0.024310519237293705
0 0.15552690942495023 0.910987118418987 0.024601893713693722 0.025818455534962936
0 0.11286637447876213 0.8993576484560538 0.027799668320799588 0.02749008293962447
0 0.2025988085153274 0.866612125042409 0.027945217535011314 0.03061508293962447
0 0.14174904569504584 0.8161284862050019 0.02787244292790545 0.029052582939624472
0 0.051032000409775555 0.7942410733209777 0.029726041356328857 0.03535714664195542
0 0.23438600185751762 0.7452654038983495 0.018351893713693723 0.025600200725639333
0 0.1917982415184354 0.7351984339354164 0.02482021753501131 0.030505955534962936
0 0.044884700162106536 0.6957490096186468 0.026455492142117155 0.0321230192372937