3 0.6169158746817266 0.1539861936027236 0.13421246268299925 0.12959965471124751
0 0.14229297075904118 0.6898651653549093 0.0676602146721816 0.04532320767745457
0 0.4277662994111783 0.6028832434668375 0.04424089600572696 0.04524679802252862
0 0.5152106607256336 0.47004860015555644 0.03475680800445424 0.0352162341605581
0 0.5307543920671333 0.5312428262703429 0.04585794000636341 0.05004355866619044
0 0.4783902713637714 0.25748861599499834 0.050418170671545325 0.039433840597175515
0 0.6003930880410435 0.34408131587878277 0.06286362667090888 0.0356204257464694
0 0.46584646005727015 0.4541068898802118 0.04429544000636341 0.04993429802252862
0 0.5562549260820872 0.6430926162470999 0.0442590773392725 0.046809298022528624
0 0.48143564473263334 0.5192073659949983 0.0426965773392725 0.04670003737886681
3 0.08811071670113477 0.2598609550795646 0.10050907733927246 0.05074268119435103
0 0.8376696527689044 0.8110877714625504 0.05835794000636341 0.05091764381548423
0 0.5684293041056315 0.8172403104309012 0.05052725867281786 0.04880884059717552
0 0.6977038927036802 0.3212226061076412 0.08164998933799979 0.04005655347041026
0 0.18710274737427085 0.31440062563025384 0.08006930800445433 0.03838479282674854
0 0.1910902660327712 0.2545721575612391 0.06749658267027261 0.03126070767745457
0 0.5676816800604518 0.4846463317182247 0.04585794000636341 0.05004355866619044
0 0.7980162594286775 0.7575750053710071 0.04892839600572714 0.0455745799535137
0 0.8774464840467706 0.40560794980690984 0.06913180800445425 0.03761996832111638
0 0.9278897373488174 0.17885406169140888 0.05684998400699968 0.055495883171822455
3 0.08852834003022589 0.22866558540139542 0.09106135200509066 0.043837117332380604
1 0.2946772480108176 0.10022850100840616 0.06697041868236298 0.12021394703379285
3 0.40710507001909 0.16897813703022024 0.06800566000954493 0.07501070767745462
0 0.590249212762541 0.7469495897639963 0.05054544000636341 0.05037134059717552
5 0.5471066454089512 0.5948354327069604 0.04585794000636341 0.05004355866619044
0 0.5838992154280411 0.7379187971893494 0.05054544000636341 0.05037134059717552
5 0.7815703627068619 0.35050555054354404 0.08172271467218159 0.04630655347041017
0 0.19929366470399829 0.28871221077954773 0.06749658267027261 0.03126070767745457
5 0.5283326574633577 0.9839781112158079 0.052126121339908946 0.03204377756838426
3 0.42645034209894994 0.7581334721795141 0.08224997334499946 0.09161905347041036
5 0.9211735907860854 0.9433864552547917 0.053724984006999675 0.05527736188449879
5 0.9032117420830417 0.6743797291400051 0.06464430267345449 0.05447968639013112
3 0.9385192493634531 0.5545096255533792 0.12296150127309388 0.09958437278026225
0 0.9736754993634531 0.5350929900357684 0.05264900127309389 0.05091764381548423
0 0.33994374733449995 0.032357939996427366 0.03926249466899989 0.019919016091543385
3 0.39104317067154526 0.06325266091543376 0.06333634134309048 0.07624542574646939