0 0.553125 0.17421875 0.03203125 0.06328125
5 0.60546875 0.70234375 0.0328125 0.07265625
4 0.9390625 0.4484375 0.06015625 0.03984375
0 0.6296875 0.84453125 0.028125 0.07890625
0 0.41484375 0.6109375 0.03828125 0.0359375
0 0.38984375 0.57421875 0.03671875 0.03828125
0 0.67421875 0.44140625 0.01640625 0.06953125
0 0.55 0.51953125 0.0390625 0.04140625
5 0.76640625 0.78203125 0.03515625 0.07734375
0 0.98046875 0.03046875 0.0390625 0.0296875
4 0.778125 0.35625 0.05 0.08671875
0 0.3328125 0.37109375 0.0375 0.0421875
0 0.6625 0.9078125 0.02890625 0.0671875
0 0.69296875 0.91171875 0.021875 0.0546875
0 0.6671875 0.0296875 0.01640625 0.059375
0 0.85234375 0.040625 0.02265625 0.0484375
0 0.6734375 0.68203125 0.02109375 0.08125
0 0.69375 0.815625 0.02265625 0.06171875
0 0.76015625 0.63671875 0.0203125 0.0671875
0 0.346875 0.81875 0.0359375 0.04296875
0 0.28515625 0.63125 0.03984375 0.03984375
4 0.7125 0.196875 0.03359375 0.1046875
0 0.06796875 0.75078125 0.0421875 0.04921875
0 0.190625 0.73359375 0.0375 0.0421875
0 0.71484375 0.69609375 0.0203125 0.0703125
0 0.7453125 0.725 0.025 0.0671875
0 0.44609375 0.29921875 0.03984375 0.04921875
0 0.7171875 0.81796875 0.028125 0.07578125
0 0.66484375 0.2203125 0.01484375 0.04140625
5 0.91484375 0.33671875 0.040625 0.03125
5 0.9234375 0.2953125 0.04609375 0.03125
0 0.26171875 0.16640625 0.02890625 0.06484375
5 0.66796875 0.9796875 0.021875 0.040625
0 0.62734375 0.9828125 0.0265625 0.034375
0 0.3 0.8578125 0.040625 0.05078125
5 0.45 0.9078125 0.04375 0.05703125
0 0.5875 0.9265625 0.02734375 0.07265625
5 0.95078125 0.1765625 0.04296875 0.0390625
3 0.98203125 0.34140625 0.0359375 0.0328125
5 0.1296875 0.01875 0.0375 0.0375