0 0.1421875 0.40703125 0.0390625 0.0265625
0 0.6640625 0.5546875 0.03359375 0.02578125
0 0.28828125 0.62734375 0.03359375 0.0265625
5 0.7109375 0.57109375 0.03984375 0.03046875
0 0.61015625 0.5625 0.0328125 0.02734375
0 0.90234375 0.16015625 0.0125 0.05625
5 0.68828125 0.4015625 0.03828125 0.028125
0 0.24609375 0.76875 0.01484375 0.06640625
0 0.4265625 0.82421875 0.01796875 0.06796875
0 0.41015625 0.94921875 0.0140625 0.0609375
0 0.57421875 0.95390625 0.01875 0.06328125
0 0.59375 0.95 0.01640625 0.0671875
0 0.6296875 0.82421875 0.01328125 0.05234375
0 0.7859375 0.41328125 0.0375 0.03203125
0 0.82421875 0.41484375 0.0375 0.04375
0 0.93203125 0.70546875 0.03515625 0.03828125
0 0.87421875 0.32578125 0.01640625 0.07109375
0 0.8484375 0.29453125 0.01484375 0.03828125
0 0.7484375 0.3015625 0.01875 0.053125
0 0.80078125 0.14609375 0.0328125 0.04453125
0 0.9015625 0.29375 0.0140625 0.06640625
0 0.87734375 0.18671875 0.01875 0.06484375
5 0.90703125 0.0375 0.0234375 0.075
5 0.628125 0.41640625 0.03984375 0.040625