0 0.38595753733163124 0.833563193944957 0.05276263050895835 0.052162484006999674
0 0.23325207105097157 0.7502068959659561 0.05098192496187508 0.042769302673454315
0 0.6373506103729859 0.20033997191282218 0.0411354526972918 0.08951703333863614
0 0.12385627441385343 0.8865994766470464 0.05890352773541672 0.04754770934118113
5 0.20884821704315898 0.926224503302047 0.06555357123840277 0.0648079346753633
0 0.1583020499650686 0.9838284653087286 0.03815461664124999 0.028561352005090867
0 0.3622089531754506 0.9478711419478205 0.0526898953265972 0.04903748400699968
0 0.47748846105923526 0.9613694732654576 0.059158100873680654 0.058485209341181135
0 0.2048523544859715 0.863006887969456 0.05268989532659729 0.04903748400699968
0 0.28481261141982567 0.8503608899586382 0.062137630508958354 0.05227157200827222
0 0.4769481728745827 0.7161296985996395 0.05268989532659738 0.04903748400699968
0 0.788181839287083 0.4313343385582777 0.05697865824437507 0.09907384667409058
0 0.9216443834556592 0.6367565405395059 0.057268292553055745 0.044404528007635946