3 0.06084340400215741 0.2401058299535138 0.10187011646291488 0.10208665990702759
0 0.33834536352223876 0.4704535196978396 0.03954717887824381 0.04168475544788173
0 0.35266564959114327 0.788258378732347 0.07869156603337357 0.04597877153942491
0 0.24401102385597423 0.8686182320668714 0.07087906603337349 0.04543246832111621
3 0.5674164670948548 0.6678358901323134 0.05360303482570909 0.07224634059717552
0 0.2783838653312611 0.5145205939513702 0.041109678878243815 0.04179401609154336
0 0.32391320782260075 0.8337294158591124 0.07564845318850325 0.04732275025210129
0 0.47331682779201856 0.38726359730556487 0.034859678878243726 0.04135697351689638
0 0.9024941519659926 0.6749206785195864 0.06232958163720568 0.030823665102807672
0 0.04790739201636979 0.3497322022295729 0.04587906603337355 0.04368429802252862
0 0.24401550938379582 0.4825386204344738 0.04259029172311406 0.040340776735204996
3 0.15765744402779078 0.8843746360218141 0.09858798620519008 0.06916489926336596
0 0.9274642537295863 0.8097709259216963 0.06232958163720568 0.030823665102807495
0 0.12525554330499372 0.5186021705506892 0.050484678878243816 0.04244957995351371
5 0.446875995023159 0.7590404083175437 0.09094590456798421 0.042165356688719055
0 0.049613734169025155 0.44170118094224947 0.054517081637205776 0.030277361884498966
0 0.09828252826698838 0.3306815534704102 0.049085953188503305 0.04546531930985207
0 0.4192356739014028 0.7960269560879707 0.07055151741285445 0.0391824683211162
0 0.9794628078349727 0.8016959819899967 0.04107438433005441 0.030823665102807495
3 0.9445367305509805 0.7765103116914089 0.11092653889803898 0.06183300050420293
0 0.5738379647200057 0.8200703794886517 0.03979284034363317 0.046372255447881726
0 0.9668521438253922 0.4622510697371805 0.0314071302577247 0.03488845222957302
0 0.538460470940042 0.3381101853048504 0.03814845318850324 0.04470049480421991
0 0.8824870256649966 0.9615248140371973 0.05229284034363317 0.047246340597175515
0 0.9321650418346558 0.750942229140005 0.0751571302577247 0.03794775025210164
0 0.2575888449777305 0.8306483385034886 0.07104284034363299 0.0485574683211162
0 0.8787003686106214 0.42884335401395424 0.03798467887824373 0.04157549480421992