5 0.2157156923654972 0.6813084706490626 0.08823638555165916 0.04422408510611113
0 0.5539489346581548 0.14955650968673656 0.038045470779006864 0.03212282218833336
0 0.5419315446389734 0.5795706647969796 0.04136138555165925 0.043133057370694415
5 0.11714182467074552 0.6712048124046877 0.0788068384737585 0.04088087955902786
0 0.4855179034052714 0.5688864315144796 0.041361385551659066 0.043133057370694415
0 0.42983491923358397 0.5105823158231602 0.042978432629559825 0.04629442496187508
5 0.6381573027533529 0.9472868012898615 0.036728432629559826 0.04614895459715314
0 0.5267644663114847 0.5159621064763547 0.039771612012708776 0.04153418977951393
0 0.44822245494739893 0.5797323593261462 0.042951159090609536 0.04473192496187508
5 0.7319930775101193 0.9096432905562853 0.028779564934808023 0.03815461664125017
0 0.211351520692986 0.7444624340799307 0.06619774431795715 0.03433993882958344
0 0.667196777189103 0.3739772410693756 0.04448638555165907 0.043205792553055566
0 0.20324732548481972 0.32491300028434045 0.04755683847375849 0.040153527735416715
0 0.2264719602224047 0.7159198599917362 0.07244774431795716 0.03448540919430556
5 0.6286168871699217 0.8033731471295491 0.06323638555165925 0.04364220364722229
0 0.7256982130617785 0.9516671363959727 0.03508411201270878 0.04142508700597247
5 0.3343662808392557 0.7231167237831947 0.07395569724005649 0.031396776785486226
0 0.8537012930174157 0.3213101020110424 0.06625229139585756 0.03746493882958344
0 0.1640933222384088 0.2740219943004168 0.05386138555165916 0.04342399810013893
0 0.1631167978853843 0.6207333401401043 0.08341251785690744 0.0363024823325695
0 0.47435253246410874 0.510837542171806 0.04610343262956 0.04636716014423605
3 0.4973242025117669 0.6636540708571532 0.11940456493480803 0.04026393692972228
0 0.08283896265803667 0.6297979091943056 0.06935001785690749 0.03597517401194459
5 0.6873390965848427 0.9015755642076396 0.035165932629559825 0.04611258700597247
0 0.7750343709378673 0.5568826196784729 0.047447744317957154 0.033903527735416716
5 0.3177106148487873 0.7531854302802086 0.08335797077900678 0.033177482332569494
0 0.03310596955789553 0.5544517638677083 0.04744774431795714 0.033903527735416716
5 0.9967852711033183 0.2122286555820147 0.006429457793363369 0.04084320554708336
5 0.10417067166921594 0.4202235406531945 0.06803297970746054 0.050001306420763926
5 0.038403170044362854 0.6342301828456598 0.05542388555165918 0.0434603656913195
0 0.7945397163081894 0.9939208394745143 0.0489556972400564 0.012158321050971565
0 0.6465799086802771 0.7139839920193061 0.08015115016215582 0.028417247150208345
0 0.9378128348170153 0.6660972315700702 0.08497501785690745 0.03633884992375016