0 0.0640625 0.18828125 0.05234375 0.0390625
0 0.15078125 0.18828125 0.03671875 0.03515625
0 0.4640625 0.1328125 0.046875 0.03359375
0 0.7 0.75546875 0.02265625 0.08828125
0 0.0921875 0.07734375 0.03671875 0.04140625
0 0.078125 0.0171875 0.05 0.034375
0 0.01640625 0.01953125 0.0328125 0.0390625
0 0.14140625 0.0125 0.04140625 0.025
0 0.21640625 0.0203125 0.0390625 0.040625
0 0.1015625 0.31015625 0.0484375 0.04296875
0 0.23125 0.18828125 0.0546875 0.04296875
0 0.32734375 0.1921875 0.05 0.0359375
0 0.74609375 0.34765625 0.053125 0.04765625
0 0.65 0.07265625 0.0453125 0.034375
0 0.89453125 0.0859375 0.0484375 0.04140625
0 0.8890625 0.01796875 0.05 0.0359375
1 0.9609375 0.26328125 0.078125 0.06328125
0 0.8046875 0.49765625 0.02890625 0.09296875