5 0.06484375 0.40703125 0.028125 0.021875
0 0.428125 0.425 0.03515625 0.02734375
0 0.63984375 0.39609375 0.034375 0.02421875
0 0.77109375 0.48671875 0.03515625 0.025
0 0.71875 0.42890625 0.03359375 0.02578125
0 0.91015625 0.5953125 0.025 0.02265625
5 0.44453125 0.5609375 0.0421875 0.025
0 0.88125 0.425 0.03203125 0.025
0 0.81484375 0.478125 0.03125 0.03828125
5 0.725 0.315625 0.03671875 0.0265625
0 0.45859375 0.88828125 0.0125 0.06171875
0 0.85390625 0.3515625 0.02578125 0.0359375
0 0.665625 0.9515625 0.0140625 0.0609375
0 0.64453125 0.8765625 0.01328125 0.0578125
0 0.93359375 0.05546875 0.0171875 0.0609375
0 0.5296875 0.946875 0.0125 0.05859375
0 0.625 0.87578125 0.0140625 0.05546875
0 0.5453125 0.946875 0.01171875 0.0546875
0 0.62734375 0.94609375 0.0125 0.05546875
0 0.4703125 0.7578125 0.015625 0.06171875
0 0.5625 0.94140625 0.01171875 0.05546875
0 0.88359375 0.19609375 0.01328125 0.046875
0 0.57890625 0.94296875 0.0140625 0.0484375
0 0.5984375 0.9390625 0.01328125 0.04765625
0 0.6453125 0.94453125 0.01796875 0.059375
0 0.93359375 0.18984375 0.015625 0.06328125
0 0.675 0.7421875 0.01015625 0.04453125
0 0.61171875 0.94296875 0.01328125 0.05703125
0 0.41796875 0.971875 0.0234375 0.05
0 0.9953125 0.56640625 0.009375 0.025
3 0.15546875 0.94375 0.0703125 0.084375
1 0.2296875 0.59765625 0.0828125 0.04296875
5 0.696875 0.47421875 0.04296875 0.03125
0 0.8203125 0.3265625 0.03984375 0.03046875
0 0.784375 0.20390625 0.01640625 0.0546875
0 0.8296875 0.0515625 0.02890625 0.05703125