0 0.17550890146847006 0.6657811331981234 0.02677598755244537 0.02533188672260849
0 0.12677448092768273 0.6069380068484772 0.029900987552445368 0.025568685062934547
0 0.591840606027929 0.501584304163118 0.03326278589277152 0.028930483403260432
0 0.10865421080645823 0.7368380717855428 0.029900987552445368 0.025568685062934547
0 0.08658106910947239 0.9068303404568748 0.0300193867226084 0.02713118506293455
0 0.09197804151507075 0.8652940358927715 0.0300193867226084 0.02713118506293455
0 0.5549200238694241 0.46538577241953155 0.02990098755244528 0.025568685062934547
0 0.6428586543682551 0.5085572771934164 0.033144386722608485 0.02736798340326061
0 0.19888258880648962 0.4104433603776066 0.029900987552445368 0.02556868506293437
0 0.2769996238740684 0.6315263775990461 0.026657588382282337 0.023769386722608487
0 0.08565257345914994 0.6178037292540756 0.029782588382282336 0.02400618506293455
0 0.0670722072819733 0.8338897479254076 0.009588487552445369 0.024029495850815152
0 0.2869135398414636 0.3215719597575511 0.031463487552445366 0.0256870842330974
0 0.2091501956596112 0.6792050157715469 0.02833848755244537 0.02545028589277152
0 0.2809291846619491 0.6116282746946167 0.026657588382282337 0.02376938672260831
0 0.6588854734545055 0.4740405672353726 0.03001938672260831 0.02713118506293455
0 0.2695548993938776 0.6767913334079049 0.023532588382282338 0.023532588382282428
0 0.08484801267126925 0.637938630498831 0.029900987552445368 0.025568685062934547
0 0.2162332643216544 0.27038704544054104 0.03326278589277143 0.028930483403260432
0 0.0683028205593649 0.8091265462657337 0.01583848755244537 0.024503092531467274
5 0.2762971937855115 0.40698831888575776 0.03326278589277134 0.02893048340326061
0 0.11756634690436671 0.6699349143170099 0.02833848755244537 0.02545028589277152
0 0.21827581930996506 0.6356209591328511 0.03158188672260831 0.027249584233097403
0 0.1941036908857264 0.5933975703356503 0.026657588382282337 0.02376938672260831
0 0.3103743506293443 0.3031538464801594 0.029900987552445368 0.02556868506293446
0 0.7060098498041517 0.5218869939999372 0.029900987552445458 0.025568685062934547
0 0.1792249747039054 0.6225639294638571 0.026657588382282337 0.023769386722608487
0 0.1440383715989833 0.9065236097529066 0.029900987552445368 0.025568685062934547
0 0.17333570790667321 0.9343768452307597 0.024621491701630215 0.017400987552445457
0 0.0891612788438015 0.23357136182749913 0.029900987552445368 0.02556868506293437
0 0.277988825734235 0.34730566556640985 0.03302598755244537 0.025805483403260433
0 0.1963084987738221 0.7660062761445092 0.026657588382282337 0.023769386722608487
0 0.16731881578548008 0.7319622402517376 0.029900987552445368 0.025568685062934547
0 0.35109628424238626 0.4305218298834199 0.03302598755244537 0.025805483403260433
0 0.15961398217708256 0.7942962968904335 0.029900987552445368 0.02556868506293437
0 0.8104838622517064 0.5065006375710229 0.03482528589277152 0.02904888257342364
0 0.1895033143355876 0.8299620323682865 0.029900987552445368 0.025568685062934547
0 0.27318846225635074 0.6529869805034755 0.02509508838228234 0.023650987552445456
0 0.12380376889504656 0.6292390593379882 0.029900987552445368 0.025568685062934547
0 0.1537317576968918 0.8396796518694554 0.02833848755244537 0.02545028589277152
5 0.1630956863123343 0.22519202199532423 0.03302598755244537 0.025805483403260433
0 0.9086845639113804 0.5108347852912934 0.03662458423309758 0.03229228174358649
0 0.21151725644749192 0.6591885136969544 0.02833848755244537 0.02545028589277152
0 0.1856329531327884 0.8506413852727158 0.029900987552445368 0.025568685062934547
0 0.0720655153705616 0.7255211408717933 0.029900987552445368 0.025568685062934547
0 0.10313883923069686 0.7768118763496462 0.026657588382282337 0.023769386722608487
0 0.06748568176216409 0.7880919958508151 0.01728258838228234 0.023058991701630303
0 0.11243560332863667 0.3767060551888033 0.029900987552445368 0.02556868506293446
0 0.26093045768295864 0.2862022222051057 0.03302598755244537 0.025805483403260433
0 0.15592121972952794 0.817319399794863 0.02833848755244537 0.02545028589277152
0 0.2919077705454317 0.2644698547785292 0.03326278589277143 0.028930483403260432
0 0.16491921805592083 0.25950782241024273 0.029900987552445368 0.02556868506293437
0 0.20224992283909438 0.7214041711654873 0.028456886722608397 0.02701278589277134
0 0.09942276599526154 0.8200290800839125 0.029900987552445368 0.025568685062934547
0 0.18194019068523376 0.8736644881771454 0.029900987552445368 0.025568685062934547
0 0.5340756502190702 0.5080818352820046 0.03229228174358649 0.03662458423309758
0 0.09446593071325689 0.3240779626573361 0.0300193867226084 0.02713118506293437
0 0.16956747740319775 0.7103832381771452 0.02833848755244537 0.02545028589277152
0 0.12305840769224738 0.6501552105827436 0.02833848755244537 0.02545028589277152
0 0.26802828819107843 0.6976482850675788 0.026657588382282337 0.023769386722608487
0 0.11561368321205659 0.6954201663916024 0.029900987552445368 0.02556868506293437
0 0.06969845458268091 0.7455376429463858 0.02833848755244537 0.02545028589277152
0 0.24681890686705482 0.8482869024941554 0.025213487552445367 0.025213487552445457
0 0.48912908050811976 0.44797220685776595 0.03326278589277152 0.02893048340326061
0 0.04539350374819956 0.558049298340326 0.007907588382282338 0.022348596680652123
0 0.11156572325401289 0.7137557692960319 0.029782588382282336 0.02400618506293455
0 0.12274337344986117 0.2462139944009226 0.029900987552445368 0.02556868506293437
0 0.21225154626573364 0.023074337557089746 0.037003092531467274 0.016785680913749556
0 0.14919854566425564 0.8618623051888032 0.02509508838228234 0.023650987552445456
0 0.07341452781811626 0.7023204392121193 0.029900987552445368 0.02556868506293437
0 0.07572238902091544 0.6815226871375268 0.029900987552445368 0.02556868506293437
1 0.3811175161957542 0.5601860190955392 0.04268625269929238 0.09178568091374953
0 0.11947574087643767 0.21334229481584108 0.031463487552445366 0.0256870842330974
0 0.10034572595330524 0.801456678839157 0.02833848755244537 0.02545028589277152
0 0.1724197902656709 0.6865196856876343 0.023414189212119307 0.021970088382282427
0 0.14683148487637493 0.8818788072633957 0.029900987552445368 0.025568685062934547
0 0.0695567446246372 0.7641692437762228 0.025213487552445367 0.025213487552445457
1 0.12399914274589305 0.3037896960605965 0.07339087842423861 0.04595296265733602
0 0.04692011495099874 0.5371923466806521 0.014039189212119307 0.021259693361304243
0 0.15038773445216766 0.5085247402517377 0.022301975104890737 0.04829579004195637
0 0.08834447865259762 0.8890983887972009 0.03134508838228234 0.02412458423309758
0 0.20000922615379793 0.5278201145267915 0.022183575934727705 0.046733290041956366
0 0.13999041164093962 0.9248592126573361 0.023058991701630217 0.017282588382282426
0 0.16368525292300698 0.7557665931561671 0.02833848755244537 0.02545028589277134
0 0.08097765146847007 0.6586179834032604 0.029900987552445368 0.025568685062934547
0 0.1947226879859414 0.7860819778041831 0.028456886722608397 0.027012785892771517
0 0.05526172075521317 0.3397495842330974 0.018845088382282337 0.023177390871793248
0 0.23767147905358293 0.3380364867272528 0.031463487552445366 0.02568708423309749
0 0.06704948050347545 0.2287887734452168 0.017400987552445367 0.024621491701630305
0 0.09061091536591721 0.5397262734452168 0.028315176764564676 0.04564438672260849
0 0.2518281448204855 0.3095921780139645 0.031463487552445366 0.0256870842330974
0 0.24165873280178252 0.8929482070582587 0.02689438672260831 0.026894386722608486
0 0.08585348300227516 0.5999533784242386 0.0300193867226084 0.02713118506293437
0 0.22440557490904242 0.5319990516643184 0.021946777594401647 0.04360829004195636
0 0.18937937947314581 0.5208005199207318 0.020384277594401645 0.043489890871793335
0 0.23888247200461304 0.5385333941957855 0.020502676764564676 0.04505239087179334
0 0.2649005203449391 0.5436119805034755 0.020384277594401645 0.043489890871793335
0 0.04850592573887942 0.5171166450209782 0.020762785892771408 0.027983290041956366
0 0.1584299904754523 0.7786712968904336 0.026657588382282337 0.023769386722608487
0 0.22723030251273285 0.9485586670163023 0.018134693361304244 0.013802390871793335
0 0.4726071991840962 0.5989660217948316 0.02867037427505359 0.050331886722608486
0 0.31028110747782156 0.38393024979950735 0.029900987552445368 0.02556868506293437
0 0.1626392807179013 0.5164439840279604 0.022301975104890737 0.04829579004195637
0 0.21407172615379794 0.5288857070582587 0.022065176764564674 0.045170790041956364
0 0.2516192703449391 0.5426055875570898 0.020621075934727708 0.04661489087179334
0 0.07793239399529289 0.48516882800932015 0.023982874275053745 0.049976689212119396
0 0.5087247271794831 0.08127088154773825 0.02445647095570589 0.056226689212119305
0 0.20159965001857758 0.7640769232400798 0.02642079004195628 0.020644386722608488
0 0.11866413777151559 0.49990675684847724 0.025545374275053767 0.050095088382282424
0 0.23923247242882031 0.9121834591328511 0.02040758838228234 0.023295790041956366
0 0.2786087454498298 0.5912565751095351 0.026657588382282337 0.02376938672260831
0 0.24474842801396451 0.24691457925871996 0.03146348755244528 0.0256870842330974
0 0.1989841354964305 0.7910654757295906 0.026657588382282337 0.02376938672260831
0 0.21182918423774183 0.23276864627037802 0.0331443867226084 0.02736798340326043
0 0.17834251661996148 0.9184441919114118 0.02833848755244537 0.02545028589277152
0 0.18053197865259762 0.8960839398368193 0.02857528589277143 0.02857528589277152
0 0.17805356101159528 0.648108381123531 0.026657588382282337 0.023769386722608487
0 0.09518555188803295 0.8461179834032606 0.031463487552445366 0.02568708423309758
0 0.1939181271980607 0.8062168790489386 0.02833848755244537 0.02545028589277152
0 0.09102438984610801 0.4939285213706244 0.023746075934727707 0.04685168921211939
5 0.04675509420507433 0.5760180483403261 0.008262785892771407 0.02703609668065212
0 0.1057426983589036 0.7599203742750538 0.03458848755244537 0.02592388257342364
0 0.23145586122602113 0.9325668141118729 0.023295790041956276 0.020407588382282425
0 0.23435479566425563 0.8683150599626881 0.018726689212119306 0.021614890871793337
0 0.24143266724001702 0.8284596545687478 0.017400987552445367 0.024621491701630305
0 0.2626546265733608 0.7189904888018452 0.02677598755244537 0.02533188672260849