0 0.01953125 0.37578125 0.03046875 0.02578125
0 0.21484375 0.35390625 0.03203125 0.02421875
5 0.76875 0.2953125 0.0359375 0.02890625
0 0.009375 0.4984375 0.01875 0.0265625
5 0.2125 0.4265625 0.03671875 0.02734375
5 0.7171875 0.296875 0.0359375 0.028125
0 0.38203125 0.371875 0.03359375 0.0265625
5 0.5859375 0.35390625 0.03984375 0.03046875
0 0.72109375 0.3578125 0.0359375 0.0265625
5 0.71171875 0.53984375 0.03671875 0.028125
0 0.66171875 0.3875 0.03359375 0.025
0 0.43515625 0.31328125 0.034375 0.02734375
0 0.55234375 0.9515625 0.01484375 0.05859375
0 0.84453125 0.45703125 0.0390625 0.03125
0 0.98046875 0.40703125 0.03359375 0.0265625
3 0.28671875 0.459375 0.065625 0.04375
0 0.83203125 0.396875 0.02734375 0.02265625
0 0.98125 0.44609375 0.03515625 0.02734375
0 0.1875 0.47734375 0.03125 0.025
0 0.06015625 0.61796875 0.0328125 0.02578125
0 0.815625 0.3 0.03828125 0.02734375
0 0.87109375 0.2875 0.028125 0.06328125
0 0.06953125 0.56953125 0.034375 0.02734375
0 0.91640625 0.365625 0.0375 0.02890625
0 0.92265625 0.02578125 0.0140625 0.0515625
5 0.94921875 0.73125 0.01953125 0.0625
0 0.56796875 0.94609375 0.01484375 0.0609375
0 0.67734375 0.73515625 0.01328125 0.04609375
0 0.63515625 0.9421875 0.0140625 0.05859375
0 0.6546875 0.94140625 0.0140625 0.059375
0 0.61796875 0.93984375 0.01328125 0.05390625
0 0.603125 0.9390625 0.0140625 0.046875
0 0.53671875 0.95546875 0.01484375 0.05625
0 0.65 0.86796875 0.015625 0.0625
0 0.62890625 0.875 0.0140625 0.0609375
0 0.675 0.94453125 0.01484375 0.0609375
0 0.58515625 0.934375 0.01171875 0.04140625
0 0.47109375 0.765625 0.0203125 0.0609375
0 0.77421875 0.1828125 0.0125 0.05078125
0 0.81640625 0.02734375 0.0265625 0.04375
0 0.87265625 0.165625 0.01484375 0.04765625
0 0.9234375 0.15703125 0.01640625 0.071875