5 0.43125 0.315625 0.04609375 0.03828125
5 0.76953125 0.303125 0.03828125 0.03828125
5 0.7171875 0.30078125 0.0390625 0.034375
0 0.16640625 0.4234375 0.03671875 0.03828125
0 0.02265625 0.40703125 0.03515625 0.0375
0 0.47265625 0.75859375 0.02109375 0.07265625
0 0.67578125 0.73984375 0.015625 0.053125
0 0.6109375 0.40078125 0.03359375 0.028125
0 0.6546875 0.3234375 0.04453125 0.046875
0 0.7390625 0.3578125 0.034375 0.03203125
0 0.828125 0.4015625 0.034375 0.02890625
0 0.8140625 0.3078125 0.03984375 0.03671875
0 0.88828125 0.271875 0.025 0.06484375
0 0.8265625 0.4375 0.03828125 0.03046875
0 0.92421875 0.03046875 0.0203125 0.0609375
5 0.925 0.1625 0.0171875 0.06875
0 0.875 0.165625 0.01328125 0.0609375
0 0.77421875 0.18125 0.015625 0.06875
0 0.64375 0.86875 0.01796875 0.06328125
0 0.5546875 0.8921875 0.03515625 0.0296875
0 0.53203125 0.9484375 0.01640625 0.071875
0 0.5484375 0.95 0.015625 0.06875
0 0.565625 0.9484375 0.01640625 0.071875
0 0.58203125 0.93984375 0.01640625 0.06328125
0 0.59921875 0.93984375 0.01328125 0.06484375
0 0.6171875 0.9421875 0.015625 0.0640625
0 0.634375 0.94453125 0.01484375 0.06484375
0 0.65234375 0.94140625 0.01796875 0.07265625
0 0.66953125 0.95234375 0.01875 0.07265625
3 0.1578125 0.96328125 0.071875 0.0734375
0 0.81953125 0.03515625 0.028125 0.05078125