0 0.3386249070554241 0.8922814270838518 0.0319045649348082 0.03968521287323483
0 0.4988017386359143 0.030825484993737395 0.03187729139585791 0.038122712873234696
0 0.6781518680984935 0.26780704290362306 0.03505683847375849 0.0414662341605581
0 0.7414137528393738 0.17264772619166108 0.03670115909060954 0.046262994804219915
5 0.7321263019458695 0.26794380069729323 0.036646612012708954 0.04313799480421991
0 0.7644597406645092 0.10376668621490417 0.06786933847375849 0.043760707677454616
0 0.11803830275664826 0.4438596246218477 0.06137387662320544 0.029261165102807674
0 0.09629216761202616 0.22870987202395762 0.06452615016215577 0.03104218639013112
0 0.0848109711827486 0.3327635874950824 0.056686376623205435 0.028933383171822414
0 0.16491548254683433 0.2614570340246722 0.05824887662320544 0.029042643815484225
0 0.15978765178371357 0.28137069627748823 0.06140115016215577 0.030823665102807672
0 0.0728564419617554 0.36488767264437627 0.06137387662320544 0.029261165102807674
0 0.07492745657225201 0.34909878167888364 0.05824887662320544 0.029042643815484225
0 0.0938353693163095 0.2672096433112811 0.05824887662320544 0.029042643815484225
0 0.25195933522405234 0.4532678395887693 0.06458069724005648 0.034167186390131124
0 0.08814447686479147 0.29967793588592806 0.05199887662320544 0.02860560124083724
0 0.8993568920444808 0.0794718905381641 0.059865923701106286 0.03227690445914595
5 0.9483807731319132 0.10967856058465031 0.06614319724005639 0.03427644703379289
0 0.8479598076279122 0.22699138274449396 0.05202615016215582 0.030168101240837242
0 0.09653367532266392 0.2873582523457885 0.056686376623205435 0.028933383171822414
0 0.9921210905023534 0.2081271322402909 0.01575781899529325 0.0342328883676025
0 0.29927684577735914 0.25127936866976297 0.04720228246740401 0.02202781930985207
0 0.08452459902377003 0.3163573374950824 0.05202615016215577 0.030168101240837242
0 0.09977172361838059 0.2488038507366342 0.06142842370110613 0.032386165102807674
0 0.6577593218313718 0.3990788222367182 0.02710797077900686 0.03310743094224948
5 0.4684302203719698 0.17296370851063383 0.03667388555165907 0.04470049480421991
3 0.030814586845610132 0.73468100259789 0.03751936525911972 0.09313799480421991
0 0.8822336217519414 0.12916588794027403 0.05202615016215546 0.030168101240837242