0 0.7580869333821789 0.8653269589256769 0.045469008897248565 0.04244203005422946
0 0.5952315173373866 0.4739939526791609 0.04534167490485981 0.039317030054229464
0 0.8154564926228073 0.3554974409716959 0.05002917490485963 0.03934430113146812
0 0.6937963513297755 0.47654626005714495 0.045214340912470875 0.03619203005422929
0 0.7105633345610425 0.7921485341594459 0.04384284190105418 0.040870439695149766
0 0.5339610252832331 0.9072655158126816 0.033987680836358794 0.06736930718159222
0 0.7673637742946499 0.9012190071302786 0.04703150889724857 0.042451120413308986
0 0.7523901013297754 0.4762053715916593 0.04853034190105419 0.040897710772388504
0 0.5947035712151696 0.7295263351927181 0.04052684091247087 0.03616475897699036
0 0.8109520178316781 0.4750832331261736 0.050220175893442943 0.04403180113146821
0 0.7167788424697078 0.8296212630822071 0.04384284190105418 0.040870439695149585
5 0.18265326288876232 0.4552955122966401 0.04872134288963732 0.04558521077238851
0 0.5863989812912818 0.6983172418085765 0.04208934091247087 0.03617384933607006
0 0.7600514096190016 0.35738264871902237 0.04527800790866543 0.03775453005422928
0 0.732604113724246 0.9303343353891099 0.04709517589344294 0.04401362041330899
0 0.5554196704562354 0.01639611787922613 0.029589340912470875 0.03279223575845226
0 0.6559037149796594 0.6205507901113743 0.032170512851581276 0.0611102168225127
0 0.7085844101132932 0.3600263805686497 0.045405341901054184 0.040879530054229285
0 0.6047616621276406 0.7654138382177804 0.04377917490485981 0.039307939695149584
0 0.6373553503411922 0.47218601298401114 0.04221667490485981 0.039298849336070064
0 0.8828031601132931 0.35901280553127235 0.04208934091247087 0.03617384933607006
0 0.7559368429639994 0.8317377541052167 0.03896434091247088 0.03615566861791066
0 0.6116947530401117 0.8013195219610016 0.032523339923887916 0.03143180718159222
0 0.9272070761209044 0.35562873029750325 0.04208934091247087 0.03617384933607006
0 0.9462674353221642 0.4782031670657867 0.050220175893442943 0.04403180113146821
0 0.400330124598661 0.9838421722321481 0.04020850593149898 0.028352258976990542
0 0.6099691324701453 0.624725205704223 0.03242518083635879 0.0673602168225127
3 0.3688360909868331 0.8246126179774219 0.06791169467652321 0.13317611436318444
0 0.6233326596190016 0.3581780551384889 0.037338173916276675 0.03458407825883123
0 0.5756685034600411 0.014788166083828044 0.038837006920082115 0.029576332167656087
5 0.3761844511023139 0.16113138007767042 0.04438135277546902 0.09242384933607006
0 0.5159020919754163 0.828445624223938 0.04393568380210837 0.08148634933607006
0 0.34406560676698283 0.5043682956705192 0.0352318458553869 0.0595658975406721
0 0.4838921107213155 0.5223092537124332 0.05267401384016459 0.06591589149054791
0 0.5238433596955513 0.12198200078556691 0.04393568380210837 0.08148634933607006
0 0.5973525024714579 0.010023398031651294 0.02908000494291585 0.020046796063302588
0 0.5304594101132932 0.36106268150372617 0.046904174904859805 0.03932612041330889
0 0.5748633261209044 0.357678606269957 0.04715884288963732 0.04557612041330898
0 0.9009231018240669 0.4776855374790956 0.0502838428896375 0.04559430113146821
0 0.9776587443342372 0.35845829362741566 0.044682511331525634 0.04556703005422928
0 0.7741058642185378 0.9324371908735001 0.048721342889637496 0.04558521077238851
0 0.7158994333821788 0.8655723986208266 0.05216467787060921 0.053415891490547554
0 0.6334702994663397 0.6261513503180287 0.03899351581733086 0.07520907825883114
0 0.6781607169568258 0.6297985250842595 0.039057182813525236 0.07677157825883114
0 0.698186715473951 0.6226491004162245 0.03899351581733086 0.07520907825883114
0 0.7175906314815622 0.6194104709277293 0.04693334980971962 0.07837953005422929
5 0.48904382022658643 0.7254524344305924 0.0404286818249421 0.07209316861791085
5 0.16960548174839235 0.30768016891249844 0.05305601581733077 0.07529089149054773
5 0.19427521790822788 0.2418960876286051 0.05586268083635879 0.06749657220870704
5 0.22054460475263546 0.10030348526747294 0.04588018577927464 0.09087043969514967