0 0.85 0.28984375 0.03125 0.02265625
0 0.06015625 0.21328125 0.02734375 0.02109375
0 0.28359375 0.37109375 0.02734375 0.02265625
0 0.09921875 0.2171875 0.025 0.0203125
0 0.315625 0.2234375 0.03125 0.02578125
0 0.2203125 0.2203125 0.028125 0.0234375
0 0.17890625 0.21640625 0.0296875 0.02265625
0 0.0171875 0.2140625 0.0265625 0.02109375
0 0.66015625 0.38203125 0.01953125 0.06328125
0 0.2640625 0.22578125 0.025 0.0203125
0 0.80859375 0.3234375 0.02734375 0.02265625
0 0.6421875 0.25078125 0.01328125 0.03984375
0 0.60625 0.05390625 0.0109375 0.0515625
0 0.5953125 0.39921875 0.0234375 0.0515625
0 0.60859375 0.54296875 0.01640625 0.05703125
0 0.84609375 0.36015625 0.0296875 0.021875
0 0.0046875 0.3578125 0.00859375 0.02421875
3 0.5453125 0.54140625 0.03984375 0.0984375
5 0.80859375 0.35859375 0.0328125 0.0234375
0 0.63671875 0.56328125 0.0140625 0.05546875
5 0.625 0.028125 0.01171875 0.0515625