0 0.9981807089542546 0.9281535985215846 0.0036385820914908605 0.05070137272903637
0 0.8626581252808837 0.8304340913945829 0.0604328889641522 0.054719193032477874
0 0.24282374434579043 0.29909043061464213 0.04224945499752568 0.09368609818322886
0 0.2034292944366475 0.12629078834076873 0.04364818068726608 0.0906886439408634
0 0.7062786504956545 0.8448957198734949 0.04735967887824373 0.04276132697140156
0 0.776951919378847 0.7090855077552216 0.05706222749876275 0.04977660151720879
0 0.5522385244218011 0.6961876686558485 0.05056656603337366 0.04457891848667046
0 0.7619144968321813 0.8377686171483381 0.04719590456798421 0.039636326971401556
0 0.9787639846212807 0.9891008269110584 0.04247203075743862 0.021798346177883232
0 0.2154876334214842 0.986734467578285 0.06134029172311406 0.02653106484343013
0 0.107813495023159 0.7361445362147367 0.058870388964152066 0.054591647274843426
0 0.2699251549066686 0.2818550042520638 0.040850729307785105 0.09668355242559432