5 0.22172891374711184 0.639067113076899 0.05144067363517104 0.055232874275053766
5 0.6534438324029597 0.9197450761584424 0.04094278939195171 0.0886606809137497
5 0.7019484928133639 0.8010076541677623 0.04296031570031093 0.09659158008391273
5 0.19405050575578203 0.5349590309183939 0.04464464206513994 0.04538427759440165
5 0.5981031559957783 0.8190337585220844 0.03534523677523325 0.07268048340326061
0 0.5301245136482897 0.5580711025034442 0.044462631541796326 0.042259277594401644
5 0.8581486160391293 0.3286851361211304 0.04391659997176518 0.03288427759440164
0 0.8592164192911322 0.9810685880815434 0.04299113680346807 0.037862823836913154
3 0.6988855500564697 0.11259542698827926 0.03256884727034208 0.10513778589277142
0 0.7236224266189428 0.37498960582743635 0.04437162628012441 0.04069677759440164
0 0.5397417083301482 0.5007321991840962 0.044462631541796326 0.042259277594401644
0 0.9917478842432192 0.10967687222368325 0.014320105233436919 0.03219719336130415
5 0.6917794343702762 0.22112997740319776 0.025970236775233246 0.07197008838228233
0 0.47684832422810325 0.6105323290582273 0.04758763154179615 0.042496075934727706
0 0.7238323421498445 0.10193061412580615 0.02311825256024882 0.07642079004195627
5 0.27175754777856964 0.45374584233097454 0.031598610495108835 0.0350620842330974
5 0.40011922425633806 0.6345366688904022 0.047769642065139804 0.04562107593472771
0 0.5436563926298372 0.5951925942050743 0.044462631541796326 0.042259277594401644
0 0.47328297944742276 0.5639649823775752 0.046116136803468065 0.04394017676456467
0 0.476195147820922 0.5139649823775752 0.04280912628012441 0.040578378424238615
0 0.7513694530684762 0.518337786741186 0.03627069994353036 0.06186138257342364
0 0.650843621230214 0.23686079856404066 0.024771757821920558 0.07810168921211931
0 0.9606974923898409 0.373336630522053 0.04566111049510866 0.03612767676456467
5 0.8862288424321931 0.41242151869455396 0.056871626280124585 0.04164397095570571
0 0.26815221857114324 0.17882835270393677 0.03516322625188959 0.06955548340326052
0 0.6133355009176332 0.9924715505267759 0.02845819994353036 0.015056898946448172
0 0.4477732871846388 0.3956760010489072 0.04115562101845249 0.038897479254075586
5 0.7147387922345491 0.1906971162003986 0.02468075256024882 0.0765391892121193
0 0.2950467744539822 0.8353044182657022 0.04179265785015547 0.04983497925407576
5 0.15166121053746112 0.02326266909089484 0.04355257892507773 0.026634277594401644
0 0.24571463238884225 0.8739399431608117 0.0519867052052021 0.06460787427505395
5 0.3933106982303275 0.9400529630815434 0.046100726251889504 0.07038427759440183
0 0.9640353240163417 0.4238102272027051 0.03334312101845249 0.03830548340326043
0 0.9004333685287909 0.18201196827963542 0.04968075256024882 0.0784335759347277