3 0.4716507608957633 0.050574346335596 0.07974176634364483 0.101148692671192
3 0.4372975402288585 0.067554942671192 0.08086722376899794 0.11138525025210155
3 0.159459569485079 0.8657728294493108 0.16182229282674848 0.09061356436617345
5 0.8670699736921235 0.8021606275487139 0.0377620799535137 0.0508412341605581
0 0.816950005371007 0.7365791862149041 0.03241901609154354 0.04113845222957302
5 0.790541416615417 0.44873497878955104 0.03576253737886681 0.04448197351689629
0 0.7749878364098016 0.327351651686029 0.03230975544788173 0.03957595222957302
0 0.7206709490506052 0.6059244019381305 0.032200494804219916 0.038013452229573017
0 0.7299866928464189 0.34619984067405013 0.032419016091543365 0.04113845222957302
5 0.7424306066118443 0.793604718397991 0.03598105866619043 0.04760697351689647
5 0.7476533381745124 0.8458392077543291 0.0377620799535137 0.050841234160558454
5 0.8439449220632987 0.4826840078705447 0.035653276735205 0.04291947351689647
0 0.705062738523159 0.48375982483460833 0.029075494804219913 0.037794930942249394
5 0.7382087382710575 0.40764543906489575 0.03576253737886681 0.044481973516896464
0 0.5197222741373151 0.022537737591627444 0.038669016091543364 0.041575494804219904
0 0.7334273111872058 0.7322137503289762 0.032419016091543365 0.04113845222957302
5 0.7335422896477808 0.65526883807616 0.032419016091543365 0.04113845222957302
5 0.8504020077167956 0.6423867898015299 0.03576253737886681 0.04448197351689629
0 0.6455880936223941 0.8906596708796654 0.032091234160558105 0.03645095222957302
0 0.3074664726837172 0.5461055496120124 0.040012994804219916 0.038559755447881726
0 0.25776784939925185 0.2732361321634163 0.06624771287323465 0.03572968639013112
5 0.695076097305565 0.40830635676559346 0.03576253737886681 0.044481973516896464
0 0.6748075199499411 0.3429927132022108 0.03532549480421991 0.038231973516896466
3 0.8809543411013785 0.13623534276773705 0.14335651609154354 0.04889595792955612
0 0.3801280765224445 0.5747825706472345 0.03710651609154336 0.0414662341605581
0 0.5426952344126598 0.07039072954585576 0.04045003737886681 0.04480975544788164
0 0.7486213504076581 0.534098678421234 0.03398151609154354 0.04124771287323466
0 0.282690347809768 0.5847363608760927 0.04313799480421991 0.038778276735204995
0 0.7122303823386432 0.5413538035472849 0.03263753737886681 0.04426345222957302
0 0.368688923904884 0.2764707567852639 0.07049817029858776 0.02980746832111638
5 0.8878706126408037 0.21268858212407532 0.07351390965492613 0.028463489608439828
0 0.22847383330770848 0.23603106310566577 0.06915419158591121 0.03282320767745457
0 0.4047092793330952 0.007209435507775724 0.036997255447881724 0.014418871015551449
0 0.9885645633193298 0.4297343344698638 0.022870873361340215 0.04135697351689647
0 0.8017206731485794 0.024800452054346007 0.0633412341605581 0.038636165102807665
0 0.04000691300912071 0.2240877100232431 0.050950494804219905 0.039324579953513794
5 0.9396187829393913 0.23419224152689982 0.07507640965492612 0.028572750252101552
0 0.9257412252816074 0.48481495440013445 0.03554401609154354 0.04135697351689629
3 0.06889029174146773 0.5360960371267653 0.0631227128732347 0.035511165102807496
0 0.7703389052154506 0.2271877607205363 0.0701703883676025 0.025119968321116383
0 0.15747291845700234 0.2535570527141056 0.0693727128732347 0.03594820767745457
0 0.7100944459485121 0.47712741258179225 0.030637994804219915 0.037904191585911205
0 0.8434050646182751 0.1718339891811113 0.05443612772394104 0.02246486188449901
0 0.3098202024047999 0.8379870470141224 0.01671760643661733 0.016717606436617415
0 0.04965433666190315 0.45186850259789 0.037904191585911226 0.030637994804219915
0 0.15174026861255885 0.7666087097711415 0.04426345222957293 0.03263753737886681
0 0.9897423381253361 0.1497354780332465 0.02051532374932776 0.01871714901126431
4 0.05380088728232178 0.4774858616323975 0.04291947351689642 0.035653276735205
3 0.9904550272394083 0.11915746738958474 0.017154649011263956 0.022967606436617372
0 0.08708936264080362 0.2686846620007145 0.06871714901126431 0.02657320767745457