0 0.38076731195517033 0.8351444845679203 0.02675339754067192 0.0343595894484217
0 0.2620470446885605 0.3098476239316371 0.0220477168225127 0.03096157366340586
0 0.2996147015008105 0.1849617450206768 0.02675339754067192 0.034359589448421435
0 0.3923355501495095 0.6742601924745455 0.02831589754067192 0.03445059471009326
0 0.400370243066113 0.5776659135353504 0.02674430718159222 0.03279708944842134
0 0.37209875555914484 0.2854630029837718 0.026735216822512696 0.031234589448421436
0 0.2747935261454044 0.6201480870999342 0.04707498789975162 0.037105157850155376
0 0.3653594388113869 0.604713531922967 0.02675339754067192 0.034359589448421345
0 0.2956317043294809 0.3063285108056924 0.0220477168225127 0.03096157366340595
0 0.39040995666717193 0.7462717003670533 0.020485216822512788 0.030870568401734032
0 0.6706554719888741 0.5572345032661205 0.05321590359079629 0.01871917889684287
0 0.5475613221105112 0.08611690841485282 0.026753397540672096 0.034359589448421435
0 0.2943282795632499 0.3509507660673642 0.023610216822512697 0.03105257892507769
0 0.3884894292452213 0.9534849608903968 0.023619307181592396 0.03261507892507751
0 0.21963631001026274 0.1396030133659411 0.02675339754067192 0.034359589448421435
0 0.2969078580184729 0.25701875554402054 0.023610216822512697 0.03105257892507769
0 0.827904890606785 0.5855884744680996 0.056340903590796285 0.018901189420186527
0 0.2202271833504379 0.2411655133659411 0.020485216822512697 0.030870568401734032
0 0.6481931020665446 0.1888863216678545 0.04696590359079611 0.018355157850155467
0 0.5467538427949665 0.35031591630736064 0.02519089754067192 0.03426858418674961
0 0.5456453398681003 0.2941114189381965 0.025172716822512698 0.031143584186749607
0 0.3473503030763757 0.7331493450630291 0.028352258976990452 0.04070059471009326
0 0.22231588241536143 0.06285850284259743 0.023610216822512697 0.031052578925077734
0 0.3692878938282388 0.47397176613795133 0.02675339754067192 0.034359589448421345
0 0.26096581283893305 0.2583306265624731 0.020485216822512697 0.030870568401734032
0 0.2175789063212707 0.1889582712584489 0.02675339754067192 0.034359589448421435
0 0.4092578670936592 0.22468512670364738 0.020476126463433175 0.029308068401734035
0 0.6548607377033598 0.12597679799033118 0.05321590359079611 0.01871917889684287
0 0.5287845719141193 0.21694197418575092 0.05321590359079629 0.01871917889684287
0 0.2233153010332723 0.10031300021176151 0.02362839754067201 0.03417757892507774
0 0.5462129664297293 0.25734716630736065 0.023592036104353474 0.02792757892507769
0 0.6531800630353248 0.10575530325200302 0.05947499394987581 0.02064569994353027
0 0.26541748438371016 0.35185311340829345 0.01737839754067192 0.033813557878390375
0 0.5318277586824027 0.20269746366240726 0.04696590359079629 0.018355157850155467
0 0.6487789093463328 0.15524706903701854 0.05165340359079611 0.018628173635171042
2 0.8921117945903646 0.338016253477882 0.0553420058537327 0.11568518415851478
0 0.6417663609453392 0.29320209534537783 0.05321590359079629 0.01871917889684287
5 0.05938617388246812 0.5357863105798135 0.05792158430895542 0.022117194681858264
0 0.6465533340143679 0.17569607692952632 0.050081813231716586 0.016974668373499167
5 0.22753919272021178 0.02035248442674596 0.028343168617910842 0.03913809471009329
0 0.6521942799560334 0.07064455588283894 0.050081813231716586 0.016974668373499167
0 0.6505510084860111 0.32551406640618263 0.048528403590796285 0.018446163111827295
0 0.6510453912941561 0.1418293111445108 0.05165340359079629 0.018628173635171042
0 0.970378736917793 0.6265257456559613 0.04384090359079629 0.0181731473268119
5 0.4003288155694076 0.4362141609045144 0.0298783975406721 0.03454159997176518
0 0.6757247670702181 0.6225864874811049 0.05791249394987581 0.020554694681858443
0 0.6389413427949665 0.3449466058687215 0.042269313231716586 0.016519642065139985
0 0.643428854895215 0.31029859008370597 0.05791249394987581 0.020554694681858443
0 0.6485976230455875 0.2584175716678545 0.06261817466803503 0.023952710466874017
0 0.6446186501729507 0.24614508482203412 0.05321590359079629 0.01871917889684287
0 0.5316454306199634 0.03702696103157131 0.061073855386194253 0.026986705205202122
0 0.44739769564707804 0.06381624516185117 0.026698855386194254 0.024984589448421433
5 0.54469994252382 0.13161141893819656 0.03460225897699054 0.041064615756780665