3 0.21171875 0.88046875 0.0671875 0.14921875
3 0.2671875 0.72265625 0.040625 0.09765625
3 0.09296875 0.528125 0.0796875 0.05546875
0 0.66171875 0.2171875 0.03671875 0.02890625
0 0.42109375 0.284375 0.03515625 0.02578125
0 0.87578125 0.45859375 0.0359375 0.0265625
5 0.33984375 0.64921875 0.0359375 0.06953125
3 0.8390625 0.93046875 0.06171875 0.13203125
0 0.58203125 0.675 0.0328125 0.03125
0 0.2609375 0.63125 0.02421875 0.071875
0 0.18984375 0.05703125 0.01640625 0.06484375
0 0.5703125 0.11953125 0.034375 0.02734375
0 0.3234375 0.15234375 0.0171875 0.07890625
0 0.54375 0.7453125 0.03203125 0.03515625
0 0.24296875 0.05390625 0.01484375 0.06484375
0 0.52890625 0.04140625 0.03125 0.0265625
0 0.575 0.77265625 0.03359375 0.0390625
5 0.065625 0.48671875 0.0484375 0.0390625
0 0.384375 0.56640625 0.03203125 0.053125
5 0.1140625 0.42109375 0.04296875 0.03046875
0 0.2453125 0.98984375 0.02890625 0.0203125
0 0.303125 0.01796875 0.01328125 0.0359375
0 0.2421875 0.16171875 0.0171875 0.0703125
5 0.5703125 0.2015625 0.04296875 0.03359375
0 0.7296875 0.94453125 0.0359375 0.04140625
0 0.1859375 0.17578125 0.01640625 0.0703125
0 0.2203125 0.2171875 0.01796875 0.07421875
0 0.2203125 0.0828125 0.0171875 0.065625
0 0.0171875 0.5734375 0.034375 0.0328125
0 0.2390625 0.721875 0.03046875 0.0609375
0 0.29375 0.60625 0.0234375 0.07109375
0 0.16796875 0.98671875 0.0234375 0.0265625