3 0.9581189950809594 0.36567384843293266 0.08376200983808105 0.05392982878371626
3 0.9562864580497432 0.7720330103435914 0.08742708390051349 0.08409251778268026
3 0.2843328086816833 0.9124485343270156 0.055404552238563554 0.10545378742738727
5 0.3753994696968467 0.03498700620525301 0.04308161465389251 0.04876713978475229
0 0.32962105947465287 0.28224730397172265 0.03642217887824373 0.04066354135632881
0 0.2531492492070305 0.6163012803980742 0.02984463025772479 0.03412244292790554
3 0.5272386086609988 0.07803703122664363 0.06494997060135788 0.07940070967712845
0 0.21756587403768837 0.5051839979330854 0.042754066033373575 0.042517139784752266
0 0.11588170680654793 0.1340046648061429 0.06898901741285454 0.03750430810555185
0 0.7088769487774892 0.540254433212505 0.034695904567984215 0.03746576674922295
0 0.10771616123824664 0.42650253391273074 0.05961401741285455 0.03706766046291676
0 0.28668436623577226 0.5090131652204276 0.028118355947465368 0.030924668320799497
5 0.3688351249421995 0.5224163856509231 0.03658595318850324 0.043788541356328994
5 0.4046110933958508 0.32339453474130025 0.05212906603337366 0.042953787427387445
0 0.30885710085908263 0.09525672622146367 0.0378209045679843 0.03761131596343472
0 0.3590739433504223 0.4108795721686877 0.03642217887824373 0.04066354135632881
0 0.7722500520114209 0.4942291497140589 0.03782090456798422 0.03761131596343468
5 0.3199195901164904 0.4557768492569929 0.03337906603337348 0.042080492142117266
0 0.6508166287873868 0.1795737983901514 0.08116146879233561 0.03183650496239872
0 0.4773171737898611 0.096808455957584 0.04464411465389269 0.048839914391858155
0 0.9371325028250752 0.6815557136105791 0.050484678878243726 0.04131851282028158
0 0.15652987675122182 0.5808603941279784 0.033133404567984304 0.03739299214211726
3 0.11158371042459252 0.23131631244877804 0.15977779172311407 0.04485023531769165
0 0.8045203194242756 0.5271850448754948 0.042672178878243726 0.040954639784752264
0 0.4244122540682705 0.9552631189017001 0.03658595318850324 0.043788541356328994
0 0.15595783016686773 0.19635696153915527 0.06200203301668674 0.023150709677128446
0 0.26336745420455615 0.7066715692732035 0.03346095318850324 0.04364299214211727
0 0.38085816937884703 0.6322815372224996 0.034859678878243726 0.04059076674922295
0 0.799963457711059 0.12642091150088325 0.0751571302577247 0.036232906533975304
0 0.9818508234388048 0.6683258134867446 0.03629835312239038 0.03946491439185813
0 0.07327364145054291 0.546363423697483 0.03140713025772479 0.03419521753501122
0 0.03830334068231732 0.2676219935898592 0.04942014586155703 0.021006012820281583
0 0.34946549072774585 0.16776527295447602 0.03296963025772479 0.034267992142117176
5 0.4169505568726611 0.8577160308123588 0.035187227498762755 0.04684076674922295
0 0.4055383440732193 0.7744497665443353 0.03674972749876275 0.04691354135632899
0 0.08132632236495163 0.20688139268023642 0.050818871551297516 0.017953787427387447
0 0.3316051198538169 0.6040324127392284 0.033297178878243724 0.040517992142117265
0 0.7298357434412793 0.22288284264196437 0.07688340456798422 0.03943068114108108
0 0.8384804030976462 0.1739658455374485 0.07219590456798457 0.03921235731976358
0 0.1529014292169281 0.2575855599675787 0.08404080732694626 0.0272945541766104
5 0.6437687686560499 0.2543019706398924 0.10320024310259512 0.03598034946188076
3 0.2677971681356516 0.3877203620772745 0.05450379353213632 0.08826628742738744
0 0.9225776006319399 0.4934927874318967 0.056652791723114146 0.04004711124870504