0 0.60078125 0.03046875 0.0375 0.03125
0 0.5140625 0.24609375 0.03359375 0.028125
0 0.63984375 0.09765625 0.03359375 0.03046875
0 0.38046875 0.9109375 0.01484375 0.06171875
0 0.81796875 0.59765625 0.03984375 0.02734375
0 0.6125 0.17265625 0.0359375 0.03125
0 0.71484375 0.60703125 0.03984375 0.028125
0 0.671875 0.4921875 0.03828125 0.02734375
0 0.73046875 0.48515625 0.03984375 0.02890625
0 0.60859375 0.13828125 0.03515625 0.03203125
0 0.64765625 0.128125 0.0328125 0.02890625
0 0.6421875 0.0578125 0.04140625 0.03203125
0 0.5765625 0.5046875 0.0359375 0.028125
0 0.51484375 0.284375 0.03359375 0.02890625
0 0.7859375 0.4796875 0.03984375 0.0296875
0 0.4046875 0.975 0.01484375 0.04921875
0 0.61796875 0.50078125 0.0375 0.0296875
0 0.91875 0.45859375 0.03984375 0.02890625
0 0.8859375 0.5828125 0.03515625 0.0265625
0 0.5859375 0.62109375 0.0328125 0.025
0 0.7671875 0.603125 0.034375 0.02578125
0 0.51328125 0.21328125 0.03359375 0.02890625
0 0.33046875 0.31015625 0.01328125 0.059375
0 0.57578125 0.3484375 0.0171875 0.05546875
0 0.63125 0.6140625 0.034375 0.02578125
0 0.4109375 0.07734375 0.01484375 0.06328125
0 0.32734375 0.09296875 0.01484375 0.06875
0 0.51328125 0.17734375 0.02578125 0.025
0 0.6203125 0.3421875 0.01640625 0.053125
0 0.55390625 0.35390625 0.0171875 0.065625
5 0.1796875 0.5703125 0.03984375 0.03203125
0 0.65078125 0.97421875 0.0140625 0.0515625
0 0.41484375 0.1609375 0.01328125 0.06328125
0 0.66171875 0.3421875 0.01484375 0.06171875
0 0.32890625 0.2078125 0.0125 0.0625
0 0.60078125 0.3453125 0.01484375 0.04921875
0 0.878125 0.9890625 0.021875 0.02109375
0 0.540625 0.6234375 0.03828125 0.0265625
0 0.9296875 0.578125 0.0421875 0.02421875
0 0.640625 0.02265625 0.03515625 0.02734375
0 0.60078125 0.00546875 0.0328125 0.0109375
0 0.403125 0.8671875 0.015625 0.0734375
5 0.20234375 0.721875 0.03671875 0.06015625
5 0.24140625 0.78125 0.0390625 0.06328125
5 0.29921875 0.9125 0.01953125 0.08984375
5 0.4359375 0.840625 0.01640625 0.0703125
5 0.4140625 0.265625 0.0203125 0.06875
3 0.27109375 0.18125 0.02734375 0.12578125
0 0.2609375 0.01640625 0.021875 0.0328125
0 0.45546875 0.4671875 0.0375 0.053125
0 0.5921875 0.8609375 0.01640625 0.07109375
0 0.67265625 0.97421875 0.0171875 0.05078125
0 0.69453125 0.97421875 0.01484375 0.05078125
0 0.87265625 0.46640625 0.04140625 0.02890625
0 0.98046875 0.571875 0.0375 0.03671875
0 0.60234375 0.1015625 0.03671875 0.03515625
0 0.6390625 0.346875 0.01328125 0.06328125