0 0.09766357633910115 0.2734585114199607 0.044750210345698996 0.036667840343633
0 0.5658609615328333 0.5203124157608023 0.04654003087881229 0.04456222749876275
0 0.4390891760351673 0.6673401447299032 0.039136707838416565 0.05821529172311415
0 0.4392446372387961 0.5386386126177276 0.04015363855894431 0.03954717887824373
0 0.4977952716411053 0.45980096166778794 0.04336956677218975 0.04283595318850324
0 0.8551925830030187 0.4106662573476309 0.041943459092057725 0.04744156603337348
5 0.43405938057487853 0.440859531885033 0.049665030878812286 0.04472600180902227
0 0.5534231460142847 0.4681767056748942 0.04341503087881229 0.04439845318850324
0 0.439329553773559 0.4879392497728574 0.043233174452321776 0.03814845318850324
0 0.5837902591046931 0.5735159808896648 0.04654003087881229 0.04456222749876275
5 0.6302644423325032 0.5353885391211222 0.046585494985435 0.04612472749876275
5 0.35874610965868897 0.7746779319304615 0.0429891335443795 0.08337906603337367
0 0.28279371192854463 0.6575889292169281 0.033386813011266 0.07507524310259513
5 0.03313807508545992 0.280997694482076 0.05118206677218971 0.04324538896415202
0 0.6243721435070022 0.493736627655733 0.04644910266556703 0.04143722749876275
0 0.6948725116119755 0.557495912481442 0.04644910266556703 0.04143722749876275
0 0.6958750704666065 0.5115249932141367 0.04984688730530316 0.050976001809022266
0 0.7997502282258807 0.5427107954527003 0.04346049498543501 0.04596095318850324
0 0.030260779162952743 0.3697735894391219 0.04006271034569899 0.03642217887824382
0 0.4959432666265404 0.5033871873575284 0.04488660266556703 0.041355340343632994
0 0.10369226748447025 0.31979792288534997 0.0415797462390763 0.034941566033373575
0 0.7136692903792168 0.77455725972248 0.040380959092057724 0.04735967887824373
0 0.027493480337451692 0.32828545228399214 0.0368922462390763 0.034695904567984305
0 0.08566133300301873 0.37033683344622814 0.043233174452321645 0.03814845318850324
0 0.34235160220334865 0.37208852046507224 0.03191524122451135 0.07811835594746527
0 0.7668541263517363 0.8062067294193268 0.045295779625171305 0.05541784034363317
5 0.8910909113871839 0.9741445440401627 0.03582985141192552 0.051710911919674626
0 0.6795032950645774 0.10971683174874744 0.03936402837152997 0.06602779172311406
5 0.6261131175762478 0.8752765547249546 0.04726745658477523 0.06956222749876276
5 0.4575078700835302 0.8445986855485061 0.041381169437756785 0.08173467887824373
5 0.37753687674744785 0.9379149163266293 0.04110838479802066 0.07235967887824372
5 0.3156289439818559 0.6600898094746528 0.03655727711788863 0.07680151741285464
5 0.3891048625616829 0.9065387635676672 0.05268238229073816 0.0948078889641522
5 0.323521663498755 0.770491720940042 0.04156302586424747 0.08798467887824372
0 0.44146899610606233 0.9790268379687838 0.04400606426490725 0.04194632406243244