0 0.6470116042583438 0.11044181127806489 0.021394838935304604 0.026917056006354433
0 0.30567167984777566 0.06779106655636595 0.02145850593149907 0.028479556006354434
0 0.7860648339923888 0.01684359009202101 0.02212966798477751 0.006631829545304757
0 0.6979109179847776 0.0184276351413268 0.020821835969555023 0.012854556006354424
0 0.3147296393530466 0.27092970332584115 0.021394838935304604 0.026917056006354478
0 0.7182234179847775 0.01878219114768122 0.020821835969555023 0.012854556006354424
0 0.6407960963496785 0.07285999066121387 0.023021005931498983 0.028506829545304768
0 0.43934627326888565 0.5127780584386911 0.02308467292769336 0.03006932954530477
0 0.4114361319758538 0.632517814120734 0.022957338935304605 0.02694432954530477
0 0.8648477030794803 0.18762942288373666 0.022957338935304605 0.02694432954530477
0 0.7416290844866804 0.018410044231936318 0.020758168973360823 0.011292056006354422
0 0.7534472880604521 0.19349186484878733 0.022893671939110405 0.025381829545304768
0 0.8858777860832859 0.18643511565956622 0.02133117193911005 0.02535455600635439
0 0.4450962075652855 0.5964127187471167 0.021522172927693362 0.030042056006354477
0 0.8274392504942917 0.016785088874205017 0.023628500988583313 0.005096603084255103
0 0.6664791872621494 0.10922023051494416 0.021394838935304604 0.02691705600635439
0 0.6623912065395213 0.20049011282019244 0.021394838935304604 0.02691705600635439
0 0.7785971852849831 0.10180892531936862 0.021394838935304604 0.026917056006354433
0 0.450783769351734 0.8892723745913151 0.024710839923887916 0.031659103084255236
0 0.6562393656270504 0.16447079220334143 0.02126750494291585 0.023792056006354388
0 0.6496007519771664 0.02070715543386626 0.021076503954332713 0.019104556006354422
0 0.9561810158173308 0.09163685875970738 0.02295733893530496 0.026944329545304745
0 0.7007069486308559 0.16368558806342612 0.02283000494291585 0.023819329545304767
0 0.9437247781746205 0.14997151013967916 0.021394838935304604 0.026917056006354433
0 0.29918821098814563 0.21522912824476323 0.021394838935304604 0.02691705600635439
0 0.6207793680985083 0.1755622508074836 0.02126750494291585 0.023792056006354388
0 0.7994137040680634 0.19117143424782237 0.021331171939110403 0.025354556006354435
0 0.914965766805914 0.09560160997752339 0.02302100593149916 0.028506829545304768
0 0.8370662598858317 0.06145270656895672 0.02126750494291585 0.023792056006354433
0 0.6515611358930055 0.2604145377391146 0.021203837946721472 0.022229556006354477
0 0.4719478676413978 0.5656536424482228 0.021394838935304604 0.0269170560063543
0 0.8682181007983027 0.09790840380901318 0.021394838935304604 0.026917056006354433
0 0.7090752055509382 0.19662081898870265 0.022893671939110228 0.025381829545304768
0 0.7958191773763177 0.0646362077867727 0.021394838935304604 0.026917056006354433
0 0.8222835182887888 0.10101008440997813 0.021394838935304604 0.026917056006354433
0 0.676099584980972 0.01960830559602204 0.02094916996194396 0.015979556006354423
0 0.37908920558811926 0.5858922301112024 0.02126750494291585 0.0237920560063543
0 0.6852000123572897 0.07051228652129857 0.021394838935304604 0.026917056006354433
0 0.7575671022811775 0.10300323254353905 0.021331171939110403 0.02535455600635439
0 0.9266871753991512 0.05755218505860127 0.02126750494291585 0.023792056006354412
0 0.7193070514063251 0.25613218668345433 0.02120383794672165 0.022229556006354477
0 0.6880132890490354 0.19703387621287308 0.02126750494291585 0.023792056006354388
0 0.6725593853987138 0.2584389805149441 0.021140170950527094 0.02066705600635448
0 0.4809368429639994 0.8437377321397971 0.02464717292769336 0.030096603084255234
0 0.7685165311403701 0.1609657370077659 0.021394838935304604 0.026917056006354433
0 0.6982451349044223 0.2565452439076248 0.021140170950527094 0.02066705600635448
0 0.6602955128515813 0.07241965989809314 0.021394838935304604 0.026917056006354433
0 0.4540135401119807 0.9863307865245939 0.02308467292769336 0.027338426950812077
0 0.8791038626613009 0.15430840827324005 0.02133117193911005 0.02535455600635439
0 0.6058507519771663 0.01994349634325674 0.021076503954332713 0.01910455600635442
0 0.3427206936879401 0.13401608441327345 0.02471083992388783 0.031659103084255104
0 0.8480011012925942 0.09989759780265875 0.02139483893530496 0.026917056006354412
0 0.815254926882026 0.06263337702365196 0.02126750494291585 0.023792056006354412
0 0.9099692020908972 0.18373285551329652 0.02133117193911005 0.02535455600635439
0 0.6914473537640523 0.1088753571381496 0.021394838935304604 0.02691705600635439
0 0.8323561966536897 0.15661520210472984 0.022957338935304605 0.02694432954530477
5 0.29113692494204085 0.4391478693163095 0.056886669961943956 0.01660684740221221
0 0.8620025928896373 0.06032658319216215 0.02126750494291585 0.023792056006354433
5 0.44404038494160325 0.6471394216692159 0.024710839923887916 0.031659103084255055
0 0.8741072979462838 0.24243965380901317 0.02120383794672165 0.02222955600635439
0 0.9761526176042168 0.17942323091868598 0.02283000494291585 0.023819329545304767
0 0.7124137697716635 0.10611854991397918 0.022957338935304605 0.02694432954530477
0 0.7514470948668037 0.06776516192668802 0.021458505931499162 0.028479556006354434
0 0.7224546146384672 0.1609424176087309 0.01801517095052709 0.020612508928453722
1 0.5695073226608633 0.35422699309684585 0.10902217292769337 0.03156937418757346
0 0.970214340912471 0.05284709414921078 0.01814250494291585 0.023737508928453742
0 0.9846309624710206 0.2342198250744873 0.021012836958138336 0.01754205600635439
0 0.6266884698853942 0.26310316111590915 0.02126750494291585 0.02379205600635448
0 0.7061982618629982 0.06853672929712815 0.021331171939110403 0.025354556006354435
0 0.8034830746380297 0.36767938716992166 0.04263316897336082 0.011673885551659158
0 0.09792809440969316 0.4490472004864673 0.04751166996194391 0.016443206168510117
0 0.6071572198853942 0.2627622418790299 0.02126750494291585 0.02379205600635448
0 0.9024140286689122 0.15159251135749513 0.021140170950527094 0.02066705600635439
0 0.9515598414067625 0.054863561681806707 0.02126750494291585 0.023792056006354433
0 0.7716322608744149 0.06499471793304243 0.021331171939110227 0.025354556006354435
0 0.7473909476422728 0.15981629423193633 0.021331171939110227 0.02535455600635439
0 0.8189131205699663 0.19073110348470163 0.02451983893530496 0.026971603084255103
0 0.8823150928896373 0.06068113919851657 0.02126750494291585 0.023792056006354412
0 0.28449435821267655 0.12285071347211085 0.024647172927693452 0.030096603084255102
0 0.9693786941822318 0.14729652353235978 0.02120383794672165 0.02222955600635439
0 0.8580737796574953 0.15550271549741046 0.021394838935304604 0.026917056006354433
0 0.9234122781746205 0.1496169541333247 0.02126750494291585 0.023792056006354388
0 0.5454636917107738 0.12818664447681766 0.045821835969555025 0.013290932629559826
0 0.9056252588972485 0.05796524228277168 0.02126750494291585 0.023792056006354412
0 0.801839661596168 0.38482597686149617 0.05063666996194414 0.016497753246410875
0 0.5467542776803288 0.1407002812462928 0.04425933596955502 0.013263659090609536
0 0.4112796230786052 0.5903575876596843 0.02126750494291585 0.02379205600635448
0 0.7776978715585494 0.19469585470251763 0.02126750494291585 0.023792056006354388
0 0.6663863453610952 0.0686225040538945 0.021394838935304604 0.026917056006354433
0 0.5322195923953458 0.05222811647364042 0.04744800296574958 0.014880706168510205
0 0.025770615627050363 0.15346591923687924 0.04027217292769344 0.03036933847375849
0 0.48923345710817506 0.9866307954530477 0.024774506920082116 0.026738409093904635
0 0.940354380455798 0.23969252921440262 0.021012836958138336 0.01754205600635439
0 0.7340752055509382 0.1970571956119081 0.02126750494291585 0.023792056006354388
0 0.6853936719391103 0.036945810060248906 0.047575336958138335 0.018005706168510206
0 0.9289778231551548 0.36284365705542404 0.05063666996194414 0.016497753246410875
0 0.5537510355889943 0.178295738632619 0.04419566897336082 0.011701159090609536
0 0.7933891971479813 0.15827711363097136 0.022957338935304605 0.02694432954530477
0 0.750338169999125 0.42374242653718464 0.04744800296574958 0.014880706168510116
0 0.8991616946765232 0.14841296427959447 0.021140170950527094 0.02066705600635439
0 0.5641420489348672 0.2417133563273707 0.04419566897336082 0.011701159090609536
0 0.6804581156270504 0.1648935320570717 0.019705004942915848 0.0237647824674041
0 0.8035653517868859 0.10146405194257406 0.021522172927693362 0.030042056006354435
0 0.5612571294672148 0.22839119601894517 0.04425933596955502 0.013263659090609536
0 0.8899976003040113 0.09594648335431794 0.021458505931499162 0.028479556006354413
0 0.5592171269957569 0.21664517247999485 0.04107066897336083 0.011646612012708868
0 0.5562685405319101 0.20176051217156932 0.04263316897336082 0.011673885551659246
0 0.7387428009120335 0.2541293559203336 0.01964133794672147 0.0222022824674041
0 0.5910706689733607 0.021246897723228513 0.01964133794672147 0.022202282467404084
0 0.7280414283649008 0.06813730884243292 0.019832338935304606 0.026889782467404078
0 0.6796357618629981 0.06807307913497238 0.021331171939110403 0.02535455600635441
0 0.9756804323192336 0.09119652799658665 0.013582338935304606 0.02678068831160272
0 0.5573535380604522 0.19006903571051967 0.04419566897336082 0.011701159090609536
0 0.6945219101132933 0.3759264894433979 0.039571835969555026 0.013181838473758489
0 0.9334385355889943 0.1849232085975516 0.024519838935304607 0.026971603084255103
0 0.5374482618629981 0.06559118709049144 0.04425933596955502 0.013263659090609514
0 0.9568760355889943 0.1853323116818067 0.02445617193911005 0.025409103084255102
5 0.7300283285923623 0.3851338940697805 0.06001166996194396 0.016661394480112966
0 0.5515518656270503 0.16264346509366864 0.04263316897336082 0.011673885551659158
0 0.8129204471479813 0.1586180328678506 0.019705004942915848 0.0237647824674041
0 0.5392481838021084 0.09060482385996661 0.04425933596955502 0.013263659090609514
0 0.9201692144481868 0.2424629732080482 0.02439250494291585 0.02384660308425506
0 0.9643821294672147 0.23542776906813287 0.019450336958138338 0.01751478246740401
0 0.9818150271860372 0.1459522118439625 0.011828837946721649 0.022065914772652385
0 0.8540017504942916 0.0172487390363608 0.01737850098858331 0.0049875089284537434
0 0.7666290844866804 0.01884642085514176 0.020758168973360823 0.011292056006354422
0 0.8079398339923888 0.017225419637325767 0.02212966798477751 0.006631829545304757
0 0.6308507519771663 0.02037987296646218 0.021076503954332713 0.019104556006354422
0 0.5653849194676523 0.023140634330547902 0.021394838935304604 0.02691705600635442
0 0.8952010479462839 0.24280784658484275 0.02439250494291585 0.02384660308425506
0 0.842318787071869 0.1903589565689567 0.02458350593149916 0.0285341030842551
0 0.7341932692773719 0.10415662945928394 0.021522172927693362 0.03004205600635439
0 0.9351827663116223 0.09361241598387779 0.02464717292769336 0.030096603084255102