3 0.21265788136197972 0.6537372377988909 0.12296733415618064 0.11966614474715094
3 0.4793719494662505 0.6123118329175454 0.11471842306201392 0.1005522717116218
0 0.8041485182361114 0.34961504962398726 0.025074041603124896 0.07140411910658787
0 0.7432077521842014 0.17899002646462345 0.026709276785486225 0.07460189371369372
0 0.5354745194703824 0.5080096306840152 0.03993532218833344 0.039319365177646406
0 0.3168537656706602 0.6039620237785364 0.03844555737069451 0.04237159057054054
0 0.4817137398351045 0.5117489067388631 0.03517508700597212 0.035976041356328814
0 0.25468042078090325 0.581556176797855 0.041643292553055565 0.04564213978475227
0 0.5788082518029519 0.5927506577723204 0.04149782218833344 0.03939213978475227
5 0.9584548117390975 0.37397084842391426 0.04142508700597212 0.03626713978475227
0 0.9198274164125003 0.32378675785337363 0.04458645459715278 0.037975188998963995
5 0.4235745847248615 0.5285511089723934 0.049528527735416716 0.04913101282028158
0 0.7534893291221876 0.08425972332147033 0.021512630508958352 0.052508569892376136
0 0.5933240402719449 0.545822153843379 0.04149782218833344 0.03939213978475244
3 0.8866467741231258 0.989706932793711 0.06388196846486097 0.020586134412577905
0 0.583493792171806 0.49229689350429673 0.043060322188333444 0.03946491439185813
0 0.2949702739356946 0.1666974642252424 0.03902743882958335 0.06737159057054058
5 0.503099083774931 0.5587887266312392 0.05120013050895835 0.05389128742738745
0 0.9043849075787851 0.36442887447876215 0.04774782218833309 0.03968323821317572
5 0.9188299204965628 0.415047458639162 0.04614895459715314 0.03804796360606986
3 0.3711775897588546 0.5908841350272414 0.06395470364722229 0.06541098428423435
0 0.33455433120947986 0.8279817206353831 0.04327852773541672 0.04883991439185813
0 0.5039114756830558 0.2919287123632156 0.04665810087368065 0.05992296360606986
0 0.9815169310879689 0.42044774213760794 0.036966137824062176 0.03477741439185813
5 0.4487934434823268 0.5726478653825342 0.05261716014423605 0.04771406203449331
0 0.28840668303309097 0.8570484824222074 0.043423998100139014 0.05508991439185813
5 0.4303591001111813 0.9206294470617348 0.04182513050895835 0.05345463978475209
0 0.3545161134102088 0.5456251389561828 0.0464398953265972 0.050547963606069855