0 0.38045341644018993 0.3429945986333112 0.032091234160558105 0.035757717535011314
0 0.15950323398533123 0.8014127584770554 0.030637994804219915 0.037247442927905536
0 0.37539457584301444 0.39292182402620535 0.02707595222957302 0.03085189371369381
0 0.3182036967816913 0.02265851984959491 0.029217606436617416 0.016934942927905438
0 0.27791791434650304 0.17283830231458364 0.0336537341605581 0.03583049214211718
0 0.3176524037028413 0.17625655479578298 0.028638452229572932 0.030924668320799587
0 0.6096774686500925 0.6405396484666955 0.04695140965492613 0.025547963606069857
0 0.3664130597514711 0.431693225597782 0.030310212873234654 0.03255994292790554
0 0.286282071403539 0.13168676343945412 0.032200494804219916 0.037320217535011316
0 0.25699377312890886 0.24789180624352505 0.03376299480421992 0.03739299214211718
0 0.31049510358662574 0.05443505872472441 0.02863845222957302 0.030924668320799587
0 0.2859286122134751 0.6411366920993359 0.05084123416055819 0.03663101282028158
0 0.4230901226050353 0.7196341813459689 0.053856973516896466 0.03521406203449331
0 0.2703896376112979 0.21324497849326604 0.02518567029858776 0.02609161910658786
0 0.17425877471839274 0.5567723465663966 0.05185743094224948 0.028891287427387446
0 0.2649769738458726 0.6605395095105127 0.04949725544788164 0.03968323821317572
0 0.3969910703951328 0.4315498304363462 0.02518567029858776 0.02609161910658777
0 0.2047118271803968 0.7713828101724666 0.027185212873234655 0.03241439371369381
5 0.27887594685856587 0.7756208540099947 0.03554401609154336 0.04059076674922295
0 0.3215276226050353 0.7149038318840881 0.0367787341605581 0.035976041356328994
0 0.11275854600571619 0.5507727495857152 0.06301345222957293 0.03252570967712849
0 0.22743377915786817 0.8163335911897132 0.04201253737886681 0.044006865177646404
1 0.782459768766308 0.7700752528909749 0.10596577673520517 0.04542812406898662
5 0.23843126331842637 0.7823588515287954 0.03554401609154336 0.04059076674922295
5 0.18455677237260423 0.46554803308416126 0.06555929802252858 0.046660984284234354