3 0.903125 0.54609375 0.1015625 0.1171875
3 0.97578125 0.15 0.04765625 0.0515625
0 0.25859375 0.17109375 0.0296875 0.06328125
0 0.4140625 0.43515625 0.0359375 0.0375
0 0.56640625 0.4984375 0.02890625 0.0296875
0 0.509375 0.5234375 0.04140625 0.0390625
0 0.7671875 0.428125 0.028125 0.0453125
0 0.71171875 0.5609375 0.02265625 0.06015625
0 0.5703125 0.44765625 0.03984375 0.0375
0 0.40546875 0.56640625 0.03671875 0.03828125
0 0.509375 0.4734375 0.03828125 0.0359375
3 0.6703125 0.0484375 0.02734375 0.096875
0 0.3078125 0.86796875 0.0390625 0.0515625
0 0.23671875 0.60703125 0.0390625 0.04375
0 0.7578125 0.65234375 0.02109375 0.078125
0 0.640625 0.15390625 0.01796875 0.07890625
0 0.70078125 0.1484375 0.015625 0.06640625
0 0.56484375 0.55234375 0.040625 0.0390625
0 0.98046875 0.00859375 0.0359375 0.0171875
0 0.35078125 0.8203125 0.034375 0.04453125
0 0.71796875 0.840625 0.021875 0.06484375
0 0.95390625 0.853125 0.04453125 0.05
3 0.7015625 0.04375 0.02265625 0.0875
1 0.878125 0.22421875 0.10859375 0.04765625
3 0.8375 0.34453125 0.0609375 0.0578125
0 0.3109375 0.61640625 0.03984375 0.04296875
5 0.45078125 0.55 0.040625 0.0390625
0 0.31875 0.60859375 0.03984375 0.04296875
5 0.74921875 0.73828125 0.028125 0.07734375
0 0.66875 0.16171875 0.015625 0.06640625
5 0.05234375 0.59609375 0.03984375 0.0453125
5 0.12421875 0.02265625 0.03984375 0.0390625
3 0.26015625 0.459375 0.07578125 0.06953125
5 0.19765625 0.9703125 0.04375 0.04609375
5 0.45859375 0.909375 0.03984375 0.0578125
3 0.5875 0.934375 0.06953125 0.13125
0 0.615625 0.965625 0.0359375 0.06875
0 0.9703125 0.25546875 0.040625 0.0328125
3 0.95234375 0.309375 0.0953125 0.04609375