0 0.16484375 0.3375 0.0296875 0.0234375
0 0.2109375 0.3734375 0.02734375 0.02265625
5 0.15234375 0.4140625 0.03125 0.02265625
0 0.2078125 0.334375 0.02890625 0.02265625
0 0.15390625 0.37421875 0.0296875 0.0234375
0 0.065625 0.3765625 0.028125 0.0234375
0 0.2015625 0.4046875 0.02890625 0.02109375
0 0.10390625 0.3375 0.03203125 0.02421875
0 0.2234375 0.234375 0.0296875 0.02734375
0 0.82421875 0.24453125 0.02890625 0.021875
0 0.6171875 0.28828125 0.0296875 0.02265625
0 0.16015625 0.27734375 0.0265625 0.02421875
0 0.0546875 0.41484375 0.03203125 0.02265625
0 0.8265625 0.20234375 0.03046875 0.0234375
5 0.94609375 0.20234375 0.0359375 0.02578125
0 0.7265625 0.20546875 0.02890625 0.02109375
0 0.71875 0.2421875 0.03203125 0.025
0 0.2875 0.4625 0.028125 0.028125
0 0.9859375 0.19375 0.028125 0.02421875
0 0.00703125 0.2734375 0.0140625 0.02578125
0 0.884375 0.5234375 0.03203125 0.02421875
0 0.9046875 0.19609375 0.02578125 0.0234375
0 0.7828125 0.63046875 0.01171875 0.0453125
0 0.62109375 0.5375 0.03125 0.025
0 0.409375 0.55546875 0.015625 0.05625
0 0.46640625 0.57734375 0.01328125 0.05546875
0 0.678125 0.534375 0.028125 0.0234375
0 0.75390625 0.51171875 0.01328125 0.0515625
0 0.8703125 0.203125 0.03046875 0.021875
0 0.84453125 0.63203125 0.01171875 0.0484375
0 0.76875 0.51328125 0.01328125 0.05
5 0.32890625 0.35 0.03125 0.05078125
0 0.67890625 0.62890625 0.0140625 0.0546875
0 0.34921875 0.97734375 0.0140625 0.0453125
0 0.34921875 0.68671875 0.0125 0.05078125
0 0.725 0.63203125 0.0140625 0.05390625
2 0.6375 0.8828125 0.109375 0.046875
0 0.90078125 0.62734375 0.01171875 0.053125
0 0.865625 0.6296875 0.0125 0.05625
0 0.7109375 0.53359375 0.028125 0.021875
0 0.9953125 0.62734375 0.009375 0.0578125
0 0.66328125 0.63046875 0.01328125 0.05546875
0 0.79609375 0.62734375 0.0109375 0.04921875
0 0.646875 0.63828125 0.0125 0.0546875