3 0.4609375 0.3375 0.08515625 0.0453125
3 0.84921875 0.91875 0.071875 0.153125
0 0.2203125 0.36875 0.0265625 0.04375
0 0.26171875 0.25625 0.028125 0.06171875
0 0.58671875 0.66953125 0.03359375 0.0296875
0 0.5984375 0.25703125 0.02734375 0.021875
0 0.25078125 0.403125 0.03203125 0.0515625
0 0.27578125 0.73515625 0.028125 0.0703125
0 0.2109375 0.8625 0.03125 0.0640625
0 0.2359375 0.77421875 0.0296875 0.06953125
0 0.55078125 0.73828125 0.03359375 0.03359375
0 0.23828125 0.03515625 0.0140625 0.0609375
0 0.240625 0.14609375 0.015625 0.0671875
0 0.58515625 0.7671875 0.034375 0.0390625
0 0.0890625 0.521875 0.03828125 0.03515625
0 0.4515625 0.54296875 0.03359375 0.03515625
0 0.1234375 0.44375 0.034375 0.03671875
0 0.740625 0.92890625 0.0359375 0.03828125
0 0.18359375 0.0984375 0.01171875 0.04765625
0 0.56328125 0.11796875 0.03359375 0.02890625
0 0.18203125 0.171875 0.015625 0.0578125
0 0.51796875 0.04140625 0.02734375 0.025
0 0.26015625 0.66875 0.02265625 0.06640625
0 0.56640625 0.89375 0.0328125 0.04296875
0 0.21484375 0.00703125 0.0140625 0.0140625
3 0.2109375 0.12265625 0.025 0.1484375
0 0.2453125 0.84296875 0.03046875 0.07109375
5 0.29296875 0.634375 0.021875 0.0921875
0 0.753125 0.87578125 0.0375 0.04453125
0 0.18359375 0.015625 0.0171875 0.03125
3 0.2015625 0.95703125 0.053125 0.0859375
0 0.65078125 0.9546875 0.01640625 0.0625
0 0.16484375 0.97265625 0.03203125 0.0546875