3 0.3951525197024967 0.9147680445903645 0.09135222872636942 0.12552724082661798
3 0.17534543364502547 0.06039312021691719 0.16311814441741398 0.10719539734428025
0 0.8121930113146816 0.489083806003242 0.03617384933607006 0.04083407825883114
3 0.36216275770044415 0.8841083970496927 0.08973518657189175 0.11614315046753809
0 0.6487138569383184 0.989286255559145 0.05795794574527395 0.021427488881710133
0 0.41900713445846494 0.7180384903356385 0.06430793969514959 0.042560204722264315
3 0.8112860589301082 0.8703156252850828 0.14412270472226432 0.06489881303532456
0 0.7084362313586481 0.37989009230398724 0.03619203005422929 0.04395907825883123
5 0.6370799027070333 0.602904890606785 0.04715680113146803 0.048710210772388504
0 0.44061501062731045 0.9408129150036736 0.042451120413308986 0.04555793969514958
3 0.7532316226528041 0.5598321223582164 0.056704517953980724 0.07845225292686635
3 0.8601300206844554 0.26905765231424994 0.05991133118569749 0.09253293364502539
0 0.5668275318027451 0.8813929840891227 0.039317030054229284 0.04397725897699019
0 0.24757756205336617 0.7936010508368805 0.06117384933607006 0.040979524004105095
0 0.8743258935336513 0.694907080007347 0.06120112041330898 0.04566702400410509
0 0.3607527102814092 0.3731799874087723 0.040870439695149675 0.04242384933607006
0 0.285094180128984 0.3938328549934108 0.04399543969514967 0.042442030054229286
0 0.2653220356133742 0.3523129755049156 0.047120439695149674 0.042460210772388506
0 0.8285452400410509 0.6141747095940382 0.048692030054229465 0.04403180113146821
0 0.19403895071524357 0.7221982286281735 0.06584316861791084 0.03788179508134384
0 0.24757704117251905 0.6592305960164204 0.06741475897699045 0.03945338544042354
0 0.4684809353935414 0.8964452914671067 0.044031801131468026 0.048692030054229465
0 0.7684263932390636 0.8888156404103931 0.0673693071815924 0.03164088544042372
3 0.8763934293434172 0.9160053751868868 0.08462953005422946 0.04424087939029917
0 0.9557662701934759 0.593821823859027 0.03619203005422946 0.04395907825883114
3 0.048289071717727686 0.37761191559284873 0.06429884933607007 0.040997704722264314
0 0.8936748154712116 0.5294002546753822 0.03929884933606971 0.04085225897699054
0 0.33123442368607636 0.67065443022718 0.06896816861791084 0.03789997579950324
0 0.16791681224975794 0.6634544877033599 0.07056703005422929 0.04415906615858276
5 0.02060495413308914 0.45322953912941555 0.03613748789975159 0.03458407825883114
0 0.7782553903121974 0.8326247277444108 0.056413626463433175 0.028452252926866352
0 0.3235002334999474 0.9526311380727023 0.042451120413308986 0.04555793969514994
0 0.0703014688656162 0.6699175902608838 0.07527271077238853 0.047311337235821684
0 0.4768615828360175 0.9927243520665445 0.03603749394987581 0.014551295866910863
0 0.3282457790722707 0.6940737495090208 0.06895907825883114 0.036337475799503235
0 0.15324824072842197 0.15635506001026273 0.05021816861791084 0.03779089149054773
0 0.9198888992891877 0.872509905241116 0.020421584308955687 0.01886817466803521
4 0.027490758387815256 0.42827044574527384 0.050245439695149684 0.04247839149054773
5 0.016472486917792947 0.6828852228726369 0.02536361436318471 0.06264544574527378
5 0.3728326129884426 0.97244873438371 0.0361102168225127 0.02989657825883114