3 0.11539285920973437 0.8231011567140541 0.12043246832111634 0.06942268657189174
5 0.5361720828035054 0.1008291634515494 0.040559298022528625 0.04396816861791084
0 0.46954195767745455 0.06448311817381372 0.038778276735204995 0.04083407825883121
0 0.7429073099266981 0.4083457059006147 0.030747255447881726 0.03766362646343317
0 0.3931426206865753 0.29080069935951114 0.0722791915859112 0.028534066158582762
0 0.3606843078330111 0.5754802263886785 0.03532549480421991 0.0361283975406721
0 0.33913818169855414 0.24500238602959873 0.0722791915859112 0.028534066158582762
0 0.33629704098516305 0.3161415878249968 0.06312271287323465 0.03160452400410509
0 0.3099259291006641 0.2631483980316513 0.06602919158591121 0.028497704722264317
0 0.15113398123369198 0.7306682170189045 0.04470049480421991 0.03618293969514959
0 0.05705801919363651 0.1677051295866911 0.061997255447881636 0.03784543364502548
0 0.291437281097806 0.5352415666495622 0.04157549480421992 0.03616475897699054
0 0.8761682881351713 0.25750939286528984 0.07006112772394105 0.019149975799503238
0 0.10689230833721419 0.7238914970731338 0.04426345222957293 0.029932939695149586
3 0.17596083850348856 0.21390744301479936 0.11508940445914591 0.060020415494652826
0 0.24074995818165768 0.21274894311299525 0.05988845222957302 0.030023843285945873
0 0.9794304099070276 0.19746625147293798 0.041139180185944826 0.019068162567786606
0 0.26164587429287156 0.5674591690106944 0.0383412341605581 0.03458407825883114
3 0.8671649927105329 0.19581791394252873 0.10676345222957302 0.03029655405833438
0 0.7593085700661566 0.2628786697962612 0.053638452229573017 0.029987481849627427
0 0.047513774389416605 0.13180853620254934 0.04113845222957298 0.029914758976990453
0 0.04659576659574647 0.18574205727978824 0.039794473516896446 0.03303066861791084
0 0.43381653319149294 0.36950241628021974 0.0570912341605581 0.03469316256778665
3 0.9453499768710912 0.22975203152716722 0.09716993094224975 0.027117011903856715
0 0.9738031227802623 0.26079295326833607 0.05239375443947551 0.020721566158582762
5 0.8399854976542116 0.08655654343102395 0.06991901609154354 0.03945338544042354
5 0.14521358305560692 0.17657106947823248 0.07918475544788164 0.03794542759490129
0 0.18779420298587762 0.2490091508603217 0.05051345222957297 0.029969301131468208
0 0.14009330238512946 0.5392483314802851 0.05709123416055819 0.03469316256778647
0 0.09814074916682078 0.5316767259958949 0.06512225544788164 0.03786361436318479
0 0.986687847974256 0.5389770406023535 0.026624304051487968 0.04083407825883114
0 0.9161366323386432 0.5831906489154142 0.032200494804219916 0.0361102168225127