0 0.14665908320741222 0.4934793198443998 0.03338118506293446 0.030675915152690792
0 0.22816919233561891 0.46953189468976947 0.036624584233097404 0.03249350666795969
0 0.20759566059203244 0.43662367090256654 0.0350620842330974 0.032365960910325245
0 0.19233843611184162 0.484247969994181 0.03842388257342351 0.035746052425594324
0 0.15293147137991311 0.42064772666214073 0.03338118506293446 0.030675915152690792
0 0.5388143848717306 0.6477694964968423 0.029380769296031773 0.059853232122152634
0 0.10869621930532067 0.42818903075472503 0.036624584233097446 0.03249350666795969
0 0.2162360321677938 0.3950420777203075 0.03013778589277134 0.02885832363742171
0 0.1898143195104577 0.3264514454483738 0.03686138257342355 0.03561850666795978
5 0.8959422298787756 0.059712805421218464 0.04322978174358667 0.03769118969849792
0 0.5032204269882793 0.6656105718012538 0.024219672615379828 0.053220594849248924
0 0.30120822510489076 0.022577533170621018 0.021709979254075584 0.04059304909161442
0 0.5455999489836035 0.8099346566485632 0.03286096680652086 0.06479582363742153
0 0.05264620623306611 0.36280301787784747 0.04370337842423862 0.04394118969849785
0 0.3165372271794832 0.018128697948858706 0.024598180913749525 0.03625739589771741
0 0.845180938811134 0.5205702992123007 0.024219672615380005 0.053220594849248924
0 0.4409339145407246 0.6942774478642697 0.029143970955705888 0.05672823212215263
0 0.5119022230535203 0.9565384607411473 0.021496491701630305 0.017283094849248927
0 0.5334174124661322 0.6906584981638322 0.029143970955705888 0.05672823212215263
0 0.7313003120372805 0.10695395148811375 0.03518048340326061 0.03392846091032524
0 0.8525474273892645 0.06797158663498545 0.035062084233097576 0.032365960910325245
0 0.7790866166013839 0.09440628300144316 0.03326278589277152 0.029113415152690704
0 0.9312401898368193 0.03796548011680688 0.036387785892771515 0.02936850666795978
0 0.908348064111873 0.08857125799659397 0.023769386722608487 0.026785640606883508
0 0.6815254549836662 0.12438043861123615 0.03326278589277152 0.029113415152690704
0 0.5259726879859414 0.737645068467274 0.02781826929603177 0.059725686364518006
0 0.8597286908857263 0.5154523645147726 0.025900571785543038 0.054910640606883554
2 0.7684221423449078 0.8043231590644592 0.11195647095570571 0.06348815727678278
3 0.5856372276036904 0.37353502891855717 0.09810745850815117 0.08565019970043757
3 0.5017073164101801 0.7805021192258783 0.06808991701630233 0.16084164727484343
0 0.9578557697202392 0.35808666148035506 0.029617567636357832 0.06297823212215263
0 0.31219788237293083 0.2920928077164282 0.04143048340326043 0.0344386439408634
0 0.4504791323729309 0.28080500816577186 0.03193708423309758 0.03211086939505616
0 0.5465578751234682 0.7603332693756595 0.025071777594401823 0.04397314060688338
0 0.6647229215896946 0.47320044694618585 0.03842388257342364 0.035746052425594324
0 0.695145972629313 0.5634747605816679 0.026871075934727706 0.047225686364518
0 0.7190668794731458 0.4538288225501598 0.0381870842330974 0.03262105242559432
0 0.7512281840372491 0.4425566116398347 0.03662458423309758 0.03249350666795969
0 0.7851528981444778 0.41306055921424034 0.029617567636357832 0.06297823212215263
0 0.8007186985593963 0.411003851637895 0.026137370125868743 0.058035640606883376
0 0.7123926722143945 0.5628530072476879 0.02649256763635801 0.06272314060688337
0 0.7301246238740685 0.5582612310348908 0.028291865976683893 0.065975686364518
0 0.7450984284381719 0.5483920234585454 0.028055067636357834 0.062850686364518
0 0.7779109284381718 0.5457135625482202 0.026255769296031774 0.05959814060688338
0 0.7886116300978457 0.5416957422447785 0.031416865976683896 0.06623077787978708
5 0.8715164506339887 0.40129426966552356 0.04791728174358667 0.03807382697140156
0 0.9146152551980922 0.3891292384517566 0.04322978174358667 0.03769118969849785
0 0.8743356425454003 0.5111156798172445 0.02961756763635819 0.06297823212215263
0 0.8896646446199927 0.5059339722408991 0.02637416846619516 0.06116064060688338
0 0.9061300942050743 0.5053759917857364 0.024219672615380005 0.053220594849248924
0 0.9236252475244221 0.4976592155729394 0.026018970955706065 0.056473140606883375
0 0.959752001673607 0.48684939026852775 0.027344672615380004 0.05347568636451801