0 0.5440401435619124 0.23116819708406783 0.038536710344286365 0.03165279172311397
5 0.5519766399337154 0.31653248699815956 0.045004965153609786 0.03823034034363308
3 0.4664334987340556 0.22041880484055545 0.054598219962933216 0.04497166327441153
3 0.764699773792163 0.9019466073062616 0.08361608656782167 0.11667624491161739
0 0.8645386381196168 0.34304191881707946 0.038536710344286004 0.03165279172311406
0 0.8072643406593549 0.28599738071201003 0.04015377404661713 0.033297178878243815
5 0.09177077151472839 0.4537247862960472 0.054598219962933084 0.04497166327441171
5 0.4213194061757843 0.2617741451841885 0.043333337748947896 0.03502345318850333
0 0.40713782197021536 0.5338948066495778 0.040699411069925695 0.048922178878243724
0 0.5441244120814159 0.6530465191103352 0.0386458377489479 0.03477779172311415
5 0.48036702396179914 0.2680374332892579 0.04495040145127867 0.036667840343633
0 0.10433276970062985 0.49595655189987936 0.0434424651536097 0.03814845318850324
0 0.10922365554281206 0.4005621647447496 0.03864583774894799 0.034777791723113974
0 0.7358258171608919 0.522907560494765 0.038482146641955414 0.03009029172311415
0 0.4430927132546931 0.3082020878572422 0.03535714664195542 0.02992651741285455
0 0.11370275818306645 0.875237938150498 0.038120048093234216 0.06438340456798422
0 0.15676327742036014 0.8480269849619948 0.036775802902557685 0.07055151741285429
0 0.22836549202581566 0.6064293051792398 0.03381449400955026 0.07507524310259513
0 0.4973014865835201 0.7210053030315331 0.03880952885594056 0.03946529172311415
0 0.04063485744957783 0.466542368837764 0.03390377404661712 0.0329696302577247
0 0.1555480070019401 0.7935032592722541 0.036775802902557685 0.07055151741285463
0 0.4776562301297341 0.12235311906490667 0.04080853847458741 0.05204717887824382
4 0.2555182690676577 0.610465029964469 0.050476204353836526 0.10558161465389268
0 0.6767831115411111 0.8738016751486576 0.04220734736759475 0.04744156603337331
0 0.10855890119682479 0.9332142124607575 0.03924603847458741 0.05196529172311415
5 0.9180034001005165 0.48684615049971375 0.04182540145127902 0.03650406603337366
0 0.16624249265878785 0.4872532592722541 0.02767362141421197 0.0778726944820761
0 0.5648981812338917 0.9514087760077402 0.024637901451278844 0.035603307326946165
0 0.667497391578178 0.9163986109243062 0.034449411069925696 0.0485946302577247
0 0.9101810095338287 0.2642275220510113 0.04812996515360979 0.03839411465389251
0 0.037693395924165214 0.41678803030315337 0.041934528855940546 0.03962906603337348
0 0.1921427606301372 0.7058051854369645 0.03041667549789597 0.06709896879233561
0 0.4194220894782285 0.226781669494448 0.03061508293962447 0.028118355947465278
5 0.5395237691524757 0.27117572139432733 0.04484127404661713 0.033542840343632994
5 0.19244037179273007 0.7642761047042699 0.04184524881887364 0.08173467887824373
0 0.567812493376578 0.019370881955205442 0.03541171034428636 0.031489017412854536
0 0.600158712706539 0.09799717096478602 0.03859127404661713 0.033215291723114035
5 0.79865074329176 0.3316783729100939 0.0480208377489479 0.03526911465389251
0 0.5273783669834067 0.7529613099289382 0.037301592558271326 0.04094590456798421
5 0.9184176062684515 0.340998061965103 0.04812996515360979 0.03839411465389251
0 0.4927653310407081 0.3149566988930902 0.045004965153609786 0.038230340343633
0 0.7468377282308175 0.4755412375639865 0.04171627404661713 0.03337906603337348
5 0.17881448076270628 0.019858258989340714 0.028199411069925694 0.03971651797868143
0 0.005905226501537054 0.4836380156038322 0.011810453003074107 0.03584896879233561
0 0.3125321940173994 0.3399987217330116 0.048040685116542824 0.08049972749876275
3 0.7068724710592414 0.3247909650627493 0.10180060217691818 0.05680327792830413