0 0.1999870418874655 0.25894469871887366 0.04931032218833335 0.039756012820281586
0 0.7221627807726396 0.7515900394988112 0.030234320288472283 0.09193494292790554
0 0.6136871723964239 0.2912947024429273 0.050945557370694415 0.042953787427387445
0 0.11250587889343774 0.29743146402035464 0.05101829255305561 0.04607878742738745
0 0.7144808333936814 0.9255733490521052 0.030088849923749984 0.08568494292790518
0 0.41900783919017376 0.15958459181339485 0.0398625870059723 0.036194365177646445
0 0.6935292877064937 0.7646551197302696 0.03350479065319441 0.09833049214211727
0 0.8111258700597226 0.3063438519475893 0.05272626291777769 0.05240156203449331
0 0.9878649823325695 0.14236047291620396 0.024270035334861006 0.04662244292790545
0 0.7772366068576042 0.05999754487549473 0.05265352773541672 0.049276562034493286
4 0.5515469290459376 0.10804986290584404 0.07620013050895835 0.05505568114108117
0 0.4476426386770836 0.21377978618904234 0.05261716014423605 0.04771406203449331
0 0.39021265159486135 0.266508833955512 0.05407055737069442 0.04309933664159917
0 0.34922332247267385 0.21914583643671137 0.05556032218833336 0.04004711124870504
0 0.355744772985764 0.1633132134011821 0.03982621941479172 0.0346318651776464
0 0.24564046153100697 0.036267023987933314 0.05232621941479163 0.0352140620344933
0 0.3313610624046876 0.09014969520421702 0.05399782218833345 0.03997433664159915