3 0.7240788222367183 0.6948200913733856 0.12014824505632156 0.11592737884037305
3 0.42523676667262106 0.5934803153473751 0.11236859604505707 0.09368835779368574
3 0.4821194592669385 0.27360743110415575 0.06538433540139543 0.08939569994353028
0 0.6131409582585323 0.5761849414863252 0.038669016091543364 0.04115562101845249
0 0.2881295226247058 0.40036881022687754 0.03819912252816078 0.056689615756780755
0 0.7191056430591796 0.2050449598315894 0.034167186390131124 0.06579159997176517
0 0.23020921789378784 0.8472592207784562 0.02947968639013112 0.0655185841867496
5 0.22385421915429554 0.4782061129141832 0.04470049480421991 0.0383946420651398
0 0.5886437028106506 0.6124108678229192 0.038559755447881726 0.03959312101845249
0 0.27803252882889207 0.1409182155167843 0.026791728964778105 0.07158657366340586
0 0.3565081820275303 0.4545550522637827 0.03576253737886681 0.04409861049510884
3 0.5015478943965619 0.5790985679076238 0.0600741225281606 0.05796368942018652
5 0.4744880036831708 0.5061392100433509 0.048371798022528625 0.04638915258848364
3 0.03344129466833389 0.3416561499576477 0.06688258933666778 0.048937299915295364
0 0.3093535846450908 0.15294007338105722 0.025010707677454568 0.06837056840173403
0 0.5511544104881052 0.5427662257577793 0.04179401609154354 0.04133763154179633
0 0.27990066744859615 0.046895199731768755 0.02202781930985207 0.04796706314006218
5 0.18893754181834227 0.2259386866481763 0.027010250252101554 0.07471157366340594
0 0.31320484034507395 0.04177506022687759 0.02271623416055819 0.03555806840173403
0 0.20851952421418965 0.7087203655450192 0.03068155347041026 0.0827060841867496
3 0.03814776801000337 0.9537466262801244 0.06614915990702756 0.09250674743975118
0 0.23221375032897615 0.695196191839261 0.026791728964778015 0.07158657366340596
0 0.6054113136867434 0.854992480948864 0.03888753737886681 0.044280621018452496
0 0.8058204951331961 0.6925211149803218 0.04568384059717552 0.05245714206513981
3 0.3385654732647949 0.060509649675299024 0.03315098960843983 0.07351309471009329
3 0.2573180211120965 0.8409938102268775 0.08131497402109958 0.1836917315135615
0 0.6765807453852976 0.6112571624765428 0.048699579953513705 0.05107665258848364
5 0.8600634148507063 0.06264389918118884 0.04237317029858758 0.027366136803468066
5 0.7115524170212677 0.9707831443783336 0.049792186390131124 0.05843371124333281
0 0.6501721566297075 0.8991743914298553 0.04644866510280767 0.06339464206513981
5 0.49544109796351715 0.9356593810476859 0.04376070767745457 0.06946263154179633
3 0.24666510835507735 0.9836454998588255 0.039433840597175515 0.03270900028234891
0 0.23679053377257064 0.24833660239083954 0.03158848960843983 0.07342208944842143
0 0.012734946781691325 0.033586044724210715 0.02546989356338265 0.035922089448421436