3 0.215625 0.8875 0.0640625 0.146875
3 0.57109375 0.209375 0.078125 0.04453125
0 0.05859375 0.45 0.0359375 0.0296875
3 0.278125 0.728125 0.03828125 0.09765625
0 0.58515625 0.675 0.03359375 0.03046875
0 0.0984375 0.534375 0.03515625 0.028125
0 0.1171875 0.43515625 0.0390625 0.03046875
0 0.546875 0.74140625 0.03359375 0.03515625
5 0.134375 0.52265625 0.034375 0.03046875
3 0.84453125 0.93125 0.0640625 0.13203125
5 0.084375 0.9453125 0.0375 0.065625
0 0.18984375 0.059375 0.015625 0.0625
0 0.24375 0.0578125 0.01484375 0.0609375
0 0.25546875 0.67109375 0.02578125 0.06640625
0 0.57890625 0.77109375 0.03515625 0.03828125
0 0.1046875 0.48515625 0.0421875 0.03125
0 0.5703125 0.1203125 0.034375 0.02578125
0 0.0265625 0.509375 0.0390625 0.03203125
0 0.22265625 0.0859375 0.015625 0.06484375
0 0.5234375 0.04765625 0.0390625 0.0328125
5 0.70625 0.21875 0.04375 0.03125
0 0.190625 0.00390625 0.0125 0.0078125
0 0.24296875 0.16015625 0.0171875 0.0796875
0 0.2453125 0.00859375 0.0125 0.0171875
0 0.190625 0.17734375 0.0171875 0.07890625
0 0.73359375 0.940625 0.0359375 0.040625
0 0.29609375 0.61015625 0.02421875 0.06875
0 0.35078125 0.97578125 0.040625 0.0484375
0 0.3015625 0.99140625 0.03671875 0.0171875
0 0.2296875 0.97890625 0.03125 0.0421875
0 0.221875 0.18671875 0.0203125 0.0796875