3 0.8453125 0.92265625 0.06875 0.14453125
5 0.33359375 0.2640625 0.03671875 0.02890625
0 0.62421875 0.20625 0.03515625 0.028125
0 0.79765625 0.21484375 0.03984375 0.0296875
0 0.459375 0.25546875 0.03359375 0.02734375
3 0.1046875 0.55078125 0.07109375 0.05625
0 0.8640625 0.4546875 0.03671875 0.0296875
0 0.92734375 0.2109375 0.03359375 0.02734375
0 0.584375 0.6734375 0.034375 0.03046875
0 0.71328125 0.26015625 0.02890625 0.025
0 0.0234375 0.4078125 0.0359375 0.034375
0 0.55078125 0.30078125 0.0359375 0.0296875
0 0.56171875 0.89609375 0.03515625 0.04609375
0 0.71953125 0.209375 0.0375 0.02890625
0 0.4625 0.33984375 0.034375 0.028125
5 0.76796875 0.33671875 0.040625 0.02890625
0 0.546875 0.74140625 0.034375 0.034375
5 0.70625 0.296875 0.0375 0.025
0 0.065625 0.34375 0.0359375 0.03203125
3 0.56328125 0.834375 0.05078125 0.0421875
0 0.8265625 0.34296875 0.03671875 0.028125
3 0.6078125 0.3390625 0.040625 0.0296875
0 0.5625 0.11953125 0.03359375 0.02890625
5 0.93046875 0.33828125 0.03984375 0.03125
5 0.6734375 0.50625 0.03828125 0.0296875
0 0.58203125 0.77109375 0.03515625 0.0390625
0 0.1796875 0.165625 0.015625 0.06015625
0 0.75078125 0.88203125 0.034375 0.04375
0 0.696875 0.34140625 0.03515625 0.02578125
0 0.98203125 0.3390625 0.0359375 0.0328125
5 0.375 0.3015625 0.04140625 0.03046875
3 0.20703125 0.11796875 0.02421875 0.15546875
0 0.51640625 0.0421875 0.03046875 0.02734375
0 0.23515625 0.03125 0.0140625 0.0625
0 0.11953125 0.49765625 0.04375 0.03984375
0 0.23828125 0.14140625 0.015625 0.0609375
0 0.73828125 0.93515625 0.034375 0.0390625
0 0.27109375 0.73359375 0.03046875 0.0734375
0 0.88046875 0.34140625 0.0453125 0.0296875
0 0.15546875 0.3578125 0.03671875 0.03203125
0 0.5109375 0.19765625 0.0359375 0.0296875
5 0.29296875 0.64296875 0.025 0.1015625
0 0.36171875 0.36640625 0.03515625 0.0390625
5 0.38984375 0.07265625 0.0296875 0.0609375
3 0.2609375 0.47265625 0.06484375 0.1234375
3 0.60234375 0.25078125 0.08125 0.04375
0 0.4703125 0.29765625 0.0296875 0.021875