3 0.10070961935072646 0.12292516564926075 0.09251585868872629 0.16724945499752558
3 0.9229958887253155 0.3839225463612708 0.1212215666772721 0.08443031094499087
3 0.8975777180537703 0.34929524084334684 0.11504429201145391 0.09035276232447184
0 0.489040701424223 0.6443100062200364 0.03784544533736352 0.03165279172311397
0 0.6250151114337681 0.7075392673013129 0.037881808004454245 0.03477779172311415
0 0.31196058076063204 0.6762604483272632 0.03944430800445433 0.034859678878243726
0 0.6213628527609503 0.6623905416115724 0.03944430800445424 0.034859678878243726
5 0.5651855780951319 0.6715884791962434 0.042605670671545325 0.03814845318850324
0 0.24362765674726905 0.5813440959978425 0.036282945337363516 0.03157090456798421
0 0.11899073607572379 0.551916624830658 0.041024989337999786 0.03650406603337366
5 0.42117194875872305 0.6564658474681806 0.04414998933799978 0.036667840343633
0 0.4211504833704528 0.2515326860027914 0.03955339600572696 0.04423467887824382
0 0.9787263523631349 0.40757805235416456 0.042547295273730155 0.04127345318850324
5 0.7330623267424965 0.5205162228646654 0.049219297342454026 0.06972600180902226
0 0.9699730754296318 0.6589734560176377 0.03808180267345449 0.05196529172311397
0 0.39309875604708877 0.3264850983726918 0.03948067067154515 0.03798467887824373
5 0.5631412727561778 0.6302641163513731 0.04414998933799978 0.03666784034363317
0 0.36578501475967756 0.6664040914752868 0.044131808004454334 0.035105340343632996
0 0.7366834820178173 0.09272209351145175 0.036737478675999566 0.07063340456798431
0 0.6098617314210415 0.6145262516974807 0.037881808004454245 0.03477779172311415
0 0.38258742270049845 0.22932017130347032 0.0395715773392725 0.04579717887824373
0 0.8980509800684061 0.4571486844209117 0.04736589600572714 0.04464411465389251
5 0.7253470873647258 0.19337719075248977 0.04155224801081765 0.08181656603337358
0 0.9690800007160887 0.3134971817073782 0.03793635200509051 0.03946529172311406
3 0.43165908000477254 0.022353076945307877 0.035102253341817755 0.04470615389061575
0 0.4838826761218581 0.8728444419956851 0.04104317067154532 0.03806656603337331
0 0.5470826574633577 0.9297252057904952 0.04104317067154532 0.03806656603337331
0 0.6857487853675893 0.21655906320829846 0.0304329346753633 0.06561835594746528
0 0.4916042694541308 0.8646225062200366 0.04104317067154515 0.03806656603337331
0 0.6916229981301304 0.9229318939409931 0.03025112133990877 0.04999335594746519
5 0.98449646272277 0.3619380037336456 0.03012385200509087 0.03905585594746528
0 0.49534524542485947 0.6486699575995175 0.037863626670909055 0.033215291723114146
0 0.37608178934595393 0.07331583276885954 0.04131589067472685 0.06150406603337355
3 0.7645624866724997 0.02392998643233269 0.07599997334499946 0.04785997286466538
5 0.7218482753421359 0.03321977725093558 0.04307838534372692 0.06643955450187115
5 0.6916089813812706 0.3170946517429092 0.03214088534372692 0.07820024310259503
5 0.5384903353357726 0.004170764360636811 0.023855670671545325 0.008341528721273622
0 0.19906530334977196 0.1107350248760864 0.03333975867281787 0.04703213025772479
5 0.7171902367122707 0.29855601368326823 0.03688292934436319 0.08313340456798421
5 0.7049794960216353 0.12252578019161167 0.040044292011453916 0.08642217887824381