0 0.8755893030157413 0.36519132118406483 0.036835618661666555 0.030729781743586492
0 0.11210370999023218 0.3726114736549982 0.03343721658814811 0.02736798340326043
0 0.5650817385011118 0.36368248507686757 0.033573917624907426 0.028930483403260432
0 0.8756194058431952 0.43675866786471695 0.03513641762490742 0.02904888257342364
5 0.4163510040525006 0.32881946515613575 0.039823917624907425 0.029404080083912553
0 0.7765079625821303 0.41902487097428337 0.03669891762490742 0.029167281743586494
0 0.38506275636157483 0.3988000784335274 0.03031221658814811 0.02713118506293446
0 0.08537298906675958 0.17476504689043354 0.0352731186616666 0.030611382573423506
0 0.14497358152662085 0.26657496120744356 0.03384731969842587 0.032055483403260435
0 0.20946672554162102 0.3563963230349427 0.033573917624907336 0.028930483403260432
0 0.4227972022145378 0.4079508581025214 0.026913814514629663 0.023769386722608487
0 0.24191622351537073 0.21022006266198048 0.03371061866166656 0.030492983403260433
0 0.5162922154568523 0.31909111287640635 0.0333005155513888 0.025805483403260433
0 0.43307917426930603 0.299416307687603 0.033573917624907426 0.028930483403260432
0 0.7533629885011117 0.377949585081512 0.030038814514629662 0.02400618506293446
0 0.22708274396773193 0.25392251847083924 0.03527311866166656 0.03061138257342346
0 0.33778721517402843 0.3818484541584737 0.033573917624907426 0.028930483403260432
0 0.8491854620164826 0.5770993253332497 0.03187471658814829 0.027249584233097403
0 0.30450511493847277 0.3038292753193166 0.03371061866166656 0.030492983403260433
0 0.12069533440134292 0.18451947780418307 0.03031221658814811 0.02713118506293446
0 0.5358284251642607 0.7609718821724382 0.024960335249814846 0.05466418921211939
0 0.3168089167764356 0.2261186724148871 0.03697231969842587 0.03229228174358649
0 0.3346512361920375 0.27387001079716944 0.033573917624907336 0.028930483403260432
0 0.5178897779917145 0.8311776383962155 0.022987732139537087 0.04985829004195637
0 0.5240508865686124 0.7427779892260524 0.026932938360092605 0.059470088382282425
0 0.20054892973592628 0.1976482850675788 0.03513641762490734 0.029048882573423508
0 0.7783527180487505 0.33501672387871284 0.02718721658814811 0.0268943867226084
0 0.4058639804425933 0.43969776557105433 0.023788814514629664 0.023532588382282428
0 0.5016202290284737 0.8283719471095037 0.02312443317629622 0.05142079004195636
0 0.28321516677643555 0.2235730902563821 0.023788814514629664 0.023532588382282338
0 0.3295925893023153 0.2687681137015989 0.033573917624907336 0.028930483403260432
0 0.44905301215750165 0.9258380203449391 0.028495438360092606 0.05958848755244546
0 0.3623579882182878 0.4246046392214081 0.0348630155513888 0.02592388257342364
0 0.5688888266256485 0.23027798922605247 0.03419863421305536 0.05381208423309749
0 0.6800005668237038 0.10185883653140451 0.02665953628657398 0.05634508838228234
0 0.5282319557013905 0.8657777813426012 0.019179226955740702 0.041808991701630306
1 0.5512388116863903 0.7825867730442314 0.04624886635259244 0.10284158008391256
1 0.5072270971244925 0.9452583747995075 0.05285018086722193 0.1094832504009851