0 0.65546875 0.4015625 0.03671875 0.0265625
5 0.7328125 0.36484375 0.03515625 0.02734375
0 0.89140625 0.62578125 0.03359375 0.02578125
5 0.725 0.31953125 0.0359375 0.028125
0 0.81875 0.33046875 0.03828125 0.028125
0 0.88125 0.47421875 0.03515625 0.02734375
0 0.45546875 0.88828125 0.01328125 0.0609375
0 0.86328125 0.3234375 0.03984375 0.04453125
5 0.90078125 0.3171875 0.0296875 0.0703125
0 0.671875 0.74921875 0.0109375 0.04453125
0 0.51328125 0.43984375 0.03359375 0.02578125
0 0.7828125 0.21171875 0.01484375 0.0546875
0 0.64453125 0.9484375 0.0125 0.05625
0 0.64140625 0.87890625 0.0140625 0.05859375
0 0.91171875 0.2296875 0.0125 0.04765625
0 0.4671875 0.7578125 0.01484375 0.06015625
0 0.54140625 0.9484375 0.01171875 0.0546875
0 0.621875 0.87890625 0.0140625 0.05859375
0 0.93515625 0.0609375 0.015625 0.059375
0 0.55703125 0.946875 0.01171875 0.05390625
5 0.35546875 0.35 0.03671875 0.0296875
0 0.6078125 0.94296875 0.0140625 0.05390625
0 0.625 0.9484375 0.0125 0.0625
0 0.59296875 0.94375 0.01328125 0.05234375
0 0.5234375 0.9484375 0.0140625 0.05859375
0 0.43203125 0.7203125 0.0125 0.0515625
0 0.828125 0.05625 0.0203125 0.04765625
0 0.6625 0.9578125 0.01328125 0.06015625
0 0.57421875 0.9453125 0.01171875 0.05078125
0 0.88515625 0.2015625 0.01328125 0.04375
3 0.15078125 0.93984375 0.06953125 0.08515625
0 0.9359375 0.19609375 0.0171875 0.06328125
5 0.9171875 0.06484375 0.01796875 0.0671875