3 0.8629553402954674 0.8481211164835262 0.14784523677523326 0.07282166558343092
0 0.44392722134315343 0.2974094192401745 0.03178062101845249 0.036455697240056394
3 0.051400117178079394 0.16846758198093675 0.10280023435615879 0.03458528003177208
0 0.6356849979338615 0.5828309017903042 0.034905621018452494 0.03651024431795715
0 0.8819879344408633 0.22654612541198 0.06900760523343692 0.032422762174864596
4 0.6389590002823488 0.28542011364085723 0.10062162628012424 0.03921823295387146
0 0.5032475553887288 0.12311280276323884 0.03526964206513981 0.04276024431795715
0 0.8318892239034023 0.21571376542786608 0.06891659997176518 0.030860262174864594
0 0.3146352925168978 0.426880505278301 0.025257605233437008 0.031659103084255055
0 0.7780082768024694 0.4976183303626742 0.03959312101845249 0.0365920649348082
5 0.44752557429869044 0.6376253161559194 0.030400131541796327 0.03955342370110611
0 0.7392089002399963 0.23918426745646096 0.06873458944842134 0.027735262174864595
0 0.4756377658556027 0.061158273542245636 0.03508763154179615 0.039635244317957154
0 0.6357275844690983 0.2605019342577083 0.07167757892507769 0.024664809252765353
0 0.9675382975668082 0.19149324107813684 0.04253611049510866 0.03352161201270887
0 0.7326510031955333 0.579577442375383 0.042718121018452494 0.036646612012708954
5 0.798364092361606 0.2553217362068729 0.08159861049510883 0.034203450486467266
5 0.386733745514787 0.8103867061718055 0.030582142065139893 0.042678423701106284
0 0.7071728610598061 0.548023479307014 0.03793961575678075 0.03500229139585791
0 0.8882940584430876 0.5604711120192994 0.050530621018452494 0.036782979707460584
0 0.19388171871231757 0.30255443547222893 0.06680806840173403 0.021457988635914305
0 0.13974722653423818 0.2270146931828667 0.04144404735504663 0.014771612012708778
0 0.8306349349349735 0.7464455681878096 0.04758763154179633 0.03985343262955983
0 0.3341419686417304 0.22596288758354938 0.05191111049510884 0.033685253246410876
5 0.16087106861349554 0.19933002394598742 0.07324007892507774 0.02469208279171564
0 0.16367057394575454 0.2718635430207109 0.06037605787839038 0.018223894480112968
0 0.08566188210649359 0.5526283478092493 0.03196263154179622 0.039580697240056396
0 0.15215622127256634 0.22835900487126395 0.06662605787839034 0.018332988635914305
0 0.12156783197943669 0.4185436741081432 0.04060958944842143 0.02724433847375849
0 0.013252251456592302 0.3058136233767946 0.026504502913184604 0.0209670649348082
0 0.013674062071699319 0.5031971379872913 0.027348124143398638 0.04270569724005639
0 0.03108412905213464 0.22816986444834084 0.06216825810426928 0.018332988635914305
5 0.03419757113845072 0.19141020413991533 0.06839514227690144 0.024637535713814974
5 0.16857715280024513 0.17422092979018605 0.07324007892507774 0.02469208279171564
0 0.8695154244116299 0.7488887297140512 0.05329159997176518 0.030587526785361162