1 0.9504373789975158 0.27742878929732684 0.06906816256778683 0.059494968321116296
0 0.2808657432625047 0.4516453554282112 0.0376818071815924 0.03387225544788173
0 0.6157901891059745 0.388365197362769 0.032985216822512695 0.03198197351689647
0 0.6030311138722053 0.3447080325120629 0.0392533975406721 0.03554401609154336
5 0.42021913475305245 0.4919211581423168 0.026707945745273777 0.026857430942249395
0 0.3419537550681656 0.6075950706472344 0.03612839754067192 0.03532549480421991
0 0.841603255362753 0.37804578435364833 0.034547716822512696 0.03209123416055819
0 0.6956413155694076 0.41091790453602056 0.0361102168225127 0.032200494804219916
0 0.8134515051663614 0.5097546062613905 0.034547716822512696 0.032091234160558105
0 0.5582822161351417 0.44475159117825325 0.03926248789975162 0.03710651609154336
0 0.46027598731057645 0.39142413140711163 0.034547716822512696 0.032091234160558105
0 0.13350947511213213 0.5135329862542451 0.036119307181592356 0.03376299480421992
0 0.4636121490927961 0.9648616314071117 0.015661361436318445 0.007342606436617416
0 0.8366026588553535 0.45889694660646435 0.03768180718159222 0.03387225544788173
5 0.21171174316430888 0.5213512040711583 0.042378397540672005 0.03576253737886681
0 0.5619996521178583 0.9493844608564224 0.015743174668035032 0.021405106436617416
0 0.5432541972973981 0.9514768385803631 0.015752265027114732 0.022967606436617417
0 0.013718108116668775 0.20850091485070613 0.023792024004105093 0.06257640965492603
0 0.513589423195097 0.9574590408099362 0.015706813231716587 0.015155106436617416
0 0.1752742734149299 0.4379266988753782 0.04706589754067201 0.03609031930985189
0 0.1298264597904299 0.6865170181852303 0.03298521682251274 0.03198197351689629
0 0.48106170686356364 0.6056833733613399 0.04238748789975162 0.03732503737886681
0 0.6366587636523725 0.885546199960659 0.023782933645025393 0.061013909654926125
0 0.6015838060032419 0.7676374341212172 0.023773843285945874 0.059451409654926124
5 0.7999606560266831 0.34031619141068425 0.04240566861791084 0.04045003737886681
0 0.4742678479613279 0.9156593069014795 0.022229524004105095 0.06246714901126431
0 0.4571076190385668 0.9215486739817585 0.03167724687674216 0.07562271287323483
0 0.3985860710303567 0.8037163177972427 0.023710210772388506 0.04851390965492612
0 0.4948257876564776 0.9564264185338768 0.01885908430895533 0.02006112772394104
0 0.4792098780155573 0.9590815249704943 0.018840903590796286 0.01693612772394104
0 0.5292007876564776 0.9540226843733187 0.01885908430895533 0.02006112772394104
0 0.5783604503224601 0.9404247240979743 0.017360216822512698 0.030889367080278875
0 0.6111502244247611 0.9342240005810776 0.017342036104353652 0.027764367080278872
5 0.39188960167376113 0.458731599728228 0.04239657825883114 0.03888753737886681
0 0.13388165895354934 0.4431658559324143 0.040879530054229285 0.046590776735204995
0 0.11985447862817356 0.18153994108170815 0.04250566256778661 0.05763753737886681
0 0.18859136397040124 0.30881835308242267 0.023792024004105093 0.06257640965492603
5 0.09153962284919584 0.4195533933112811 0.03322156615858281 0.07260697351689646
0 0.21121683947531683 0.5706245843929892 0.040870439695149675 0.045028276735205
0 0.03712885792027704 0.336604135517611 0.03324883723582165 0.07729447351689647