0 0.20625 0.396875 0.0265625 0.02265625
0 0.21015625 0.4359375 0.0296875 0.02421875
0 0.09609375 0.3703125 0.03046875 0.02265625
0 0.10625 0.40234375 0.02265625 0.01875
0 0.165625 0.4359375 0.03125 0.0265625
0 0.0484375 0.40625 0.0296875 0.02109375
0 0.6125 0.259375 0.02734375 0.0234375
0 0.140625 0.37109375 0.02578125 0.021875
0 0.20625 0.359375 0.0234375 0.021875
5 0.9421875 0.1921875 0.03515625 0.0265625
0 0.115625 0.4375 0.025 0.021875
0 0.0203125 0.4453125 0.0296875 0.021875
0 0.03359375 0.37578125 0.03203125 0.0234375
0 0.3796875 0.46328125 0.02265625 0.053125
0 0.9578125 0.290625 0.03125 0.02265625
0 0.67578125 0.53828125 0.0296875 0.02421875
0 0.009375 0.4109375 0.01875 0.01953125
0 0.4640625 0.6 0.01328125 0.0484375
0 0.98125 0.184375 0.03515625 0.025
0 0.88125 0.51875 0.03203125 0.025
0 0.06796875 0.44375 0.0296875 0.02265625
0 0.8203125 0.19765625 0.03125 0.025
0 0.71953125 0.20859375 0.0296875 0.02265625
0 0.61875 0.54375 0.03046875 0.0234375
0 0.78203125 0.63046875 0.01171875 0.04765625
0 0.8984375 0.18984375 0.028125 0.02421875
0 0.7125 0.5359375 0.02578125 0.02421875
2 0.64140625 0.88671875 0.11015625 0.0453125
0 0.678125 0.634375 0.01328125 0.05703125
0 0.7953125 0.62734375 0.01171875 0.05078125
0 0.76640625 0.5125 0.0125 0.05
0 0.82890625 0.62578125 0.01171875 0.053125
0 0.84375 0.62734375 0.0125 0.04921875
0 0.771875 0.2046875 0.02890625 0.02109375
5 0.1515625 0.4 0.03671875 0.021875
0 0.865625 0.62421875 0.01328125 0.05859375
0 0.378125 0.01796875 0.01171875 0.0359375
0 0.39375 0.01640625 0.0140625 0.0328125
0 0.75234375 0.51171875 0.01328125 0.05234375
0 0.71015625 0.63515625 0.0109375 0.04921875
0 0.353125 0.98671875 0.0125 0.0265625
0 0.9953125 0.61875 0.009375 0.0578125
5 0.8359375 0.52109375 0.03828125 0.025
0 0.35078125 0.70390625 0.01484375 0.04609375
0 0.6609375 0.6359375 0.01484375 0.06015625
0 0.64375 0.6375 0.0171875 0.05859375
0 0.62734375 0.6359375 0.0140625 0.04921875
0 0.72421875 0.63125 0.015625 0.05078125
0 0.81328125 0.62578125 0.0140625 0.05
0 0.9015625 0.621875 0.01328125 0.05078125
0 0.93203125 0.4984375 0.015625 0.05546875