5 0.8703125 0.24453125 0.03359375 0.0234375
5 0.70625 0.77578125 0.034375 0.08359375
5 0.08203125 0.53359375 0.03984375 0.04609375
5 0.96796875 0.53515625 0.03984375 0.03984375
5 0.91953125 0.334375 0.03984375 0.0296875
0 0.97578125 0.38671875 0.03828125 0.028125
0 0.56328125 0.46171875 0.0390625 0.03671875
5 0.865625 0.28984375 0.0421875 0.0296875
5 0.70859375 0.875 0.0296875 0.075
0 0.56015625 0.51796875 0.03984375 0.03828125
0 0.509375 0.57890625 0.04296875 0.0390625
0 0.98359375 0.0265625 0.03203125 0.0296875
5 0.86328125 0.390625 0.04140625 0.0390625
0 0.61796875 0.87734375 0.02578125 0.0640625
0 0.225 0.43046875 0.03515625 0.03984375
0 0.57734375 0.55546875 0.03984375 0.0375
0 0.50234375 0.4828125 0.03828125 0.0359375
0 0.63046875 0.76875 0.015625 0.05625
0 0.9109375 0.246875 0.0359375 0.02890625
0 0.9890625 0.3328125 0.021875 0.03046875
5 0.73515625 0.66640625 0.02421875 0.09453125
0 0.5046875 0.53515625 0.0421875 0.03984375
0 0.6765625 0.49453125 0.01953125 0.08515625
0 0.35390625 0.81953125 0.0359375 0.04375
0 0.31171875 0.86484375 0.03671875 0.04921875
0 0.66875 0.92109375 0.02734375 0.0609375
0 0.6640625 0.6765625 0.01953125 0.084375
0 0.26640625 0.175 0.0296875 0.06328125
0 0.9578125 0.578125 0.0359375 0.0296875
5 0.7125 0.10234375 0.01875 0.07734375
0 0.74609375 0.7640625 0.0265625 0.06796875
5 0.1375 0.02265625 0.034375 0.0390625
0 0.403125 0.3234375 0.0296875 0.03671875
5 0.7625 0.67109375 0.0265625 0.08671875
0 0.7 0.98828125 0.021875 0.02265625
5 0.4609375 0.90859375 0.0390625 0.0578125
5 0.68515625 0.96484375 0.0328125 0.0703125
3 0.8515625 0.02890625 0.04375 0.0578125
3 0.64609375 0.05390625 0.03203125 0.10703125