3 0.1109375 0.49296875 0.1078125 0.06875
3 0.85078125 0.9234375 0.06953125 0.14609375
3 0.115625 0.546875 0.10390625 0.06484375
3 0.03125 0.34921875 0.06171875 0.06328125
3 0.22109375 0.121875 0.03046875 0.1375
0 0.08671875 0.45390625 0.0375 0.03359375
0 0.58125 0.21328125 0.03671875 0.02890625
0 0.73046875 0.21015625 0.0375 0.028125
0 0.58828125 0.7671875 0.034375 0.040625
0 0.18671875 0.7828125 0.02578125 0.065625
0 0.553125 0.73828125 0.034375 0.0375
0 0.59140625 0.66953125 0.03515625 0.0328125
0 0.17109375 0.4140625 0.03828125 0.04296875
0 0.02265625 0.571875 0.03828125 0.03359375
0 0.01015625 0.48359375 0.0203125 0.034375
0 0.52421875 0.04296875 0.03671875 0.0296875
0 0.28671875 0.7125 0.025 0.0625
0 0.1921875 0.15625 0.015625 0.06328125
0 0.29609375 0.62890625 0.02109375 0.065625
0 0.5703125 0.11875 0.0359375 0.0296875
5 0.0234375 0.515625 0.0421875 0.034375
0 0.23125 0.88046875 0.03125 0.065625
5 0.2 0.96171875 0.0390625 0.0765625
3 0.19375 0.04453125 0.0265625 0.08828125
3 0.51484375 0.971875 0.02734375 0.05625
0 0.2625 0.790625 0.02890625 0.06796875
5 0.428125 0.98203125 0.02734375 0.0359375
0 0.16328125 0.01640625 0.01796875 0.0328125
5 0.27265625 0.62734375 0.0203125 0.06484375
0 0.253125 0.16015625 0.015625 0.053125
3 0.41171875 0.1125 0.06796875 0.10859375
0 0.2453125 0.01171875 0.0171875 0.02265625
4 0.45546875 0.9796875 0.0328125 0.03984375
5 0.234375 0.94921875 0.03203125 0.071875
0 0.7515625 0.92109375 0.0265625 0.0453125