3 0.3541344712939069 0.5575271848006473 0.05458934091247105 0.039652361884498964
0 0.3551757064651593 0.6281128364098016 0.032268671939110226 0.027185212873234832
0 0.6152775597349199 0.5515003319703261 0.0354573389353046 0.028966234160558102
3 0.7570313196207518 0.5144041595780514 0.06259284190105419 0.04488616510280767
0 0.6273345493547966 0.6017024277632818 0.03395850593149916 0.03041947351689629
0 0.5335792321683218 0.5183657678562541 0.035521005931499164 0.030528734160558103
0 0.8637654337649273 0.3753577210942334 0.03233233893530461 0.028747712873234653
1 0.16244437840426956 0.5895645165957465 0.08577567391627658 0.04027507475773362
0 0.8945260720550288 0.9087054526569014 0.014919345855386724 0.06024908514929379
5 0.690427456959451 0.6492054944752438 0.03864600593149916 0.030747255447881726
0 0.4455950484033945 0.19725595634007229 0.016354511862998144 0.0572333457929556
0 0.4374071580989458 0.07132724086894754 0.016672846843970034 0.06504584579295562
0 0.26442862003849366 0.24021436264080362 0.0196068458553869 0.060576867080279054
0 0.6037497411027515 0.08452599941892233 0.018299013840164413 0.06671760643661735
0 0.6193110741065571 0.08718110585553966 0.021424013840164412 0.06693612772394082
0 0.6485290474148113 0.21614734001609787 0.017598676882026255 0.04953010643661733
0 0.6559874258562619 0.39843531613088434 0.027674013840164415 0.06737317029858776
0 0.8713777321311408 0.9384258036456373 0.018108012851581277 0.06203010643661742
0 0.7883569850968903 0.9185178592097344 0.033669345855386903 0.061560212873234835
0 0.7449465192030098 0.7533027686125588 0.01778967787060921 0.05421760643661742
0 0.8670589411421201 0.7367704684963433 0.02298651384016459 0.0670453883676025
0 0.8283094589366172 0.6494454311174764 0.04103617688202625 0.05116901609154336
0 0.7864721274156864 0.6379016437386096 0.03721083992388792 0.03376299480421992
0 0.8444690167315517 0.7720141998069099 0.01922484387822081 0.051201867080279226
0 0.8967490997353575 0.7772369313695779 0.018299013840164236 0.06671760643661742
5 0.8911225463518662 0.9978022595583809 0.023113847832553346 0.004395480883238179
5 0.869856335895193 0.8411683913928212 0.018235346843970036 0.06515510643661741
5 0.8595276254385201 0.6524118939907112 0.027737680836359146 0.06893567029858776