0 0.096875 0.2875 0.04609375 0.034375
0 0.38515625 0.2375 0.04765625 0.0375
0 0.41171875 0.29296875 0.0453125 0.03515625
0 0.1765625 0.29453125 0.04296875 0.03125
0 0.2546875 0.3 0.04609375 0.03359375
0 0.7 0.88515625 0.021875 0.0828125
0 0.5390625 0.03984375 0.03984375 0.07734375
0 0.74765625 0.16015625 0.03359375 0.07109375
0 0.01484375 0.01875 0.0296875 0.0375
0 0.0078125 0.06796875 0.015625 0.0453125
0 0.0734375 0.0171875 0.0625 0.03359375
0 0.1390625 0.0125 0.0453125 0.025
0 0.21484375 0.0203125 0.03984375 0.040625
0 0.334375 0.29296875 0.05078125 0.03828125
0 0.6890625 0.03359375 0.03125 0.0671875
0 0.86015625 0.24296875 0.046875 0.0671875
0 0.93046875 0.3484375 0.05078125 0.0453125
0 0.97734375 0.24296875 0.04453125 0.0265625
0 0.9578125 0.1875 0.046875 0.04453125
0 0.98828125 0.14140625 0.0234375 0.04921875
0 0.9859375 0.06328125 0.028125 0.0390625