3 0.07060893427754802 0.8520737550883826 0.14121786855509605 0.07620173111680728
3 0.7447188699475025 0.347453859115284 0.03962612133990877 0.050484678878243816
5 0.6912035186187294 0.3166852159672604 0.033248852005090514 0.03921963025772479
0 0.469657971992364 0.03160196630594469 0.02848862667090888 0.03272396879233554
0 0.3204893872533673 0.571907141000317 0.031649989337999784 0.03601274310259513
0 0.7021110099061406 0.6541885379935278 0.025363626670909058 0.0325601944820761
3 0.6545280325827766 0.5832895398025502 0.04018974267981754 0.09892217887824373
0 0.25137630792491256 0.539613619403591 0.03477498933799979 0.03617651741285464
0 0.4446756059834553 0.09849621721045584 0.03324885200509069 0.03921963025772479
0 0.7433734512651395 0.46307885911528396 0.028524989337999785 0.03584896879233561
0 0.5393068533179552 0.08494829432510585 0.031649989337999784 0.03601274310259506
0 0.6994501812540037 0.5473620058813522 0.026980670671545325 0.03732958163720586
0 0.7086551952975926 0.225981650838398 0.02845226400381797 0.02959896879233561
0 0.658167916534097 0.9414738540269013 0.031722714672181594 0.042262743102595125
5 0.48627275998568253 0.07991995759951741 0.03964430267345413 0.0520471788782438
0 0.7853576725414149 0.8809347444613914 0.03168635200509051 0.03913774310259512
0 0.02238561228916112 0.6595044747852293 0.04477122457832224 0.02293288896415202
0 0.6525275385503235 0.8223110962249851 0.026962489337999784 0.035767081637205676
0 0.4758245139640471 0.23974533695273106 0.0487102200031817 0.025976001809022264
5 0.6527211792648213 0.47017206411280965 0.031722714672181594 0.042262743102595125
0 0.8300852999681834 0.19072914631584226 0.06896817600254543 0.022353034825709096
0 0.8755405139242762 0.511587200929255 0.028524989337999785 0.03584896879233561
5 0.781499065245095 0.6086469866594753 0.03175907733927232 0.04538774310259512
0 0.6965866212205961 0.7934557558813522 0.028561352005090513 0.03897396879233561
5 0.7005956052673666 0.44892450588135213 0.028579533338636054 0.04053646879233561
0 0.11232125656432287 0.7475599954774441 0.041024989337999786 0.03650406603337366
0 0.5189949006604093 0.01921757123532751 0.03168635200509069 0.03843514247065502
0 0.9510950445974122 0.4600003674830269 0.026926126670909056 0.03264208163720568
5 0.6423387572804116 0.3559424677762827 0.03951703333863606 0.041109678878243724
0 0.22285131858691276 0.5754625881959265 0.036319308004454334 0.034695904567984215
0 0.8521404712762752 0.3753973954113311 0.05670453333863605 0.042010437584671045
3 0.9085921079726376 0.15382228855935468 0.0893352200031817 0.028105067842395838
3 0.8222369846435464 0.12711702566905586 0.10347044533736352 0.03509205223856364
5 0.7395297412476403 0.5921079398479787 0.028597714672181595 0.042098968792335614
0 0.06062403859009443 0.5605413523294207 0.04576703333863612 0.04143722749876275
0 0.07012466589755018 0.7505521986659476 0.04407726400381802 0.030417840343633172
0 0.7378859725891399 0.5320745205806732 0.028561352005090513 0.03897396879233561
5 0.7010484965786403 0.6113016751486576 0.028597714672181595 0.042098968792335614
0 0.9771864719525931 0.29779361657851583 0.033139764003817976 0.02984463025772479
0 0.7387019432288684 0.7303482462704137 0.02856135200509069 0.03897396879233561
5 0.659096259229823 0.7274932411820311 0.03017839600572696 0.04374335594746519
5 0.7944883192234597 0.7672440586857426 0.03333975867281787 0.0470321302577247
5 0.6596491478755967 0.8812766604493365 0.03490225867281786 0.04711401741285428
0 0.4482375053310001 0.005146766169659119 0.03786362667090888 0.010293532339318238
5 0.6795580412953653 0.24390281320829846 0.0364102146721816 0.042508404567984305
3 0.2900773706238201 0.30023021483560663 0.14927384134309046 0.07965427973732649