0 0.38984375 0.2453125 0.0453125 0.034375
0 0.41484375 0.29921875 0.0421875 0.0328125
0 0.26171875 0.30859375 0.04296875 0.0328125
0 0.33984375 0.30234375 0.04296875 0.03203125
0 0.1859375 0.3046875 0.04140625 0.0328125
0 0.7265625 0.26328125 0.0203125 0.06640625
0 0.0375 0.10390625 0.046875 0.04140625
0 0.21953125 0.0328125 0.0359375 0.03125
0 0.95625 0.178125 0.05625 0.0390625
0 0.98671875 0.1203125 0.02578125 0.03359375
0 0.1453125 0.0234375 0.04453125 0.03046875
0 0.07890625 0.03046875 0.0515625 0.0375
0 0.01953125 0.0359375 0.03828125 0.0421875