0 0.6199461663266292 0.30519756948723575 0.034286468792335614 0.03061138257342346
0 0.12170674016191896 0.3766790539394035 0.03256019448207601 0.02736798340326043
0 0.4030419493433161 0.3420267537249776 0.03749335594746519 0.032410680913749525
0 0.744826657620202 0.27847893628911236 0.0325601944820761 0.02736798340326043
0 0.851947518090223 0.42174183898376033 0.034034163274411354 0.055492983403260435
0 0.47831194425493334 0.41632709148256 0.03905585594746519 0.03252908008391255
0 0.947838708727112 0.7697873300606906 0.01561171189493038 0.06032219336130425
0 0.9147219142904645 0.6617030655385435 0.015529824739800802 0.058759693361304245
5 0.7205071675698248 0.5477859659581064 0.03897396879233561 0.030966580083912554
0 0.41285852611928175 0.024990481841510665 0.0186548247398008 0.04998096368302133
4 0.30942142412854545 0.32166855476459605 0.056325243102595034 0.035393970955705886
0 0.8154135538204432 0.5178481669930804 0.04522396879233561 0.031440176764564676
0 0.9392117384644383 0.9194680213474025 0.013892081637205678 0.027509693361304245
5 0.6045468956344144 0.40048675869935507 0.03897396879233561 0.030966580083912554
0 0.25763651684702765 0.21656758028440523 0.023915534825709094 0.07028918921211931
0 0.35729792288535 0.06783223712823809 0.019064260515449582 0.06680899170163021
0 0.4350754421072269 0.14507997613057597 0.019309921980838852 0.07149649170163022
0 0.5955481953865872 0.020407880386973762 0.01939180913596843 0.040815760773947524
0 0.5759760018090223 0.01919475020049266 0.019064260515449405 0.03838950040098532
0 0.6365560549520971 0.12824398317954588 0.018245388964152197 0.05118399170163022
0 0.8564070460185272 0.5218010385688419 0.04143722749876275 0.04827247925407559
5 0.8134471828349726 0.3007315219721023 0.03946529172311415 0.04034158008391255
5 0.691968330505552 0.37739095558514424 0.042262743102595125 0.034328378424238616
5 0.9015048620519007 0.5591700613893587 0.032055583446228296 0.07713118506293455
5 0.9582140439823622 0.8929288321352832 0.02251680913596843 0.07329579004195637
0 0.84771255596815 0.7899240765362057 0.0338703889641522 0.05236798340326043
0 0.7851638890756937 0.6440680474919116 0.02202548620519007 0.06392079004195636
0 0.9377533005410831 0.6372116284010166 0.020544873360319828 0.06536489087179334