0 0.4078125 0.24921875 0.034375 0.0265625
3 0.84453125 0.9328125 0.0671875 0.134375
3 0.1609375 0.7609375 0.03828125 0.11171875
0 0.52890625 0.2515625 0.034375 0.02734375
0 0.09140625 0.4921875 0.04140625 0.0359375
0 0.19921875 0.93671875 0.03046875 0.065625
0 0.58515625 0.67578125 0.03359375 0.0296875
0 0.4015625 0.290625 0.0375 0.02578125
0 0.1046875 0.43984375 0.03828125 0.03515625
5 0.58046875 0.25546875 0.03984375 0.03046875
0 0.46875 0.296875 0.034375 0.02734375
0 0.54765625 0.74375 0.034375 0.0359375
0 0.309375 0.58125 0.01796875 0.06640625
0 0.28984375 0.68125 0.02421875 0.06171875
0 0.7484375 0.8890625 0.03515625 0.04375
0 0.290625 0.1640625 0.01640625 0.06640625
5 0.46328125 0.25546875 0.03828125 0.0265625
0 0.56796875 0.1203125 0.0359375 0.028125
0 0.2359375 0.03984375 0.0171875 0.0796875
5 0.44765625 0.3359375 0.0390625 0.0296875
0 0.5796875 0.77421875 0.03359375 0.0359375
0 0.1625 0.965625 0.03046875 0.059375
0 0.284375 0.378125 0.01640625 0.06328125
0 0.56328125 0.8984375 0.03203125 0.04453125
5 0.25703125 0.6703125 0.028125 0.07578125
0 0.74453125 0.93046875 0.02734375 0.0421875
3 0.24140625 0.82578125 0.04921875 0.11796875
0 0.553125 0.940625 0.0328125 0.053125
0 0.5203125 0.03984375 0.03671875 0.03984375
5 0.53203125 0.3390625 0.040625 0.02734375