3 0.5165013212524128 0.6326960656266813 0.10252611067790855 0.08991444183801285
3 0.08263211453696051 0.9578178538387274 0.05416133601209037 0.08436429232254525
0 0.4215342665897762 0.5963436663633154 0.03789998933799978 0.036997255447881724
3 0.6283018872533673 0.6334769516484953 0.05848520934118149 0.06185514381548422
0 0.4693456052673667 0.5191527356731674 0.03633748933799978 0.03688799480421991
0 0.9549007499204581 0.6531874261737979 0.039607940006363404 0.04960651609154336
0 0.01395341199872733 0.03535834579295562 0.02790682399745466 0.03321669158591123
5 0.5543649479233217 0.6040683210745629 0.0426965773392725 0.04670003737886681
0 0.29139059122377775 0.828063923904884 0.027326116008908663 0.0674824309422494
0 0.1153046372931382 0.3043975589182919 0.04411362667090888 0.03430929802252862
0 0.034667876551596206 0.8507701783443593 0.04413180800445434 0.03587179802252862
0 0.4104064099300032 0.5447429615358524 0.03793635200509069 0.04012225544788173
5 0.49844221192713967 0.5720099379027405 0.0442227146721816 0.04368429802252862
0 0.4211626439370029 0.49389065571965374 0.04104317067154532 0.038778276735204995
0 0.05987334464513735 0.16290954542463854 0.04118862133990879 0.05127827673520509
5 0.3305029232972744 0.2889521474217804 0.02118520401018138 0.0764203883676025
5 0.0944194252864567 0.3521959205506893 0.04411362667090888 0.03430929802252862
0 0.3320235872056422 0.9646077112837508 0.02723520934118149 0.05966993094224939
3 0.13938012599459115 0.04962257760772528 0.047656797342454114 0.07046531930985205
0 0.3108571118714605 0.9686293037225117 0.025727253341817757 0.06274139255497672
0 0.16964395524350412 0.674119833055607 0.03352157200827235 0.06323197351689647
0 0.34061536199077314 0.0918422006400891 0.01798747867599957 0.06995186708027909
0 0.28587584054746007 0.8988298919738987 0.030523841343090476 0.07395095222957301
0 0.6458144618873688 0.8755223400160979 0.03804544000636341 0.049497255447881375
5 0.2534456958943685 0.7964807881351714 0.03061474801081765 0.08176345222957301
0 0.7323477813096829 0.22557125252101545 0.030414753341817757 0.06457595222957302
0 0.34312909794718427 0.4133729932147361 0.01973179201145401 0.08568612772394069
3 0.3696519512253686 0.8218082060879708 0.03413973734881744 0.11635697351689629
0 0.5340348139322304 0.5369683023851295 0.033212489337999786 0.036669473516896464
5 0.8591295519971365 0.08118710401395426 0.039535214672181594 0.04335651609154338
0 0.6914718598822782 0.916245529004119 0.044331802673454136 0.05305929802252862
5 0.5408809665420511 0.9565377572125925 0.04911020934118149 0.0611995799535137
3 0.33422517059200346 0.5738188203182583 0.03604768268618095 0.1461537341605581
5 0.2716513505729134 0.7101826552154507 0.0243829293443631 0.08288890965492612
0 0.23507805124127695 0.6951150300893998 0.022765885343726745 0.07809214901126431
0 0.029557493952911258 0.34922410383872726 0.042442038669636216 0.02482503737886681
0 0.2871989133115919 0.18036946907742096 0.021276110677908557 0.08423288836760254
5 0.24663645329409273 0.3065442029858776 0.04000792934436319 0.08398151609154336
2 0.319203985996182 0.05046880162882481 0.027144302673454225 0.051857430942249504