0 0.7828125 0.42109375 0.03984375 0.025
0 0.3984375 0.5796875 0.03359375 0.05390625
0 0.759375 0.5546875 0.0328125 0.0359375
0 0.7890625 0.6765625 0.034375 0.02578125
0 0.90390625 0.1625 0.01328125 0.0578125
5 0.68828125 0.40078125 0.0390625 0.028125
5 0.54296875 0.5640625 0.0359375 0.03984375
0 0.41015625 0.95078125 0.01328125 0.0578125
5 0.30390625 0.48828125 0.04296875 0.0265625
5 0.64921875 0.5984375 0.0296875 0.06015625
0 0.24609375 0.765625 0.01484375 0.0625
0 0.42265625 0.82265625 0.01953125 0.06875
0 0.57421875 0.9515625 0.0125 0.06171875
0 0.59296875 0.9546875 0.015625 0.065625
0 0.62578125 0.82578125 0.01640625 0.046875
0 0.82421875 0.41484375 0.03984375 0.0359375
0 0.71328125 0.56875 0.03359375 0.0328125
5 0.825 0.56875 0.04296875 0.0640625
5 0.9078125 0.0390625 0.01875 0.07421875
0 0.8015625 0.14375 0.034375 0.0578125
0 0.75 0.29609375 0.01875 0.0578125
0 0.884375 0.02578125 0.01875 0.0515625
0 0.9015625 0.296875 0.0171875 0.06796875
0 0.8484375 0.2953125 0.01796875 0.0484375