3 0.846875 0.92421875 0.06796875 0.14296875
0 0.4109375 0.25625 0.03515625 0.02734375
0 0.653125 0.44140625 0.034375 0.0265625
0 0.24140625 0.31953125 0.03046875 0.059375
0 0.58671875 0.67578125 0.034375 0.0296875
0 0.240625 0.7578125 0.0265625 0.06640625
0 0.23984375 0.184375 0.015625 0.0625
0 0.2109375 0.85703125 0.028125 0.06171875
0 0.54921875 0.74453125 0.034375 0.034375
0 0.51953125 0.04609375 0.03046875 0.02578125
0 0.65234375 0.96875 0.01875 0.0625
0 0.17890625 0.93984375 0.028125 0.0625
0 0.29609375 0.63125 0.01953125 0.05859375
0 0.75078125 0.884375 0.03515625 0.04296875
5 0.27890625 0.47265625 0.040625 0.03046875
0 0.565625 0.121875 0.0328125 0.0265625
0 0.184375 0.1796875 0.015625 0.06328125
0 0.85625 0.4953125 0.0390625 0.0296875
0 0.74609375 0.92734375 0.02734375 0.040625
0 0.2640625 0.66171875 0.02109375 0.07890625
5 0.21171875 0.9359375 0.03046875 0.0703125
0 0.58359375 0.7734375 0.0328125 0.03671875
3 0.21015625 0.07578125 0.0265625 0.1515625
0 0.2765625 0.74296875 0.025 0.075
5 0.246875 0.84140625 0.034375 0.0828125
5 0.4625 0.1625 0.0359375 0.0515625
0 0.54921875 0.4765625 0.03359375 0.0265625
0 0.24140625 0.09375 0.01640625 0.078125
0 0.1859375 0.1046875 0.01484375 0.07421875
0 0.35859375 0.6390625 0.03359375 0.059375
0 0.02578125 0.50859375 0.04609375 0.0484375
5 0.18515625 0.01875 0.0171875 0.0375
5 0.24765625 0.90703125 0.0328125 0.075
0 0.56484375 0.8984375 0.03671875 0.04609375
0 0.55078125 0.94453125 0.0359375 0.0515625
0 0.39765625 0.47265625 0.03828125 0.03515625