0 0.5421875 0.253125 0.034375 0.0265625
3 0.84453125 0.92265625 0.0703125 0.14609375
0 0.41015625 0.25 0.034375 0.02734375
3 0.10546875 0.55078125 0.07421875 0.05703125
0 0.71640625 0.2609375 0.028125 0.025
5 0.490625 0.25625 0.03515625 0.02734375
3 0.303125 0.36015625 0.02421875 0.109375
0 0.39296875 0.29609375 0.0328125 0.02734375
0 0.58359375 0.67421875 0.03515625 0.03203125
5 0.50859375 0.29765625 0.0375 0.0296875
5 0.78046875 0.3375 0.03984375 0.02734375
0 0.828125 0.34453125 0.0359375 0.02734375
0 0.57265625 0.29765625 0.0296875 0.025
0 0.5453125 0.74296875 0.0359375 0.03515625
0 0.5984375 0.340625 0.03671875 0.0296875
5 0.66328125 0.340625 0.040625 0.028125
0 0.7265625 0.3421875 0.0359375 0.02734375
0 0.440625 0.2984375 0.034375 0.0265625
0 0.1171875 0.49921875 0.04375 0.03984375
3 0.20625 0.1203125 0.0265625 0.15546875
0 0.73828125 0.93671875 0.034375 0.0390625
0 0.56171875 0.11875 0.034375 0.02890625
0 0.515625 0.0421875 0.0296875 0.0265625
0 0.74921875 0.88203125 0.03671875 0.0453125
0 0.625 0.2984375 0.0375 0.02734375
0 0.234375 0.03203125 0.0140625 0.0640625
0 0.2984375 0.52890625 0.015625 0.06640625
0 0.5375 0.3421875 0.03515625 0.02734375
0 0.58125 0.7703125 0.03515625 0.03828125
5 0.2734375 0.1421875 0.015625 0.0609375
5 0.26484375 0.72890625 0.0328125 0.07890625
3 0.3203125 0.7234375 0.04609375 0.0921875
0 0.23671875 0.14453125 0.01796875 0.06171875
0 0.30625 0.0171875 0.015625 0.034375
0 0.2109375 0.0078125 0.01484375 0.01484375
5 0.21796875 0.90625 0.040625 0.07578125
0 0.5609375 0.89765625 0.03671875 0.04921875
3 0.6234375 0.25234375 0.08203125 0.04921875
3 0.43828125 0.3421875 0.07265625 0.0375