0 0.33554162824476325 0.28677964795513844 0.03648297077900677 0.03166817067154524
0 0.8412052471573309 0.24729514588641432 0.033248876623205345 0.02538180800445433
0 0.48170356209213916 0.28898594326863936 0.03174092370110628 0.02848862667090888
0 0.6415967593321955 0.316818947247004 0.02694432954530477 0.02218408267027261
0 0.4890674176087309 0.7108609432686394 0.018087526785361165 0.05176249466899989
5 0.917035315745587 0.1596764198759148 0.03955342370110628 0.028579533338636144
0 0.95516656128136 0.1506372272040514 0.03174092370110628 0.02848862667090888
0 0.629032529624735 0.2685178072485948 0.03012387662320535 0.025345445337363427
0 0.47917817450858974 0.6367421906031392 0.016415932629559826 0.04549431333545435
0 0.7977222540571898 0.17356729189214132 0.034865923701106284 0.028524989337999785
0 0.6010126696406211 0.31963541191918554 0.031686376623205524 0.025363626670908877
0 0.33485228693163094 0.023452944621274816 0.016088650162155816 0.026744313335454444
0 0.7388359979681098 0.38132579523395915 0.03168637662320535 0.025363626670908877
0 0.20395070900788398 0.2687756299729558 0.025381829545304768 0.022165901336727068
0 0.4873144082765354 0.3865967399347757 0.027026150162155815 0.02687158267027261
0 0.8748887260540126 0.16251106588164183 0.03174092370110628 0.02848862667090888
5 0.8899484845754291 0.353780955880051 0.036428423701106286 0.028543170671545236
0 0.6383859845754293 0.3567081505808676 0.030096603084255234 0.023782945337363425
0 0.6995302159077429 0.18877521590550433 0.03012387662320535 0.02534544533736347
0 0.4501452394433979 0.6745876359405028 0.01814207386326174 0.05488749466899989
0 0.8946513956946337 0.4889099338797328 0.034865923701106284 0.028524989337999785
0 0.8684219066516823 0.5978309478835508 0.018087526785361165 0.05176249466899989
0 0.26678767410484794 0.3321199672979107 0.038045470779006774 0.03168635200509069
0 0.7255565223178391 0.5158826085694136 0.030178423701106107 0.028470445337363516
0 0.6904957297041653 0.5217604385741861 0.03012387662320535 0.025345445337363513
0 0.46219385714144484 0.20091377860441195 0.028725017856907443 0.03470226400381797
0 0.8067986140380083 0.604017860558596 0.016470479707460583 0.04861931333545435
0 0.8192304301906326 0.5999661598902323 0.018087526785361165 0.05176249466899989
0 0.6000598701270884 0.3993501839195037 0.025409103084255057 0.023728401336727066
2 0.6919311391985166 0.8725962325748224 0.11340002678536117 0.052871556015271895
0 0.3138130840095316 0.02682339262413832 0.016115923701106104 0.02830681333545445
0 0.749380211443516 0.1795996632320501 0.03171365016215581 0.02692612667090888
0 0.8528105434211575 0.5987940112190053 0.01814207386326174 0.05488749466899989
0 0.7783133295420095 0.4941706932288684 0.018087526785361165 0.05176249466899989
0 0.7031105523496112 0.617726919239368 0.01970457386326192 0.054905676002545256
0 0.8388298640380085 0.6036451432209142 0.019759120941162677 0.05803067600254543
0 0.41807267369451556 0.9859614879455935 0.01751478246740401 0.01894999466899989
0 0.672010556813838 0.626684295910277 0.01970457386326192 0.05490567600254544
5 0.8486667398504351 0.4956962832193234 0.04270569724005639 0.03017839600572696
0 0.7633877589251584 0.4896559158975501 0.01973184740221221 0.05646817600254543
5 0.7438802337646504 0.22264113856623186 0.04111592370110628 0.028597714672181595
0 0.9738268323846786 0.2348122325350515 0.016061376623205347 0.02518181333545444
0 0.38276287053083025 0.7089722739497295 0.01811480032431163 0.05332499466899989
0 0.652397486196987 0.622224062579595 0.019486385551659068 0.04240567600254543
0 0.6351633473989169 0.5302183759150493 0.03648297077900686 0.03166817067154533
0 0.6859639626580367 0.6202706639083678 0.0197591209411625 0.05803067600254526
0 0.737471915580136 0.6165456799013682 0.01970457386326192 0.054905676002545256
0 0.7491361185022353 0.6132843198997773 0.021430715096963836 0.0642988573360908
0 0.9244809918790299 0.5862389198759148 0.021212526785361164 0.0517988573360908
0 0.9395002455324779 0.46182017520691493 0.022938668019063257 0.06119203866963616
0 0.8863088360348312 0.5929343625477783 0.02291139448011279 0.05962953866963616