3 0.7243764157991857 0.8283004149184879 0.078462566315984 0.15677206348717335
3 0.8549683883444061 0.4646621221772394 0.08681768198597269 0.06877515601864026
3 0.5867271329457353 0.3800316261259316 0.07527940468807692 0.058571361827499044
3 0.09306705660760188 0.9134560809091052 0.06944851172019231 0.13743006763635818
3 0.6830271298634163 0.6728325875338678 0.04849566162790726 0.10163427759440165
0 0.15623859654854075 0.4250913979207631 0.03617733189368781 0.03072978174358667
0 0.5692263571889989 0.24063816201870297 0.03773983189368781 0.030848180913749523
0 0.5974179017626414 0.5650335881585677 0.03349242288667416 0.0616245842330974
5 0.7124571206072343 0.31064024085321573 0.03964229333702498 0.06053568091374952
5 0.6286526195275 0.2959992456271005 0.045591904688076924 0.05632177759440164
5 0.2454069278239197 0.198314487752938 0.04232720234403846 0.029640878424238615
0 0.029075319250644837 0.4440567307039681 0.03930233189368778 0.030966580083912554
0 0.851200929217421 0.8995456850397126 0.03974242288667433 0.062098180913749704
0 0.5058659616002206 0.2951965300699794 0.03617733189368781 0.030729781743586492
0 0.3693942288759673 0.6413988690769618 0.03461483189368782 0.03061138257342364
0 0.24994782619047515 0.38222754646622625 0.032952202344038464 0.028930483403260432
0 0.40649490824104645 0.7054487910676415 0.03677810919158375 0.04010478174358649
5 0.862889114747138 0.36532497300707634 0.046253238741233105 0.04237767676456468
0 0.9247895350129186 0.4306055082751478 0.04282785009228505 0.03745337842423861
0 0.920962430601697 0.3811383045408815 0.03794009099298634 0.033973180913749526
0 0.48094031693429307 0.009193249475546405 0.031289572794389285 0.01838649895109281
0 0.4252389204226641 0.400820490652723 0.03617733189368781 0.030729781743586492
5 0.5269761913990385 0.6209060024755778 0.03954216378737563 0.05897318091374952
5 0.784905014654853 0.405442332759983 0.03126858883351815 0.07545028589277152
0 0.371048761572534 0.7369006232261466 0.03697836829088237 0.04322978174358667
5 0.1327684230435577 0.29392483090910515 0.04242733189368777 0.031203378424238613
0 0.6225666124307863 0.001462337233128813 0.02956638648947969 0.002924674466257626
0 0.7957573812476924 0.1511692298555536 0.02451794108527139 0.06716418921211931
0 0.701897957281284 0.19637683131009048 0.03369268198597286 0.06474958423309744
0 0.21899011798634055 0.4770906831888347 0.03783996144333708 0.032410680913749525
5 0.7649987345791799 0.18226586450356952 0.026280700184570092 0.07040758838228234
0 0.43228396900147625 0.08463938359910875 0.03773983189368781 0.030848180913749544
0 0.33895906385197405 0.3156185416923415 0.03607720234403846 0.029167281743586494
5 0.33180670034145365 0.2695131362984011 0.039302331893687814 0.030966580083912554
0 0.7136460741878904 0.6681800537156889 0.03056768198597286 0.06451278589277151
0 0.2032035202104073 0.9175497398275304 0.038540868290882366 0.0433481809137497
0 0.6975285232927263 0.5799938920979711 0.0311684592838688 0.07388778589277152
5 0.7850177452196381 0.032929807251784765 0.025118718383167503 0.06585961450356953
5 0.8550975987080089 0.41411767051756543 0.05612888648947987 0.05090057178554268
5 0.7886460741878902 0.6624968935478637 0.03439358883351815 0.0756870842330974
0 0.6676803369878168 0.5604868755012317 0.0342934592838688 0.0741245842330974
0 0.7561492450719797 0.9269621352494941 0.02483931369509058 0.023650987552445456
0 0.6832426711978565 0.9363739466620746 0.03215116594684382 0.016430483403260608
5 0.5201053416112953 0.12152223172965337 0.037178627390180984 0.046354781743586496