0 0.78359375 0.8859375 0.0234375 0.0828125
0 0.14375 0.1375 0.04453125 0.0390625
0 0.0328125 0.084375 0.0453125 0.03828125
0 0.83515625 0.44765625 0.0375 0.08125
0 0.2484375 0.3015625 0.04453125 0.0359375
0 0.07421875 0.0171875 0.0546875 0.034375
0 0.015625 0.02109375 0.0296875 0.0421875
0 0.14375 0.01640625 0.04765625 0.0328125
0 0.21640625 0.02265625 0.03984375 0.04296875
0 0.23984375 0.084375 0.0484375 0.0421875
0 0.32109375 0.2 0.040625 0.03203125
0 0.38671875 0.19609375 0.053125 0.040625
0 0.7890625 0.61484375 0.0265625 0.10078125
0 0.9625 0.34296875 0.0484375 0.05