0 0.17503964672181566 0.39533587908822404 0.03312158267027256 0.028665220542635695
5 0.7029839280712695 0.48034222085640277 0.04107953333863605 0.04166586829088246
5 0.6067912754216778 0.6123815677094854 0.03940794533736351 0.032190738741233106
0 0.44164808076063206 0.6644015499723134 0.03624658267027261 0.0288654796419344
5 0.7723419080601335 0.39380514112218334 0.03944430800445424 0.0353157387412331
5 0.7221895560948137 0.6526782958102603 0.03784544533736352 0.032090609191583755
5 0.6338173994270866 0.6505231153654469 0.039426126670908876 0.03375323874123311
0 0.9218782840547248 0.3443489543558485 0.03468408267027243 0.028765350092285046
5 0.9320714440642697 0.4140606770579526 0.03937158267027243 0.029065738741233103
0 0.34784134739017925 0.396771563851974 0.03937158267027261 0.029065738741233017
0 0.89964020472627 0.38173833282576364 0.0330852200031817 0.025540220542635696
0 0.5552511213399087 0.019586703811368802 0.016224984006999676 0.039173407622737605
0 0.6648084820178173 0.08874500617386319 0.01951361600890884 0.06682655459579187
0 0.6468306413510446 0.08911524599483037 0.01626134667409058 0.05568879549649319
0 0.6920789593411815 0.021846661014211004 0.01631589067472703 0.04369332202842201
0 0.5701585060073178 0.0222110560631222 0.014680665340545218 0.0444221121262444
0 0.920674698798494 0.9128183521040951 0.016297709341181486 0.05881379549649317
0 0.6546153220082724 0.025442030384827518 0.019477253341817758 0.050884060769655036
0 0.5874187313414996 0.02559162592746326 0.016279528007635945 0.05118325185492652
0 0.8753247414464947 0.7781219794942761 0.014571577339272324 0.04465116594684382
0 0.622593162675045 0.02409957588132073 0.017787484006999678 0.04819915176264146
0 0.4872203786998622 0.21349108960871047 0.019477253341817758 0.06370155459579188
0 0.2935441987189521 0.36663228331487563 0.04255112667090888 0.03395349784053163
0 0.8136434487984939 0.9196772262550736 0.024001121339908595 0.04993944324473994
0 0.9245889447803585 0.7788741486803226 0.017914753341817757 0.06360142504614252
0 0.7750611121100859 0.7618740206718326 0.01938634667409058 0.055889054595791875
0 0.6022533906747268 0.023162885566628984 0.016206802673454136 0.04632577113325797
0 0.6905726453691802 0.2200054981542987 0.016152258672817867 0.04631379549649317
0 0.6710488440085906 0.026478850249168583 0.0194954346753633 0.05295770049833717
0 0.8182469434277229 0.643395328506827 0.04097044533736351 0.03229086829088246
5 0.8539828067313607 0.4221921545404186 0.039389764003817974 0.030628238741233105
0 0.6374369126750451 0.025577085520486452 0.01787839067472685 0.051154171040972904
3 0.18245851133831797 0.032112790716131226 0.07741702267663593 0.06422558143226245