5 0.2688189947282895 0.6047330606127715 0.05257162094116259 0.06111677513842757
0 0.5262215807631208 0.0033102629568099785 0.04130683847375849 0.006620525913619957
0 0.5050952341749827 0.39137625771502266 0.04448638555165907 0.044991127390180984
0 0.5355679383148979 0.43390491672203624 0.04610343262956 0.04821625693983034
3 0.8923009537361736 0.29398800895164034 0.07625458279171582 0.07668121838316741
0 0.17348672402871296 0.3884350370155034 0.046157979707460536 0.05134125693983034
5 0.5688792702958347 0.49263956662975117 0.05246252678536116 0.05486677513842757
0 0.6161590137997177 0.10878619833886885 0.037082988635914305 0.0679279796419344
5 0.9260372053610265 0.5072098997600566 0.04125229139585755 0.038540868290882456
0 0.3967509001654511 0.42875394664082583 0.04610343262955983 0.04821625693983034
0 0.5667321635581317 0.39210864050387445 0.047611385551659245 0.04519138648947969
3 0.9095979533324318 0.5995673804817252 0.07126707386326174 0.059193329734219445
0 0.3282599987854793 0.41831589682539594 0.04922843262955982 0.04841651603912904
0 0.30328331818451437 0.37387428439460973 0.04610343262955983 0.04821625693983034
3 0.9724309642894802 0.4870685780454017 0.03675570616851047 0.0491779796419344
0 0.679666360391151 0.18119332202842203 0.03870003571381488 0.07115310919158371
0 0.25187477678865655 0.4130659947582127 0.049310253246410876 0.053104016039128864
0 0.5713198465914333 0.03986502005352381 0.04020798863591431 0.06812823874123303
0 0.717283362826783 0.261502583287189 0.034012535713814886 0.0708527205426357
5 0.8327508555231823 0.48665517273901593 0.03667388555165942 0.0444904796419344
0 0.5958658790588375 0.0247603111526386 0.03382162094116268 0.0495206223052772
0 0.07685323173935071 0.336099383868586 0.046021612012708844 0.04352875693983034
5 0.9472576404262185 0.5433080860649662 0.0507091120127086 0.04382914558877822
0 0.657931682225818 0.21926382094868782 0.0388091298696164 0.07740310919158375
5 0.6366760653418453 0.09576576419342767 0.04514095048646745 0.08249112739018098
0 0.2726896574690517 0.20415206971207017 0.04777502678536116 0.05456638648947969
2 0.7429620580415399 0.8022184184200792 0.07539328652459396 0.2061684592838688
0 0.3238711388046606 0.8485843877260972 0.04497730925276526 0.07311612739018117
5 0.8924474095009419 0.5538438703026924 0.053806838473758486 0.04246690468807692
3 0.7276089825501296 0.16173312076411772 0.09335235389503396 0.16205751387966058
0 0.22239933117015784 0.17928128007567307 0.054297762174864594 0.07059190468807693
5 0.35819255519557547 0.08942013880583148 0.049528441558013545 0.06560401603912895
0 0.7790707021146157 0.5665720126522682 0.0525716209411625 0.06111677513842757
5 0.9467143494373979 0.7532640769656676 0.06397277110331814 0.08838018198597286
3 0.967683188721935 0.5802375871447003 0.043305715096963834 0.06676599784053164
2 0.9729513413197228 0.6360870689461031 0.030969356330665932 0.07533996144333699