0 0.37265625 0.5703125 0.0296875 0.02421875
0 0.4171875 0.53125 0.03515625 0.02734375
0 0.09921875 0.53359375 0.03125 0.0234375
0 0.76875 0.4875 0.03359375 0.02578125
0 0.82109375 0.58046875 0.02734375 0.021875
0 0.8453125 0.35703125 0.03359375 0.046875
1 0.02890625 0.6109375 0.0578125 0.04375
5 0.721875 0.31640625 0.03671875 0.028125
0 0.178125 0.60859375 0.03359375 0.0234375
5 0.78203125 0.384375 0.02578125 0.021875
0 0.8640625 0.5515625 0.0328125 0.0234375
0 0.4578125 0.88671875 0.0140625 0.06171875
0 0.9328125 0.05859375 0.0125 0.059375
0 0.54375 0.94609375 0.0109375 0.0546875
0 0.8265625 0.05390625 0.0203125 0.04375
0 0.6421875 0.87109375 0.01328125 0.05859375
0 0.8203125 0.32578125 0.0375 0.02890625
0 0.5765625 0.94140625 0.0125 0.05
0 0.6640625 0.95234375 0.0125 0.05703125
0 0.8828125 0.19609375 0.01171875 0.04453125
0 0.528125 0.9453125 0.0125 0.05703125
0 0.62578125 0.94453125 0.01171875 0.05546875
0 0.64609375 0.9453125 0.01171875 0.0546875
0 0.46875 0.75625 0.015625 0.06328125
0 0.59609375 0.9421875 0.0140625 0.05234375
0 0.6109375 0.94140625 0.0140625 0.05546875
0 0.5609375 0.94140625 0.01171875 0.05625
0 0.6203125 0.8765625 0.0125 0.05703125
0 0.825 0.31875 0.0375 0.02890625
5 0.696875 0.47421875 0.03828125 0.0296875
3 0.1578125 0.94140625 0.0671875 0.0796875
0 0.671875 0.74140625 0.01328125 0.04296875
0 0.78125 0.20625 0.015625 0.05
0 0.896875 0.27421875 0.021875 0.0578125
0 0.93125 0.19140625 0.01796875 0.06328125
0 0.9125 0.02578125 0.0125 0.0515625