0 0.1015625 0.375 0.03046875 0.02421875
0 0.2078125 0.3359375 0.028125 0.021875
0 0.20078125 0.40546875 0.02734375 0.02109375
0 0.21171875 0.3734375 0.0265625 0.021875
0 0.1203125 0.3375 0.0296875 0.02265625
0 0.16484375 0.33671875 0.028125 0.021875
0 0.15546875 0.375 0.0296875 0.0234375
0 0.0203125 0.41484375 0.028125 0.02265625
0 0.17109375 0.2703125 0.0296875 0.02734375
0 0.07265625 0.41171875 0.028125 0.02265625
0 0.61796875 0.28828125 0.02890625 0.0234375
5 0.946875 0.20234375 0.03671875 0.02578125
0 0.82734375 0.203125 0.03125 0.0234375
0 0.66015625 0.25390625 0.028125 0.02109375
0 0.9859375 0.19375 0.02734375 0.02421875
0 0.90546875 0.19609375 0.02734375 0.02421875
0 0.609375 0.23046875 0.028125 0.02109375
0 0.378125 0.4296875 0.02265625 0.0546875
0 0.78359375 0.63046875 0.01171875 0.04609375
0 0.72734375 0.20625 0.0296875 0.02265625
0 0.7546875 0.51171875 0.0125 0.053125
0 0.71484375 0.5328125 0.02734375 0.02265625
0 0.8828125 0.52421875 0.03203125 0.02265625
0 0.62109375 0.5375 0.03125 0.02578125
0 0.678125 0.53515625 0.028125 0.0234375
0 0.8703125 0.20390625 0.03046875 0.021875
0 0.44921875 0.2734375 0.01484375 0.0578125
0 0.646875 0.63359375 0.01171875 0.04921875
0 0.75859375 0.30625 0.02890625 0.03359375
0 0.49765625 0.4734375 0.02421875 0.04609375
0 0.76953125 0.515625 0.01328125 0.053125
0 0.8453125 0.63203125 0.01171875 0.0484375
0 0.6796875 0.62890625 0.01328125 0.05234375
0 0.34921875 0.68671875 0.0125 0.05078125
0 0.38515625 0.8265625 0.0125 0.0515625
0 0.77890625 0.20390625 0.0296875 0.0234375
0 0.81640625 0.63125 0.01328125 0.05390625
0 0.79609375 0.628125 0.0109375 0.0484375
5 0.15234375 0.41171875 0.03203125 0.02265625
0 0.66328125 0.63046875 0.0125 0.0546875
2 0.6375 0.8828125 0.109375 0.046875
0 0.2796875 0.22109375 0.02890625 0.03515625
0 0.86640625 0.6296875 0.0125 0.05859375
0 0.3671875 0.00546875 0.0125 0.0109375
0 0.90234375 0.63125 0.01171875 0.04921875
0 0.384375 0.00390625 0.0125 0.0078125
0 0.35 0.978125 0.01328125 0.04375
0 0.4046875 0.02421875 0.01328125 0.0484375
5 0.01015625 0.265625 0.0203125 0.021875
5 0.83828125 0.52265625 0.04140625 0.02734375
0 0.934375 0.5046875 0.01484375 0.06171875
0 0.9953125 0.628125 0.009375 0.0609375
0 0.71328125 0.63203125 0.01328125 0.046875
0 0.72578125 0.63046875 0.0140625 0.05703125
0 0.628125 0.63203125 0.01171875 0.03984375