0 0.776071092830024 0.5857335177099797 0.028364017412854638 0.035922089448421346
0 0.7722356846439951 0.45310302823332355 0.028364017412854638 0.035922089448421346
0 0.5993569431232796 0.8846506178935064 0.028364017412854638 0.035922089448421346
0 0.5015823479184066 0.49030210744074987 0.026801517412854636 0.03583108418674961
5 0.769462566710742 0.5339435045558002 0.028364017412854638 0.035922089448421346
0 0.7261043130926975 0.4348388756448399 0.028282130257724702 0.034359589448421345
3 0.12156281377006602 0.8482547604527566 0.1504780348257091 0.0773044945971538
3 0.4563086329712583 0.13172376799232846 0.06001680913596861 0.07515118942018657
5 0.7033207468321813 0.8174924809488641 0.03017217887824373 0.04070059471009344
0 0.35792860244096236 0.6026593523202524 0.033051517412854545 0.03619510523343692
0 0.6982924101065928 0.8701624546405047 0.028527791723113972 0.0390470894484217
0 0.968941429782755 0.19438599382069494 0.062117140434489924 0.0271687157285458
0 0.2879536171402834 0.5604193734375269 0.03617651741285455 0.03637711575678075
5 0.7305605189947343 0.549591620383168 0.03009029172311415 0.03913809471009326
0 0.2696418718899818 0.25559536554501916 0.06693519448207601 0.028822220990217674
0 0.73090467774659 0.4818503835373476 0.029926517412854636 0.036013094710093264
0 0.10497510006611313 0.7398052236210535 0.040864017412854545 0.036650131541796326
0 0.6958490835577698 0.7640944651638485 0.030008404567984214 0.037575594710093266
0 0.1569470358417619 0.7506208972562247 0.0456334045679843 0.0384856473268119
0 0.40844542231952313 0.31820032331047005 0.06192014586155707 0.0222992052052021
0 0.9106884322691456 0.6130457175829228 0.02992651741285428 0.03601309471009344
0 0.3904423727944929 0.28677601806291564 0.08067014586155699 0.023391268345264303
0 0.2615482473980082 0.5915937787274337 0.03930151741285455 0.03655912628012441
0 0.5093484237898611 0.1480536942583354 0.03979284034363317 0.04593412628012441
5 0.5988025859326189 0.6065634152485531 0.030254066033373484 0.04226309471009344
0 0.9870938441310197 0.5762352332973513 0.025812311737960413 0.029581084186749606
5 0.07569379805469212 0.2108079683593817 0.07351274310259504 0.035436242036905076
0 0.7337098524409622 0.6245461177523322 0.02647396879233561 0.029581084186749606
0 0.06846447421940247 0.17689569994353027 0.0656183559474653 0.03341871572854584
0 0.13260437584671067 0.5685063472703421 0.04555151741285455 0.0369231473268119
5 0.6941360973525796 0.7016854704255203 0.03025406603337366 0.04226309471009326
5 0.5101705331282285 0.6987593495482421 0.03173467887824373 0.04079159997176518
0 0.14991254805469212 0.21513071828879457 0.06718085594746528 0.03350972099021767
0 0.6865958350281078 0.5875319651638484 0.03009029172311415 0.03913809471009326
3 0.6838249598587657 0.47521397568719215 0.04332063206674697 0.08352513154179633
0 0.7813439275194474 0.9092697282474408 0.044814533016686656 0.022860647326811544
0 0.2847246393028363 0.2907439102692299 0.07811835594746527 0.03414675782192056
5 0.1885965897778062 0.25476934193808304 0.0737584045679843 0.04012374203690507
0 0.11450067051050081 0.2527903420086702 0.06076708163720577 0.030020699943530182
0 0.07726177860567265 0.5528211631118273 0.06117651741285455 0.03783319994353036
0 0.692955377655733 0.6494327256871921 0.036504066033373486 0.042627115756780756
3 0.7810695313192062 0.6662477703408157 0.04488313206674697 0.08361613680346806