0 0.5316584407524898 0.742544719499597 0.042262743102595125 0.032668656260602266
0 0.5209356247191161 0.7828696191367772 0.03905585594746519 0.030997028855940557
3 0.21292272388071817 0.05909229092165811 0.08977955223856364 0.1060714399258662
0 0.6168556343300546 0.7447371912766286 0.02868492198083885 0.0711855192372937
0 0.8498905416115724 0.6440824599657681 0.04431656603337366 0.04209821996293321
0 0.4232206575086604 0.33254718220613594 0.04094590456798421 0.03730159255827141
0 0.3992620205806732 0.759836368503805 0.03913774310259512 0.03255952885594056
0 0.4726717808689802 0.27009431142489615 0.041109678878243724 0.04042659255827141
5 0.4629969719601542 0.7683234802993701 0.04061835594746519 0.031051592558271324
0 0.31501749038906157 0.052482681573163735 0.03674972749876275 0.04651290145127882
0 0.4666066508383981 0.729315544001701 0.03913774310259512 0.03255952885594056
0 0.44388171754914013 0.23699906922944444 0.04127345318850324 0.043551592558271325
0 0.36489258537085134 0.9676116629688423 0.036012743102595036 0.03245040145127902
0 0.3087774564678637 0.0968775223173366 0.03674972749876275 0.04651290145127884
0 0.8734541101313369 0.10485626885877555 0.04357293758467122 0.057668656260602226
0 0.41513699909548885 0.03875997667117308 0.03222600180902226 0.04947421034428625
5 0.4960385232942067 0.690426658792491 0.04719590456798421 0.03751984736759475
0 0.7863558225920942 0.2434797700399019 0.046609406377006654 0.08584821996293313
0 0.8782921805757244 0.5949827610542273 0.049167840343633175 0.04538691106992569
0 0.48641113353708515 0.11247278438305415 0.03831222749876275 0.0465674651536097
5 0.35041176277875713 0.7510863618803831 0.0471959045679843 0.03751984736759475
0 0.6803083819552055 0.594330452709374 0.021288501809022264 0.04909226442797028
0 0.662494603688217 0.9193031708582085 0.03591756784239593 0.09015377404661713
3 0.577792055067698 0.9226067309323422 0.04520403663473136 0.11855159255827133
0 0.3356797981702931 0.8828447933687288 0.03913774310259503 0.03255952885594056
5 0.41498991915576366 0.6688120644201211 0.04695024310259512 0.03283234736759475
0 0.6743659984181203 0.498636006793058 0.03024742198083885 0.07124008293962447
0 0.6303615343754831 0.8305209238534335 0.024904824739800803 0.05857639183263217
0 0.5061404573723748 0.079506516959859 0.03526911465389251 0.048020837748947984