0 0.3023547864081799 0.4674872248283101 0.035922089448421436 0.027963173916276673
0 0.3781059443289226 0.4432949911399325 0.035922089448421436 0.027963173916276673
0 0.5330888469174061 0.49481502326888566 0.034359589448421345 0.02789950692008212
0 0.9398981019673165 0.7350778563098723 0.03766659997176518 0.031151840912470873
0 0.9520615708913956 0.2079224487052181 0.01752069994353036 0.059948002965749494
0 0.4915200571019315 0.85164334342111 0.01715667889684287 0.05369800296574958
0 0.11984393622465328 0.6525612673002056 0.038956084186749604 0.02652800790866543
0 0.48147647014317163 0.9718126274900485 0.01752069994353036 0.05637474501990312
0 0.6614824885590231 0.978989104771226 0.017338689420186525 0.04202179045754804
0 0.9288978157003109 0.13137719475088536 0.01752069994353036 0.059948002965749494
0 0.5623121572854581 0.6620171107213155 0.04079159997176518 0.031279174904859805
0 0.8022120312876824 0.3382108320895845 0.02395271046687384 0.06332767095052709
5 0.9513041657426633 0.08786461668999564 0.02735072625188977 0.06814250494291585
5 0.9184733390954856 0.43413743881938627 0.029095236775233246 0.0713311719391104
0 0.899458757610159 0.335158769351734 0.02395271046687384 0.06332767095052709
0 0.923578797072698 0.34783252429464984 0.0301117052052021 0.062019838935304605
0 0.9547909997176512 0.3350751977166349 0.027259720990217673 0.06658000494291585
0 0.8807304153897274 0.45520201391452647 0.04013915258848364 0.04684050790866543
0 0.8389524390672506 0.460514255017278 0.04409861049510866 0.03453150889724856
5 0.7439738680346808 0.4356004852456145 0.04253611049510884 0.03446784190105419
0 0.30998235978923716 0.7857915558549493 0.024407736775233245 0.07114017095052709
0 0.6448942280356794 0.9747326862921568 0.019447220990217673 0.05053462741568637
0 0.6955173123636034 0.8615143864244781 0.016610647326811723 0.04432300296574958