0 0.6302894748615724 0.055248640606784985 0.02720285009228505 0.03452044574527389
0 0.5029519987726075 0.883723098550503 0.027002590992986342 0.031395445745273774
0 0.6739009700812104 0.14303498691779296 0.030227720542635693 0.032976126463433134
1 0.5869447833148757 0.29258501414335186 0.044469495681063266 0.08460225897699045
0 0.5533372347360634 0.6096952460911751 0.02533996144333699 0.029823855386194253
0 0.5379379819582862 0.3743617340891226 0.027102720542635694 0.032957945745273956
0 0.5892639566629752 0.06126229127071492 0.025239831893687815 0.028261355386194252
0 0.6251340006183088 0.19667761650448404 0.027002590992986342 0.031395445745273864
0 0.5540366579272794 0.013383327473264293 0.026201554595791876 0.01889544574527388
5 0.636375768050939 0.8993486194313502 0.07523983189368781 0.02855224687674216
5 0.6348282641934276 0.6429940803019347 0.030528109191583754 0.03766362646343317
5 0.6278087037375396 0.7281412399428551 0.030528109191583754 0.03766362646343317
0 0.7122874259782185 0.9099502970262516 0.05755168414544123 0.020639752926866352
0 0.87077175201181 0.9491678540114521 0.06037629549649317 0.015970433645025393
0 0.20333843229973986 0.6686192315550399 0.04445090684754529 0.011192030054229463
0 0.02060313849667706 0.5346477107723885 0.04120627699335412 0.01438975292686635
0 0.7336512862495363 0.8936622216942866 0.04465116594684382 0.014317030054229463
0 0.07580371761720028 0.6342709817514315 0.057251295496493215 0.01595225292686635
0 0.7331785217515667 0.7912775650784283 0.05578892504614252 0.017505662567786472
0 0.021249333361018124 0.5502863463110079 0.04249866672203625 0.012827252926866173
0 0.07627408698781679 0.6147351865718917 0.057351425046142525 0.01751475292686635
0 0.017789617907898785 0.6346522559519283 0.03557923581579757 0.01438975292686635
0 0.8215925748061992 0.9238724173413646 0.05402616594684382 0.01437157220870695
0 0.020147908314875593 0.5854516866700876 0.04029581662975119 0.01437157220870695
0 0.020062917954041314 0.6002999818496274 0.04012583590808263 0.01437157220870695
0 0.21338046807862562 0.4631323008368806 0.06360142504614252 0.017551114363184794
0 0.8878870057124377 0.8406331913454697 0.05160207279438893 0.02529089149054755
0 0.6113442921096324 0.8265196526088374 0.030728368290882456 0.04078862646343282
0 0.015160618447765867 0.6557232800542293 0.030321236895531734 0.014389752926866173
5 0.9096735657069004 0.927511022629363 0.049338665946844176 0.01434430113146803
0 0.02035806061277152 0.5666971414905477 0.04071612122554304 0.01437157220870695
0 0.01997792759320704 0.6166880511314681 0.03995585518641408 0.017542024004105095
3 0.05485058143226246 0.14412270472226432 0.09513082973421946 0.07083974082661779
0 0.021619573181985315 0.5159022559519283 0.04323914636397063 0.01595225292686635
0 0.7426968167866347 0.9476411945669234 0.05755168414544123 0.020639752926866352