5 0.25906943120913856 0.3104613616355366 0.03460225897699045 0.04046317391627667
0 0.4942489279876847 0.1626300622063779 0.03146816861791084 0.03877333992388783
0 0.48946091315696183 0.31435172969686387 0.06266362646343318 0.030671679847775656
0 0.31996043765204624 0.5844771817877609 0.03303975897699045 0.040399506920082116
0 0.6861025463578901 0.749202937682079 0.03147725897699054 0.040335839923887916
0 0.6975643046475095 0.25588401920300985 0.045421584308955334 0.02059634288963732
0 0.8411870396203949 0.27190165555312584 0.05952044574527378 0.0274193458553869
0 0.7557939194034777 0.4503396733476229 0.06421703610435366 0.029172846843970035
0 0.10281086173090606 0.18404739475307297 0.045430674668035034 0.022158842889637365
0 0.9322251300776705 0.3314583862757539 0.05793976502711473 0.02423067885919252
0 0.9053722594679698 0.24819755870915575 0.05950226502711473 0.024294345855386902
0 0.9098552263886784 0.28316280772057256 0.05012726502711473 0.023912343878220544
0 0.9062444130587659 0.2325407252110585 0.05793976502711473 0.02423067885919252
0 0.9144381872592628 0.3009405567319894 0.04853749394987546 0.019161176882026166
0 0.9268518288480063 0.3152749707624342 0.05793976502711473 0.02423067885919252
0 0.9091648799794745 0.2675696412186698 0.056386355386194256 0.025729511862998145
0 0.9040097473677214 0.21388622570535012 0.061073855386194253 0.025920512851581277
0 0.48595515983731213 0.11141773068544705 0.03146816861791084 0.03877333992388783
0 0.9399649072050333 0.3436400512947819 0.05950226502711473 0.024294345855386902
5 0.5649093232888616 0.6369814633852415 0.03777271077238851 0.04840300790866543
0 0.4178131721339522 0.27821791152180586 0.03147725897699054 0.040335839923887826
0 0.8358273739293504 0.25337449003980617 0.07672612646343317 0.031244682813525236
0 0.5355915454741274 0.17188038680722653 0.03776362041330898 0.04684050790866538
0 0.4823307109687803 0.06313939817593303 0.03614657825883114 0.03740184091247101
5 0.44236424112120537 0.08585665657889001 0.03936248184962743 0.05315417490485981
5 0.4080478075743758 0.21144424699706943 0.042469301131468205 0.05015650889724856
5 0.3357632205349459 0.41902859532391423 0.044040891490547726 0.051782675893442945
5 0.24529327752014654 0.2618156146012861 0.03932612041330898 0.046904174904859805
0 0.24321769311299524 0.21581736509557775 0.042469301131468115 0.05015650889724856
0 0.13894328357027072 0.28333247034250475 0.06894089754067197 0.03561384783255326
5 0.07884664178513535 0.14128423319408603 0.06734203610435349 0.029300180836358835
3 0.9854940131804029 0.707323207910853 0.02081246974937869 0.08676517095052709