0 0.1 0.29140625 0.0453125 0.0359375
0 0.25546875 0.303125 0.04375 0.03359375
0 0.4109375 0.2953125 0.04375 0.0328125
0 0.3875 0.24140625 0.04609375 0.0375
0 0.18125 0.2953125 0.04296875 0.03125
0 0.334375 0.29765625 0.04296875 0.03203125
0 0.2171875 0.01796875 0.03671875 0.03203125
0 0.015625 0.02421875 0.03125 0.0390625
0 0.07265625 0.015625 0.0546875 0.03125
0 0.1390625 0.015625 0.046875 0.03125
0 0.6765625 0.03125 0.02890625 0.06171875
0 0.53046875 0.0171875 0.040625 0.034375
0 0.659375 0.559375 0.02578125 0.0640625
0 0.95703125 0.1921875 0.05390625 0.04765625
0 0.96875 0.27578125 0.05390625 0.046875
0 0.98671875 0.05703125 0.0265625 0.0484375
0 0.9875 0.1296875 0.025 0.0453125