5 0.8671875 0.23984375 0.034375 0.0234375
0 0.559375 0.51484375 0.03984375 0.0375
0 0.56328125 0.4578125 0.0390625 0.03671875
5 0.278125 0.6765625 0.04140625 0.04609375
0 0.98828125 0.32890625 0.02265625 0.028125
0 0.2640625 0.1625 0.0296875 0.06484375
0 0.9109375 0.2421875 0.03671875 0.02890625
0 0.503125 0.47578125 0.03828125 0.03671875
0 0.7234375 0.82265625 0.028125 0.07265625
0 0.5109375 0.57265625 0.04453125 0.03828125
0 0.984375 0.0203125 0.03046875 0.02890625
0 0.575 0.55078125 0.03984375 0.0359375
5 0.67890625 0.33828125 0.0171875 0.071875
0 0.7578125 0.68828125 0.025 0.08203125
5 0.91796875 0.33046875 0.04140625 0.03125
3 0.78671875 0.41328125 0.02890625 0.12421875
3 0.6703125 0.9765625 0.04453125 0.0453125
5 0.7125 0.94453125 0.034375 0.08125
0 0.35390625 0.81796875 0.03671875 0.0453125
5 0.86484375 0.28515625 0.04296875 0.02890625
0 0.5046875 0.528125 0.04140625 0.0390625
5 0.134375 0.01640625 0.040625 0.0328125
0 0.30625 0.8609375 0.04140625 0.05625
5 0.459375 0.90546875 0.04140625 0.0609375
3 0.7859375 0.05234375 0.0234375 0.1046875