3 0.2855698613381226 0.08603815581117971 0.050545421544777015 0.09637038896415207
0 0.19778455678880888 0.3009018379687839 0.07365566861791084 0.041348696291098365
0 0.31299140027114647 0.23508648744838548 0.05178975897699045 0.041764776119281775
0 0.5831236557320955 0.621005134553138 0.04085225897699054 0.04119156603337348
0 0.19008918969514968 0.05213678934826486 0.03303066861791084 0.03921963025772479
0 0.5309793727509999 0.5183028584338562 0.04400453005422929 0.04604284034363317
0 0.8519317013044188 0.376577862390585 0.07361930718159257 0.035098696291098366
0 0.6362713816297946 0.6276955478275494 0.03774543969514958 0.04415279172311415
0 0.7097896530998169 0.3769386312737776 0.06732385538619426 0.026958647670579337
0 0.43420734923787413 0.12819243554850615 0.03147725897699054 0.040700243102595034
0 0.20057075184671175 0.7798080879687839 0.06739657825883123 0.03945864767057934
0 0.500982800542293 0.4636220024863908 0.034565897540672096 0.034614017412854636
0 0.6568277586824028 0.2679454115769309 0.0861102168225127 0.034191293532136326
0 0.7537709363755 0.2847411651949755 0.06735112646343318 0.03164614767057934
5 0.5325277163315334 0.38170693916655074 0.07670794574527377 0.029012470601357875
3 0.9096795270291672 0.1000020742855156 0.11131020472226431 0.06987648801421238
0 0.6530805899662961 0.2950844436891066 0.07202044574527378 0.02876680913596861
5 0.5617753756778662 0.5761496579588863 0.04402271077238851 0.049167840343633175
0 0.8457963725546083 0.6644496766149363 0.048664758976990186 0.041601001809022264
0 0.2996561289975159 0.35934950305221774 0.07514544574527396 0.02893058344622812
0 0.09118964402463055 0.37029256784239584 0.09546703610435352 0.03155761646291486
0 0.3669981651018694 0.3894331507227971 0.07044885538619425 0.027122421980838852
0 0.8624646803253757 0.3076198224764933 0.0595295361043533 0.02967421189493056
0 0.710289622849196 0.4628761312737776 0.05481476502711473 0.02474105042954129
0 0.8890241977883772 0.7112328233810045 0.054942030054229464 0.04661605042954129
5 0.06939854077973559 0.9205448733603199 0.03775453005422928 0.04571529172311415
5 0.9588917910743232 0.7726893017842784 0.05338862041330898 0.04809666327441153
5 0.9170259570599555 0.5572789857509048 0.056513620413308985 0.048260437584671224
5 0.02932090309981686 0.3412767752147706 0.05482385538619426 0.02630355042954129
3 0.9444146379745064 0.43219045454324034 0.10191702400410492 0.06626016508343398
0 0.9588993187908613 0.371249632516973 0.06115566861791066 0.040693599050060314
5 0.9508913760706497 0.33724644674132426 0.07054884933607006 0.04430992198083885
3 0.796930583916172 0.3198055619610437 0.18326701795398073 0.08770579715018094
0 0.34830621067419265 0.1299386420163698 0.03935339149054773 0.05204717887824382