0 0.10988107982967728 0.7176013370642726 0.0906441238454629 0.04052318068726599
0 0.6530998568799544 0.40231376752439624 0.044862732139537086 0.05056656603337366
0 0.6317975126766668 0.08961901571537388 0.04499943317629622 0.05212906603337355
0 0.20061409509824218 0.7749402035271876 0.09376912384546295 0.040686954997525504
0 0.7541633623465746 0.3236332468321813 0.037792525918981565 0.040864017412854545
0 0.8238833741747695 0.6121811697175312 0.04798773213953709 0.050730340343633176
0 0.7599062229497229 0.3835814569180896 0.044862732139537086 0.050566566033373575
0 0.6912327183315744 0.23557332485134247 0.0602922425071295 0.0669285504295413
0 0.9092970875588889 0.06649021144064535 0.043905824882222076 0.03962906603337355
0 0.918575051272315 0.1219146958368131 0.038886134213055354 0.05336401741285455
0 0.5936770472662971 0.48945524140511437 0.06001884043361087 0.06380355042954129
0 0.8849965314320845 0.6043963251900267 0.05519463939685174 0.06199538896415202
0 0.8325578707343997 0.8449460820874318 0.05322203628657398 0.05722600180902262
0 0.9041314914223166 0.9687764077317436 0.03371061866166656 0.029762743102595125
0 0.8325203315731038 0.9799352357509049 0.056874716588148286 0.027866050429541288