3 0.5484375 0.33515625 0.07265625 0.06328125
3 0.80234375 0.6890625 0.07265625 0.17265625
3 0.93671875 0.31328125 0.0703125 0.04453125
0 0.11171875 0.54921875 0.0265625 0.0328125
0 0.74765625 0.30625 0.0375 0.034375
5 0.3453125 0.4171875 0.040625 0.03515625
0 0.56640625 0.49765625 0.0296875 0.0296875
0 0.2578125 0.17109375 0.0296875 0.06328125
3 0.66953125 0.04765625 0.0265625 0.0953125
0 0.859375 0.3328125 0.03125 0.02890625
0 0.509375 0.47265625 0.0390625 0.03671875
0 0.5703125 0.4453125 0.040625 0.0390625
0 0.509375 0.5234375 0.040625 0.040625
0 0.4046875 0.5671875 0.03671875 0.0375
0 0.7 0.62578125 0.02421875 0.0734375
0 0.6390625 0.15859375 0.01796875 0.08828125
3 0.6484375 0.734375 0.0453125 0.15
0 0.69921875 0.15 0.0171875 0.071875
0 0.33671875 0.47578125 0.0375 0.0375
0 0.565625 0.5515625 0.04140625 0.03984375
0 0.75625 0.65 0.02109375 0.078125
5 0.45 0.55 0.04140625 0.0390625
0 0.35 0.82109375 0.0359375 0.04609375
0 0.7171875 0.840625 0.02265625 0.06484375
0 0.3078125 0.8671875 0.03984375 0.05234375
0 0.9796875 0.00859375 0.03671875 0.0171875
0 0.19765625 0.6796875 0.03984375 0.0453125
0 0.7921875 0.3984375 0.028125 0.0515625
5 0.12265625 0.02421875 0.0390625 0.0375
5 0.196875 0.96953125 0.03828125 0.0609375
5 0.4578125 0.909375 0.0390625 0.05546875
5 0.74453125 0.7390625 0.02890625 0.0765625
0 0.92265625 0.1359375 0.03828125 0.04921875
3 0.6953125 0.0390625 0.025 0.078125
0 0.66875 0.1578125 0.0171875 0.071875