0 0.09375 0.3203125 0.0296875 0.02421875
0 0.60703125 0.4015625 0.028125 0.025
0 0.43203125 0.43515625 0.03359375 0.0265625
0 0.29921875 0.4359375 0.0234375 0.0203125
0 0.846875 0.42265625 0.0375 0.0265625
0 0.85546875 0.60234375 0.03359375 0.0265625
0 0.76484375 0.4578125 0.0328125 0.0265625
0 0.7125 0.41796875 0.028125 0.02265625
0 0.81875 0.33046875 0.0390625 0.02734375
5 0.190625 0.3984375 0.03671875 0.02578125
5 0.725 0.31953125 0.03671875 0.028125
0 0.009375 0.56796875 0.01875 0.0234375
0 0.984375 0.44765625 0.0296875 0.025
0 0.45546875 0.88828125 0.01328125 0.059375
0 0.6421875 0.94765625 0.0125 0.059375
0 0.8296875 0.059375 0.02265625 0.046875
0 0.54140625 0.94765625 0.01171875 0.05390625
0 0.64140625 0.87890625 0.0140625 0.0578125
0 0.78359375 0.21171875 0.015625 0.0546875
0 0.671875 0.746875 0.01015625 0.04375
0 0.4671875 0.75625 0.015625 0.06328125
0 0.01015625 0.61640625 0.0203125 0.02421875
0 0.93671875 0.06484375 0.015625 0.06015625
0 0.621875 0.87890625 0.0140625 0.059375
0 0.5578125 0.946875 0.01171875 0.0546875
5 0.90625 0.18515625 0.0203125 0.06796875
0 0.6078125 0.94296875 0.0140625 0.05234375
0 0.43203125 0.72109375 0.01328125 0.05390625
0 0.59296875 0.94296875 0.0109375 0.04921875
0 0.6234375 0.94609375 0.0125 0.05390625
0 0.5234375 0.94921875 0.0140625 0.0578125
0 0.6625 0.9578125 0.0125 0.05859375
0 0.93203125 0.1984375 0.01484375 0.05625
0 0.890625 0.28359375 0.02421875 0.06875
5 0.91875 0.0125 0.0109375 0.025
0 0.575 0.9453125 0.01171875 0.05
0 0.88515625 0.2015625 0.01328125 0.04140625
3 0.15234375 0.9390625 0.075 0.08203125
3 0.028125 0.4046875 0.05625 0.05
5 0.72109375 0.60078125 0.03828125 0.02890625