0 0.0078125 0.28046875 0.015625 0.01953125
0 0.0078125 0.3 0.015625 0.01875
0 0.13828125 0.01171875 0.02578125 0.021875
0 0.60078125 0.6203125 0.025 0.01953125
0 0.065625 0.38203125 0.028125 0.02265625
0 0.09296875 0.15546875 0.02421875 0.01953125
0 0.68515625 0.6171875 0.02578125 0.01953125
0 0.1015625 0.3765625 0.02578125 0.02109375
0 0.60078125 0.65 0.0265625 0.01953125
0 0.87578125 0.5796875 0.02890625 0.02109375
0 0.06484375 0.35859375 0.025 0.01953125
0 0.00859375 0.325 0.0171875 0.01875
0 0.1890625 0.31640625 0.0234375 0.01953125
0 0.08671875 0.1109375 0.0265625 0.0203125
0 0.6453125 0.61796875 0.02734375 0.0203125
0 0.08203125 0.02109375 0.02578125 0.021875
0 0.7609375 0.58359375 0.025 0.01953125
0 0.82734375 0.58125 0.0296875 0.021875
0 0.15546875 0.32421875 0.02109375 0.01953125
0 0.00625 0.190625 0.0125 0.021875
0 0.2484375 0.37578125 0.0203125 0.0203125
0 0.0546875 0.13671875 0.021875 0.01875
0 0.05546875 0.16015625 0.02265625 0.01953125
0 0.10078125 0.353125 0.02578125 0.01953125
0 0.1875 0.27109375 0.025 0.0203125
0 0.009375 0.3453125 0.01875 0.01875
0 0.0078125 0.25703125 0.015625 0.01953125
0 0.17734375 0.725 0.02578125 0.01796875
0 0.09609375 0.2421875 0.02421875 0.01953125
0 0.09375 0.196875 0.0234375 0.01953125
0 0.1 0.30703125 0.025 0.02109375
0 0.08125 0.00546875 0.025 0.01015625
0 0.09296875 0.175 0.02265625 0.01875
0 0.01015625 0.37109375 0.0203125 0.01953125
0 0.18984375 0.3375 0.02265625 0.01875
0 0.0109375 0.41640625 0.0203125 0.01875
0 0.05703125 0.20703125 0.025 0.01953125
0 0.08359375 0.06640625 0.025 0.01953125
0 0.15390625 0.25703125 0.02421875 0.02109375
0 0.00625 0.2328125 0.0125 0.021875
0 0.2453125 0.328125 0.01875 0.01875
0 0.1921875 0.36015625 0.025 0.01953125
0 0.18359375 0.2265625 0.02265625 0.01875
0 0.60234375 0.5921875 0.025 0.01953125
0 0.73515625 0.61875 0.028125 0.021875
0 0.1015625 0.33125 0.025 0.01953125
0 0.09765625 0.26484375 0.02265625 0.01796875
0 0.0578125 0.2265625 0.02578125 0.01953125
0 0.15625 0.36953125 0.02109375 0.01953125
0 0.1796875 0.11484375 0.02421875 0.01953125
0 0.11796875 0.47421875 0.0109375 0.04453125
0 0.64921875 0.58984375 0.0234375 0.01875
0 0.24453125 0.303125 0.02109375 0.01875
0 0.14453125 0.0765625 0.02421875 0.0203125
0 0.1921875 0.4640625 0.0109375 0.04140625
0 0.1671875 0.40078125 0.021875 0.01953125
0 0.0484375 0.05078125 0.02265625 0.0203125
0 0.25390625 0.396875 0.02109375 0.01875
0 0.71875 0.5828125 0.021875 0.01796875
0 0.1765625 0.05 0.02421875 0.02109375
0 0.32109375 0.61875 0.02265625 0.03046875
0 0.06328125 0.3375 0.02421875 0.01875
0 0.18203125 0.16171875 0.02578125 0.02109375
5 0.6859375 0.58984375 0.028125 0.02109375
0 0.2078125 0.4625 0.01015625 0.040625
0 0.1734375 0.00703125 0.025 0.0140625
0 0.18046875 0.1359375 0.025 0.0203125
0 0.05625 0.18203125 0.02265625 0.01875
0 0.246875 0.34921875 0.01875 0.01796875
0 0.06171875 0.31640625 0.02421875 0.01875
0 0.18046875 0.46484375 0.01015625 0.04140625
0 0.14921875 0.18828125 0.0234375 0.0203125
0 0.153125 0.278125 0.0234375 0.01875
0 0.08046875 0.4796875 0.0125 0.04375
0 0.14765625 0.14453125 0.02421875 0.01953125
0 0.153125 0.29921875 0.01875 0.01796875
0 0.14296875 0.05546875 0.0203125 0.01875
0 0.04921875 0.0265625 0.025 0.0203125
0 0.16875 0.4671875 0.0109375 0.04296875
0 0.42890625 0.80234375 0.01015625 0.03671875
0 0.053125 0.11484375 0.02109375 0.01875
0 0.05234375 0.0953125 0.02109375 0.01875
0 0.23671875 0.1515625 0.02109375 0.0203125
0 0.0578125 0.48828125 0.01171875 0.0453125
0 0.0484375 0.00703125 0.021875 0.0140625
0 0.36796875 0.0140625 0.01328125 0.028125
0 0.35625 0.18828125 0.0109375 0.04609375
0 0.15625 0.46953125 0.0109375 0.040625
0 0.18359375 0.20625 0.02421875 0.0203125
0 0.15625 0.34375 0.021875 0.01796875
0 0.1421875 0.98671875 0.025 0.0265625
0 0.1484375 0.1671875 0.02265625 0.01875
0 0.0125 0.43515625 0.02109375 0.0171875
0 0.13046875 0.471875 0.0109375 0.0421875
0 0.21875 0.46015625 0.01171875 0.04375
0 0.23203125 0.45625 0.01015625 0.0421875
0 0.059375 0.24765625 0.0234375 0.01875
0 0.3796875 0.31171875 0.01171875 0.04921875
0 0.1890625 0.29140625 0.02578125 0.01953125
0 0.0609375 0.27109375 0.025 0.01875
0 0.1453125 0.1015625 0.02421875 0.01953125
0 0.2171875 0.725 0.02578125 0.01875
0 0.3703125 0.078125 0.01171875 0.0453125
0 0.228125 0.04296875 0.01484375 0.0203125
0 0.409375 0.465625 0.01484375 0.05859375
0 0.35234375 0.11953125 0.0125 0.0484375
0 0.14140625 0.03203125 0.02265625 0.01953125
0 0.2375 0.10625 0.02265625 0.02109375
0 0.05 0.07265625 0.02265625 0.0203125
0 0.1515625 0.2125 0.02109375 0.01875
0 0.0609375 0.29296875 0.0234375 0.01796875
0 0.146875 0.1203125 0.0203125 0.0171875
0 0.11796875 0.1640625 0.0140625 0.04296875
0 0.18046875 0.09140625 0.025 0.021875
0 0.36015625 0.2734375 0.01015625 0.04296875
0 0.17421875 0.02421875 0.025 0.01953125
0 0.24375 0.28828125 0.01875 0.01640625
0 0.09140625 0.13046875 0.02734375 0.0203125
0 0.08828125 0.08984375 0.02578125 0.01875
0 0.1 0.28671875 0.025 0.01953125
0 0.23515625 0.08203125 0.01640625 0.01875
5 0.1640625 0.76015625 0.0328125 0.01875
0 0.15234375 0.23125 0.02265625 0.01953125
0 0.2265625 0.01640625 0.015625 0.01875
0 0.25078125 0.421875 0.02421875 0.021875
0 0.184375 0.18203125 0.0265625 0.02109375
0 0.3765625 0.2359375 0.0125 0.04765625
0 0.04609375 0.490625 0.0125 0.0453125
0 0.1859375 0.24765625 0.02421875 0.01875
5 0.3484375 0.0109375 0.0125 0.021875
0 0.37265625 0.15234375 0.0125 0.04765625
0 0.14296875 0.471875 0.01328125 0.04296875
5 0.01015625 0.38984375 0.0203125 0.0234375
0 0.0078125 0.21328125 0.01484375 0.0265625
0 0.00546875 0.16328125 0.0109375 0.0234375
0 0.0046875 0.14375 0.009375 0.02109375
0 0.00390625 0.12109375 0.00703125 0.0171875
0 0.003125 0.0984375 0.00625 0.01875
0 0.00234375 0.08046875 0.0046875 0.01796875
0 0.22890625 0.128125 0.009375 0.01640625
0 0.22734375 0.059375 0.0125 0.01796875
0 0.17734375 0.0703125 0.025 0.01796875
0 0.09296875 0.2203125 0.02890625 0.01953125
0 0.084375 0.04453125 0.02578125 0.02109375