0 0.6365792390462467 0.5672543772350257 0.02543637662320535 0.025873019237293703
0 0.9471894565788425 0.5751462004711854 0.03327615016215546 0.027708337748947896
0 0.04914169440397796 0.6736532656090966 0.03483865016215578 0.027762901451278844
0 0.1391706306869858 0.7493675390227417 0.03327615016215577 0.027708337748947896
0 0.2271712370176518 0.672901753543379 0.033276150162155814 0.027708337748947896
0 0.7647939679429283 0.6471005899415646 0.030151150162155815 0.027599210344286362
0 0.5558237114468113 0.2733803808632228 0.016552300324311632 0.053670637023308564
0 0.36284568425770825 0.63849449329176 0.03322160308425506 0.024583337748947897
0 0.3230837548745592 0.6351983677011969 0.030096603084255057 0.024474210344286363
0 0.2822480694023303 0.4250346832176263 0.030123876623205526 0.02603671034428636
0 0.5499361757329962 0.34229407197021533 0.016443206168510117 0.047420637023308565
0 0.112071937097082 0.4231696267716895 0.033276150162155814 0.027708337748947896
0 0.5871322126646273 0.31366807496544025 0.016552300324311632 0.053670637023308564
0 0.0634302909954113 0.7496701285857881 0.030096603084255102 0.024474210344286363
0 0.35823959943410244 0.3208804073569106 0.016525026785361253 0.05210813702330856
0 0.31817193263285515 0.42456096806401655 0.030151150162155815 0.027599210344286185
0 0.24139124432125242 0.4397345894782285 0.016552300324311542 0.053670637023308564
0 0.28146504505260106 0.5593551195152953 0.03006932954530477 0.02291171034428636
0 0.18832119683960993 0.7515550323993196 0.03327615016215577 0.027708337748947896
0 0.2406513100701348 0.7505083983712358 0.030096603084255057 0.024474210344286363
0 0.1599793774372796 0.3176537475529293 0.016552300324311542 0.053670637023308564
0 0.22238392005095342 0.32093994945969506 0.016443206168510204 0.047420637023308565
0 0.22657476786020275 0.4386904446503716 0.016525026785361253 0.05210813702330856
0 0.37516227232442967 0.4249131429289402 0.033276150162155814 0.027708337748947896
0 0.5631909630749596 0.9695733345840871 0.0144170560063543 0.02080357332097762
2 0.3913323376629796 0.08002722886378975 0.11652502678536117 0.05560021397248331
0 0.14043449066780445 0.31911704383206496 0.018223894480112923 0.05997520072563933
0 0.3417106185088259 0.32848457623138455 0.01660684740221221 0.056795637023308566
0 0.3777299391256769 0.3225421110777749 0.013263659090609536 0.044186509618646855
0 0.10453790097622997 0.31802825898567466 0.01652502678536121 0.05210813702330856
0 0.010937905440456835 0.312708331125526 0.015098894480112918 0.05986607332097771
0 0.32614016558672654 0.3259052132546931 0.01660684740221221 0.056795637023308566
5 0.01980302192068783 0.7441666622510521 0.039553423701106115 0.029489092558271323
0 0.17550892005095342 0.32257686052962076 0.016552300324311542 0.053670637023308564
5 0.6409100032497062 0.4086060635326948 0.02441934740221221 0.05706845553496294
0 0.683897713068369 0.010061958445369713 0.016197744317957154 0.020123916890739425
3 0.6976355158316079 0.5135911746952877 0.05092730032431163 0.05487103847458741
0 0.6570589289794071 0.2885837402117171 0.01657957386326192 0.055233137023308565
0 0.5811733498444348 0.9681646020072823 0.016006829545304767 0.022420637023308387
0 0.09709222484278715 0.7445907589856746 0.033412517856907485 0.035520837748947896
5 0.15805659294128066 0.4278099975529292 0.03955342370110611 0.029489092558271323
0 0.060963404629677934 0.44369294709744234 0.022911394480112923 0.06013889183263199
0 0.19192880682042862 0.3212226916551467 0.01666139448011288 0.05992063702330856
0 0.2074583494341024 0.3261458046318382 0.02134889448011288 0.06008432813030114
0 0.2816225523562017 0.32667902877112254 0.016552300324311632 0.053670637023308564
0 0.2941498258951521 0.3246800191524757 0.016497753246410875 0.05054563702330857
3 0.9439377715136507 0.5377826097270125 0.0709943384737585 0.04151786660488845