0 0.6092490962347737 0.2871888442679045 0.046153109191583754 0.03775453005422928
0 0.7840581315522341 0.31977810958960673 0.052603368290882455 0.04091589149054773
0 0.6007776573089705 0.17938543462698414 0.04439035009228505 0.03462043969514968
0 0.3503651634736086 0.7841921510567135 0.033832384330011324 0.08922612646343317
0 0.5563174560446663 0.13197007914259398 0.054065738741233105 0.03936248184962739
0 0.7588299892026583 0.20660139871902236 0.04302810919158375 0.03773634933607006
0 0.6615649629844966 0.17668716062287904 0.03804022054263569 0.03302157825883123
0 0.9434855914544118 0.19771169116808768 0.06520349784053181 0.042551114363184706
0 0.2323244532668891 0.36909893706287106 0.0546059592838688 0.07216589149054782
0 0.10930725786268096 0.38857162060970063 0.06221820018457014 0.06908634328594587
5 0.4084819309062387 0.08124843735745862 0.06257914558877822 0.05034543364502546