0 0.10078125 0.3703125 0.03046875 0.02265625
0 0.05 0.40703125 0.03125 0.02109375
0 0.74921875 0.31640625 0.02890625 0.02265625
0 0.16875 0.4390625 0.02890625 0.0265625
0 0.20625 0.39765625 0.0265625 0.02265625
0 0.21015625 0.4359375 0.0296875 0.02421875
0 0.20625 0.36328125 0.0234375 0.021875
0 0.6125 0.26015625 0.02734375 0.02421875
0 0.115625 0.43828125 0.02578125 0.021875
0 0.10703125 0.403125 0.021875 0.01875
0 0.94140625 0.240625 0.03125 0.0234375
5 0.9421875 0.19296875 0.0359375 0.0265625
0 0.14140625 0.371875 0.02578125 0.021875
0 0.17890625 0.3171875 0.03203125 0.02734375
0 0.03359375 0.37734375 0.03203125 0.02421875
0 0.88203125 0.51953125 0.03203125 0.02421875
0 0.45390625 0.54609375 0.0140625 0.05703125
0 0.6765625 0.53984375 0.02890625 0.02421875
0 0.7125 0.53671875 0.02578125 0.02421875
0 0.8984375 0.190625 0.028125 0.025
0 0.81953125 0.1984375 0.03125 0.0234375
0 0.9828125 0.18515625 0.03359375 0.02578125
0 0.71953125 0.209375 0.0296875 0.02265625
0 0.7828125 0.63046875 0.0109375 0.04609375
0 0.6203125 0.54453125 0.03125 0.0234375
0 0.00859375 0.4140625 0.0171875 0.01875
0 0.678125 0.6328125 0.01328125 0.05546875
0 0.35390625 0.98671875 0.01484375 0.02578125
0 0.0671875 0.44453125 0.028125 0.021875
0 0.0203125 0.44609375 0.0296875 0.02109375
5 0.15 0.4 0.0375 0.02109375
0 0.378125 0.01796875 0.01171875 0.0359375
0 0.39375 0.0171875 0.01328125 0.03359375
0 0.43984375 0.8578125 0.01484375 0.06484375
0 0.85390625 0.30703125 0.03359375 0.025
5 0.8359375 0.521875 0.0375 0.02421875
2 0.64140625 0.8890625 0.10859375 0.04453125
0 0.7671875 0.51171875 0.01328125 0.05
0 0.8296875 0.628125 0.0125 0.053125
0 0.84453125 0.62890625 0.0125 0.05078125
0 0.42109375 0.8734375 0.0125 0.0609375
0 0.64609375 0.64453125 0.0125 0.053125
0 0.86484375 0.6265625 0.01328125 0.05859375
0 0.7953125 0.6265625 0.0109375 0.05234375
0 0.18515625 0.309375 0.0296875 0.02578125
0 0.90078125 0.6234375 0.01171875 0.05390625
0 0.34921875 0.70546875 0.0125 0.05078125
3 0.4359375 0.70859375 0.01953125 0.153125
0 0.4703125 0.24453125 0.0125 0.0484375
0 0.75234375 0.509375 0.0125 0.046875
0 0.7734375 0.20546875 0.02890625 0.0234375
0 0.9953125 0.61953125 0.009375 0.0578125
0 0.81484375 0.628125 0.01328125 0.0578125
0 0.66171875 0.6421875 0.01328125 0.05625
0 0.62578125 0.63984375 0.0109375 0.0359375
0 0.71015625 0.6390625 0.01484375 0.04765625
0 0.72578125 0.6359375 0.0140625 0.0546875
0 0.93046875 0.50078125 0.01640625 0.04921875