0 0.69453125 0.98125 0.02421875 0.0375
0 0.3984375 0.29921875 0.04375 0.03515625
0 0.390625 0.1921875 0.040625 0.03125
4 0.8375 0.22578125 0.06015625 0.08984375
0 0.63203125 0.4296875 0.02265625 0.0890625
0 0.94140625 0.3140625 0.04765625 0.0390625
0 0.63984375 0.16875 0.01796875 0.065625
0 0.6328125 0.81171875 0.02421875 0.08828125
0 0.08046875 0.015625 0.04921875 0.03125
0 0.33125 0.19453125 0.034375 0.03046875
0 0.0171875 0.0171875 0.034375 0.034375
0 0.1515625 0.0125 0.053125 0.025
0 0.72578125 0.02578125 0.02578125 0.0515625
0 0.71640625 0.11796875 0.0328125 0.078125
0 0.8921875 0.39296875 0.04921875 0.0671875
0 0.79296875 0.56875 0.025 0.0890625