3 0.5967905658949475 0.8478643198597284 0.11166667549789597 0.07263406847545255
3 0.34307279965287873 0.8934622123661878 0.08139882213985139 0.09875647748246622
3 0.054657695831497974 0.6831116910852715 0.10931539166299595 0.10997338217054295
3 0.7856819734214942 0.5733916532945758 0.0700793762235353 0.08711807063492075
3 0.19857629910472457 0.6814058960502036 0.10692461179556507 0.0707711798265045
5 0.6976859217000628 0.7165222871631617 0.03902778366526398 0.046153109191583754
0 0.7081621194304774 0.6631667496862329 0.03406746515360979 0.03804022054263569
0 0.6621402913001763 0.6805754927464027 0.03735615626060209 0.0429279796419344
0 0.05683025400671522 0.7717631809062386 0.06871528366526396 0.04805557063492074
5 0.5725991308632228 0.5988865993170928 0.04220734736759475 0.04791586829088246
0 0.699174043747247 0.5169530837393891 0.032450401451278844 0.03637759099298634
3 0.1681845156090966 0.071851620911776 0.14535219473518962 0.09973678901808822
5 0.14612093249983604 0.7485142504614253 0.06860615626060226 0.044930570634920744
5 0.5793178676163788 0.6979749413898133 0.05643353847458741 0.053504534237726276
0 0.502750422333035 0.5810995195828733 0.04215278366526398 0.046353368290882456
0 0.6480009241471336 0.5473426881506108 0.03735615626060209 0.0429279796419344
0 0.3385217751429255 0.3959666486710972 0.03886409255827132 0.04146560919158375
0 0.8584423393085924 0.9562425285252886 0.044623019237293705 0.027803627390181163
5 0.5383208785009701 0.43695829580103496 0.039136911069925694 0.04927810919158375
0 0.6317831579050648 0.6081602722037669 0.03406746515360979 0.03804022054263569
0 0.09277024320694202 0.706728466223699 0.07184028366526396 0.04825582973421945
5 0.43907478041558506 0.9246702444444456 0.048730165879249124 0.05612888648947987
5 0.7218724445655537 0.6068864713086028 0.04215278366526398 0.046353368290882456
0 0.7383630293192767 0.5382563872554467 0.04215278366526398 0.046353368290882456
0 0.727921581040708 0.38881759175895353 0.040699411069925695 0.04937823874123311
0 0.35069183749449395 0.9667693044389083 0.04387897477225655 0.05114099784053181
0 0.40373499194099766 0.9725174591269852 0.04053571996293304 0.0446907387412331
0 0.862549485950548 0.928317787624587 0.050927582939624474 0.02976664558877822
5 0.6765773027329216 0.6259077791435972 0.03902778366526398 0.046153109191583754
5 0.6837648093563435 0.5770394825673698 0.042261911069925696 0.04947836829088246
0 0.7606323881196169 0.4386766918512386 0.04220734736759475 0.04791586829088246
0 0.24375491216623404 0.37423374614248867 0.04834821996293304 0.04519138648947969
5 0.6758704306857375 0.8255270473421945 0.07184028366526399 0.04825582973421945
0 0.925250415709613 0.6575034423126639 0.037301592558271326 0.0413654796419344
0 0.8641517138028473 0.5909481955518665 0.03735615626060209 0.0429279796419344
0 0.26038685145912804 0.4136664859634559 0.043551592558271415 0.04176599784053163
0 0.1887523766020535 0.7833491278516064 0.08908234736759484 0.05091975478036197
0 0.8017286140729997 0.47263018969177023 0.04226191106992587 0.04947836829088246
0 0.7502776644436687 0.8921521452750113 0.06838790145127885 0.03868057063492074
0 0.38046861753156086 0.9978727028054639 0.03691964664195542 0.004254594389072252
3 0.8384325282229683 0.13907601248615942 0.04484127404661713 0.03405362739018099
5 0.6924329041920497 0.9995725100221492 0.06720734736759475 0.0008549799557016513
0 0.2563193333181427 0.8440548928110012 0.060902783665263985 0.04755492288667398
0 0.2850123069092729 0.7174819008305656 0.07803571996293313 0.04709384793281686
0 0.1928520887604383 0.7107930074012556 0.06698909255827142 0.04326794108527139
0 0.5261680418483304 0.8746585549003336 0.05254464664195542 0.03142927513842757
3 0.8548164416551469 0.2528776966316006 0.057470248818873415 0.08319203423772618
0 0.731453253373743 0.9379257202288688 0.07463790145127884 0.03908108883351815
5 0.39746019929005905 0.9055604966039139 0.05358135698624169 0.06111677513842757
0 0.31481885799773196 0.693553047499078 0.07959821996293304 0.04719397748246603
0 0.12465771570176384 0.17476706739571832 0.05147321996293312 0.045391645588778305