3 0.11112664174049217 0.9490919347637501 0.1347941070321154 0.08799825262089342
5 0.5564109723975623 0.508194715457732 0.060054922886674154 0.06297966378737563
0 0.39838772131782807 0.4973141795219627 0.04489099784053163 0.04489099784053163
0 0.23368487122554304 0.5421026526854922 0.035755829734219445 0.07231509099298634
0 0.17885287862679866 0.3293208528700623 0.037518588833518066 0.07554022054263569
0 0.35989480876707025 0.9401525215946833 0.044830441085271476 0.06822836829088245
0 0.05092813772609731 0.33440647594130657 0.05270349784053165 0.045391645588778305
0 0.630559871225543 0.5166697470745646 0.05144138648947969 0.04997901603912887
0 0.40128577653192876 0.6706317635751189 0.0546059592838688 0.07507914558877822
0 0.04142392736249438 0.38558824413990384 0.04781573874123303 0.04196625693983034
0 0.004971694942782823 0.3981173249538575 0.009943389885565646 0.038140350092285044
0 0.4086650848283485 0.5433380783499435 0.039903109191583755 0.039903109191583755
0 0.01934507557216631 0.4344961135105203 0.03869015114433262 0.03677810919158375
0 0.4767432587947568 0.500851387264672 0.05124112739018098 0.046854016039128865
5 0.2010528439276471 0.5535303084533032 0.035755829734219445 0.07231509099298634
0 0.3573960741878903 0.6998977614156505 0.044469495681063356 0.0868782387412331
0 0.6728417990494627 0.731033833287189 0.04705427513842757 0.054366127390180985
5 0.12989254935400454 0.23131295188261314 0.04074371838316741 0.0773029796419344
0 0.2858517412144684 0.7114849059246946 0.04739423658176474 0.08395349784053181
0 0.007936008637873318 0.3566109454042081 0.015872017275746636 0.04302810919158375
0 0.7233331523809502 0.7565857433739367 0.05526729333702498 0.06111677513842757
0 0.6430712746770022 0.07860854257105776 0.04815570018457009 0.07155362739018098
5 0.5840518044481335 0.8417593846437784 0.053804922886674336 0.06257914558877822
0 0.39637344078072967 0.4437583829457353 0.04362888648947969 0.04947836829088246
0 0.35550649985234173 0.8750782341177545 0.05238212523071262 0.08894138648947951
0 0.2434732765319288 0.6807448480897003 0.04543121838316742 0.07760336829088246
0 0.15988403069398194 0.4067845188169061 0.03888082973421945 0.07251535009228505
5 0.20465151989664027 0.1938444278239197 0.035755829734219445 0.07231509099298643
5 0.13793319170358034 0.11798163710778846 0.04563147748246603 0.08072836829088237
3 0.03718102251753395 0.2246402521594683 0.0743620450350679 0.14759449568106336