3 0.2040014252601992 0.05593956905420132 0.0982471494796016 0.11187913810840264
3 0.8800870539360443 0.478125547115277 0.12012879353213642 0.0886287017473613
3 0.8927607943251058 0.5191863049990617 0.1215275192218769 0.08554006933854179
0 0.24705879070706124 0.6309720173830901 0.03921963025772479 0.03368532218833344
5 0.4660301187262224 0.6961021356398607 0.04719590456798421 0.03699216014423605
3 0.8067502097472239 0.1950240660169785 0.0914925384437538 0.1675524823325695
0 0.5101618990293757 0.747354857904444 0.0407821302577247 0.03372168977951393
0 0.4030664512679394 0.6468483244694442 0.03913774310259512 0.03212282218833344
0 0.903380711783389 0.569658430474027 0.04423467887824373 0.04004442496187508
0 0.5218706829505736 0.7026054023573607 0.042344630257724704 0.033758057370694414
0 0.6494158288121307 0.6809096274717354 0.02852114767057934 0.06776938145888885
5 0.47523137833716084 0.6545322314795483 0.04719590456798421 0.03699216014423605
5 0.32510630484055547 0.4668536595755553 0.04596095318850324 0.043205792553055566
0 0.8874713495043455 0.769004467043159 0.04332727611928178 0.052508057370694416
0 0.46617611940359094 0.24664764950756904 0.04127345318850324 0.04309668977951393
3 0.7207098954113311 0.8392111303215272 0.061641264133494286 0.16373649810013902
0 0.8485393193127339 0.06764329521541596 0.039294873360319824 0.06489895459715281
0 0.8449540581199159 0.5827227813477076 0.049085953188503596 0.04327852773541672
0 0.4159028024657062 0.31258242724298574 0.04094590456798421 0.03684668977951393
0 0.43660480608375085 0.21534375133118017 0.04143722749876275 0.04622168977951393
5 0.7208392859573628 0.3156288131671869 0.043156857756487456 0.07903418977951393
0 0.644619865446862 0.5639767006099994 0.026794873360319826 0.06460801386770836
0 0.9565234011770822 0.46386171894302 0.03798467887824373 0.03989895459715278
3 0.6721694968362406 0.9316356728745827 0.055404552238563554 0.1042887629177777
0 0.5259716847595959 0.65413153476618 0.0392196302577247 0.03368532218833344
0 0.3424974434660232 0.6412354105254858 0.04719590456798421 0.03699216014423605
0 0.36740010968111086 0.9402898531547912 0.0456334045679843 0.03695579255305574
0 0.3026436431480236 0.046796385924201135 0.03683161465389251 0.04767508700597225
0 0.33411729817029306 0.8606939253431246 0.044070904567984306 0.03691942496187508
5 0.6779380557450666 0.43445220155993003 0.03526247060135788 0.07728985182361114
0 0.6591172981702931 0.8531294663775689 0.024904824739800803 0.058321646276527875
3 0.5475400633198401 0.025439950703715054 0.03608798620519007 0.05087990140743011
5 0.9578502057904952 0.5129895499650686 0.03009029172311415 0.03815461664125017
5 0.59861356739217 0.7718262214115619 0.030411196291098362 0.07405574905006951
4 0.6085185068974049 0.020079650266874756 0.04143722749876275 0.04015930053374951
0 0.7721295482818348 0.20051165302295076 0.03724105042954129 0.0554875870059723
0 0.4820888037089016 0.06212717914284681 0.04538109905006031 0.06191942496187504
5 0.8891233757351691 0.06747898784472148 0.06050813206674697 0.08255923328250006
0 0.8074263184082227 0.09278941879052016 0.049324970601357876 0.07761716014423614
5 0.6604528211217563 0.02364264133944389 0.028937227498762753 0.04593074905006947
5 0.6333956761647104 0.02010659935506918 0.028773453188503238 0.04021319871013836