0 0.684375 0.43203125 0.0375 0.05625
5 0.24140625 0.659375 0.04375 0.04609375
5 0.4296875 0.5640625 0.04296875 0.0421875
0 0.40078125 0.5359375 0.0359375 0.0375
5 0.52109375 0.2265625 0.03515625 0.05546875
0 0.70234375 0.8046875 0.025 0.06796875
0 0.703125 0.07421875 0.01484375 0.0625
0 0.77421875 0.06015625 0.0171875 0.06875
5 0.8953125 0.34296875 0.04296875 0.0296875
0 0.72109375 0.3109375 0.03125 0.06640625
0 0.6046875 0.56328125 0.04140625 0.0359375
0 0.5390625 0.5328125 0.03828125 0.03515625
0 0.3859375 0.63671875 0.0390625 0.04140625
0 0.546875 0.47734375 0.0390625 0.0390625
0 0.98203125 0.02890625 0.03515625 0.02890625
0 0.6875 0.94921875 0.0234375 0.0625
0 0.35 0.83359375 0.034375 0.0453125
0 0.67578125 0.01796875 0.0171875 0.0359375
3 0.67578125 0.14609375 0.021875 0.11484375
0 0.70859375 0.87890625 0.028125 0.07109375
3 0.9109375 0.95703125 0.053125 0.0859375
0 0.64765625 0.08828125 0.01796875 0.07265625
0 0.64609375 0.1921875 0.01796875 0.07578125
0 0.2609375 0.16875 0.025 0.05234375
5 0.73984375 0.77734375 0.0296875 0.084375
5 0.12890625 0.01953125 0.03828125 0.0390625
0 0.30546875 0.86796875 0.0390625 0.046875
5 0.45546875 0.921875 0.040625 0.0703125
5 0.721875 0.68984375 0.03046875 0.0765625
0 0.7578125 0.67421875 0.02578125 0.07421875
0 0.9609375 0.34609375 0.04140625 0.03515625
5 0.70390625 0.165625 0.0171875 0.06640625