0 0.5565498931480235 0.021326366321478035 0.029762743102595125 0.03288809471009328
0 0.5801213534610744 0.4335309637329944 0.03189845318850324 0.04391659997176518
0 0.6095720788121307 0.6592443242986905 0.03157090456798421 0.03766659997176518
5 0.599354868837764 0.021948721625502186 0.03642217887824373 0.04106461575678068
0 0.08839087686682279 0.483200365897955 0.06356453301668678 0.023952710466874017
0 0.036295031096122816 0.674720007963095 0.061920145861557016 0.0222992052052021
0 0.02952542882247297 0.5777918000564698 0.05905085764494594 0.02064569994353036
0 0.033562856740434785 0.5930982816406183 0.06192014586155703 0.0222992052052021
5 0.3746902250123719 0.4299186582736785 0.030172178878243815 0.04070059471009326
0 0.034927282905145116 0.6265100211172745 0.05098264586155703 0.021662168373499213
0 0.02888582033081636 0.5583515553181415 0.05777164066163272 0.022117194681858444
0 0.9257758536882171 0.8378804746092741 0.055588258706427494 0.020372684158514433
0 0.03563328980255008 0.6576235132247668 0.06512703301668676 0.024043715728545932
5 0.6638910866140468 0.6630903901401757 0.033297178878243724 0.04088260523343692
0 0.25614494290019635 0.43292880816073903 0.0620839201718165 0.0254242052052021
0 0.12620845940853972 0.43037149751033843 0.06389208163720576 0.030202710466874016
0 0.22428743328925793 0.47606415813250413 0.06693519448207601 0.028822220990217674
0 0.23958712743264968 0.6745625713149186 0.04785764586155698 0.02148015785015538
0 0.03554808062115297 0.6443877658556028 0.06973264586155702 0.02275423151356133
0 0.029579660505107276 0.6962687842714542 0.05915932101021455 0.02395271046687384
0 0.1030697732942067 0.6638210343420413 0.0636464201718165 0.025515210466873838
0 0.1071774191557637 0.6448890238186976 0.06200203301668679 0.0238617052052021
0 0.038253678766702146 0.6076235132247667 0.054107645861557016 0.02184417889684287
0 0.774470060494765 0.7080550086689665 0.05090075870642714 0.020099668373499212
0 0.6588140829960022 0.7599653901401757 0.03946529172311397 0.03968412628012441
0 0.6705427990748042 0.803677592785129 0.04719590456798421 0.03857665258848364
0 0.6512262330414307 0.8453036506635193 0.04029080732694616 0.025712631541796326
0 0.551648956922149 0.902508476887174 0.03165279172311415 0.03922909997176518
0 0.811174443127339 0.8250836139729907 0.07170458163720568 0.030657736775233247
0 0.7969548128696141 0.8586241560663656 0.06833392017181658 0.025788226251889767
5 0.8969481688170795 0.8232033245810392 0.0684976944820761 0.028913226251889766
5 0.7317359266189956 0.8398356296874191 0.07170458163720568 0.030657736775233247
0 0.787157088988896 0.8077896981597403 0.049338258706427315 0.020008663111827474
0 0.9327838495043455 0.7338832193476021 0.05320024310259512 0.034253173635170955