5 0.57890625 0.64921875 0.040625 0.05703125
0 0.61484375 0.95390625 0.0296875 0.06484375
0 0.125 0.771875 0.03671875 0.0421875
0 0.14609375 0.6984375 0.04140625 0.04140625
0 0.55 0.5203125 0.0375 0.03984375
0 0.33828125 0.60234375 0.0359375 0.0375
0 0.675 0.27265625 0.01875 0.07734375
0 0.740625 0.7265625 0.0234375 0.065625
0 0.98125 0.03125 0.0375 0.03046875
0 0.65625 0.934375 0.03046875 0.06875
0 0.67421875 0.02890625 0.0171875 0.0578125
0 0.88203125 0.11953125 0.034375 0.05859375
0 0.7609375 0.63671875 0.01875 0.065625
0 0.69453125 0.81640625 0.0234375 0.06328125
0 0.66796875 0.7171875 0.02109375 0.084375
0 0.5 0.25703125 0.034375 0.05390625
4 0.7625 0.31484375 0.05078125 0.09296875
0 0.71484375 0.7 0.02109375 0.06953125
0 0.69140625 0.90859375 0.021875 0.0546875
0 0.34453125 0.82421875 0.03671875 0.04375
0 0.634375 0.56171875 0.01796875 0.0765625
0 0.59140625 0.08203125 0.02734375 0.0734375
3 0.98125 0.3359375 0.0375 0.0328125
5 0.66796875 0.97890625 0.0234375 0.0421875
0 0.671875 0.5234375 0.01953125 0.08046875
0 0.71796875 0.815625 0.028125 0.05703125
4 0.7046875 0.10703125 0.02265625 0.10703125
0 0.26171875 0.17265625 0.0328125 0.06796875
0 0.3 0.86484375 0.0421875 0.06328125
5 0.45234375 0.9109375 0.0375 0.06015625
0 0.978125 0.1875 0.03046875 0.03828125
5 0.13046875 0.021875 0.04140625 0.04375