0 0.6910941656070108 0.1960030576345028 0.046590776735204995 0.041388659090609535
0 0.8410380793724361 0.6400240186742769 0.046262994804219915 0.03670115909060954
0 0.6102583369140048 0.5165531112052252 0.04313799480421991 0.036646612012708954
0 0.7308179472858944 0.1264757617744181 0.045028276735205 0.041361385551659156
0 0.5812382003879876 0.25815027597787765 0.039903734160558105 0.0350295649348082
0 0.5911105911013786 0.18679742735784938 0.03510697351689647 0.033385244317957155
0 0.6944326970337928 0.0535837325534249 0.04826253737886681 0.042978432629559846
0 0.6915969101591292 0.1584485105566021 0.046481516091543364 0.039826159090609534
0 0.7066798688449899 0.5195632885597793 0.04470049480421991 0.03667388555165925
0 0.5579688532576496 0.6301031424548134 0.04448197351689629 0.033548885551659066
0 0.7662733901323134 0.5216518940796664 0.04949725544788173 0.038318206168510116
0 0.6547299667316325 0.36950478734196335 0.034057925746469306 0.06301819724005639
0 0.9081163187287743 0.6372887564994123 0.043028734160558454 0.03508411201270896
0 0.7330070580851127 0.6387808928618505 0.048044016091543365 0.03985343262956
0 0.5881002055837676 0.2220491347441756 0.0414662341605581 0.03505683847375849
0 0.38017236314500674 0.41418959050564863 0.034385707677454566 0.0677056972400564
0 0.576501423904884 0.2910855069031541 0.04313799480421991 0.03664661201270878
0 0.786405209694267 0.6417598425375388 0.0414662341605581 0.03505683847375849
5 0.20053912948865166 0.5299624151796895 0.048153276735205086 0.04141593262955982
0 0.701278276735205 0.02843372808919803 0.037467149011264314 0.02250229139585782
0 0.7313860298372983 0.15697178531336844 0.04157549480421992 0.03661933847375849
0 0.6503206082013282 0.5189826359619916 0.0414662341605581 0.03505683847375849
0 0.8231953794886516 0.519093909907979 0.04960651609154354 0.03988070616851012
0 0.7374068008725201 0.08646837054071607 0.04470049480421991 0.03667388555165918
0 0.6877399366422328 0.12566328409555244 0.04324725544788173 0.038209112012708824
0 0.6291836635133239 0.36212866396516874 0.032386165102807674 0.06142842370110611
0 0.9529753506597596 0.6411989606393276 0.0414662341605581 0.03505683847375849
0 0.9586794114196369 0.5214222487887745 0.04960651609154354 0.03988070616851012
0 0.6213964767942166 0.9778588039810547 0.02518567029858776 0.025409103084255237
0 0.6757690864098016 0.3683553445661337 0.03961951089576328 0.07560001785690754
0 0.5029935960450571 0.0788270146137919 0.042744510895763276 0.07565456493480816
0 0.6504841351886348 0.6331815036567432 0.038122712873234654 0.03187729139585791
3 0.34450338887180565 0.16137823620357758 0.06499085149293879 0.12598184740221224
5 0.4241340746808591 0.8303367418856205 0.03772922896477802 0.07088524431795698
5 0.2743797291400051 0.8923981854722289 0.04696211733238069 0.09133411201270861
5 0.23531223927946368 0.7475902459428102 0.055823665102807674 0.06183752678536116
5 0.2030517603146856 0.6777550328744412 0.05916718639013112 0.06501707386326191
5 0.479511809422495 0.2575793060096497 0.03940098960843983 0.07247501785690744
5 0.40893223960843983 0.0648247901813371 0.043181553470410174 0.08190456493480816
0 0.3590854228964778 0.004044797484937772 0.0337958457929556 0.008089594969875545
0 0.4905971388718056 0.1588281603117208 0.03616672896477802 0.07085797077900677
0 0.5773572636688803 0.8738122321463878 0.041728314114071983 0.08343979139585792
0 0.6402011071160475 0.9783127715136507 0.028201409654926124 0.023901150162155816
0 0.66223999808154 0.980274691968346 0.030998627723940863 0.019268197240056396
0 0.6025001032576496 0.6293258465947286 0.048699579953513705 0.049228432629560004
0 0.9115858901323133 0.5191154549572848 0.04982503737886716 0.04300570616851011
0 0.9912659053415013 0.6387227970844913 0.017468189316997496 0.04604888555165907
0 0.7399637183211164 0.055917799923865044 0.043465776735205 0.04133411201270885
0 0.610324402869662 0.3608934464325729 0.03972877153942491 0.07716251785690745
0 0.7165579773752941 0.36998998255342486 0.04140053218308672 0.07875229139585782
0 0.6956827486626176 0.37348317532925446 0.03816627153942491 0.07713524431795715