0 0.5109375 0.39453125 0.03125 0.02421875
0 0.309375 0.3671875 0.03125 0.0265625
5 0.71953125 0.30078125 0.0328125 0.02421875
0 0.984375 0.37578125 0.03125 0.0265625
0 0.97578125 0.5390625 0.0296875 0.02265625
0 0.42890625 0.93203125 0.02734375 0.05078125
0 0.93984375 0.41171875 0.03359375 0.02578125
0 0.8140625 0.30859375 0.03828125 0.0265625
0 0.64765625 0.8765625 0.01328125 0.05546875
0 0.815625 0.0296875 0.02265625 0.05078125
0 0.534375 0.95390625 0.01328125 0.05390625
0 0.67578125 0.73671875 0.0109375 0.046875
0 0.56484375 0.946875 0.0125 0.05625
0 0.61640625 0.93984375 0.0140625 0.0546875
0 0.9234375 0.03046875 0.01328125 0.05703125
0 0.6703125 0.946875 0.0140625 0.05859375
0 0.63359375 0.9421875 0.0109375 0.05390625
0 0.5484375 0.9484375 0.01171875 0.05234375
0 0.8890625 0.2734375 0.01796875 0.0609375
0 0.47109375 0.75703125 0.01640625 0.0640625
0 0.8796875 0.175 0.0125 0.0421875
0 0.65234375 0.94609375 0.0125 0.06015625
0 0.5828125 0.94375 0.01328125 0.0546875
0 0.6015625 0.940625 0.01328125 0.053125
0 0.75703125 0.34453125 0.03671875 0.0265625
0 0.51328125 0.89921875 0.0390625 0.040625
5 0.928125 0.1640625 0.01875 0.06796875
0 0.775 0.184375 0.01875 0.065625
5 0.43125 0.31484375 0.04375 0.03515625
5 0.76953125 0.3 0.03828125 0.03203125
3 0.15078125 0.9625 0.0765625 0.075