0 0.54296875 0.43828125 0.03359375 0.025
0 0.60078125 0.44296875 0.03359375 0.02734375
0 0.0328125 0.62578125 0.0328125 0.0234375
0 0.2234375 0.58046875 0.03359375 0.02265625
0 0.225 0.62734375 0.03203125 0.021875
0 0.2375 0.6625 0.03125 0.02578125
0 0.290625 0.62890625 0.02890625 0.02421875
0 0.28984375 0.67109375 0.0296875 0.02421875
0 0.8484375 0.65234375 0.0328125 0.0265625
0 0.2796875 0.58984375 0.03125 0.02578125
0 0.16328125 0.6234375 0.03515625 0.02578125
0 0.8421875 0.68515625 0.03515625 0.025
0 0.78359375 0.421875 0.04140625 0.0265625
5 0.6875 0.4015625 0.0375 0.02890625
0 0.903125 0.16015625 0.0125 0.05625
0 0.41015625 0.95625 0.0140625 0.05859375
0 0.42734375 0.8296875 0.01328125 0.06328125
0 0.11875 0.62109375 0.03515625 0.025
5 0.8546875 0.71953125 0.03984375 0.0296875
5 0.5328125 0.38515625 0.04140625 0.0296875
5 0.8296875 0.47109375 0.0359375 0.06171875
0 0.2453125 0.77421875 0.01796875 0.06875
0 0.4640625 0.92109375 0.01953125 0.06875
0 0.62890625 0.828125 0.01328125 0.04375
0 0.57578125 0.95703125 0.01484375 0.06796875
0 0.5921875 0.959375 0.01796875 0.078125
0 0.8265625 0.4140625 0.04296875 0.0390625
5 0.90625 0.0359375 0.01953125 0.071875
0 0.7984375 0.15234375 0.028125 0.04609375
0 0.74765625 0.3 0.01796875 0.0546875
0 0.84609375 0.29609375 0.01875 0.0390625
0 0.9 0.290625 0.0203125 0.0578125