3 0.8484375 0.934375 0.065625 0.13125
3 0.5296875 0.43984375 0.07265625 0.03984375
0 0.96015625 0.22578125 0.034375 0.02890625
0 0.2265625 0.8875 0.0296875 0.06484375
5 0.06484375 0.5125 0.04921875 0.040625
0 0.61171875 0.221875 0.0359375 0.02890625
0 0.5875 0.67578125 0.034375 0.03046875
3 0.18671875 0.05078125 0.0296875 0.1015625
4 0.28984375 0.6484375 0.0359375 0.1
5 0.2140625 0.16171875 0.02109375 0.07578125
0 0.26484375 0.64375 0.02265625 0.0703125
0 0.559375 0.93046875 0.03359375 0.046875
0 0.4390625 0.3390625 0.02890625 0.02265625
0 0.10234375 0.453125 0.034375 0.028125
0 0.21796875 0.83359375 0.02734375 0.06640625
0 0.390625 0.9703125 0.0328125 0.05703125
0 0.5203125 0.04921875 0.0390625 0.03359375
0 0.24140625 0.74765625 0.0234375 0.0640625
0 0.1890625 0.9734375 0.0328125 0.05234375
0 0.75234375 0.8890625 0.03515625 0.04453125
0 0.25234375 0.20390625 0.02109375 0.0625
0 0.58359375 0.7734375 0.034375 0.03828125
0 0.55078125 0.7453125 0.03203125 0.034375
0 0.5671875 0.121875 0.034375 0.0265625
0 0.30546875 0.134375 0.01796875 0.06171875
0 0.40546875 0.25546875 0.02890625 0.0234375
0 0.15546875 0.7859375 0.01953125 0.08125
5 0.1921875 0.1625 0.01875 0.071875
0 0.75234375 0.928125 0.028125 0.04296875
5 0.25 0.8078125 0.034375 0.08359375
5 0.20859375 0.0328125 0.0171875 0.065625
0 0.246875 0.0328125 0.0171875 0.065625
3 0.50859375 0.97578125 0.0296875 0.0484375
0 0.48828125 0.34140625 0.0421875 0.028125