0 0.5594168737772411 0.7696356260741329 0.039635244317957154 0.03326703333863605
0 0.4284981103845604 0.7423362347230883 0.03966251785690744 0.03482953333863605
0 0.36712641355154113 0.5377572753819069 0.03966251785690744 0.03482953333863605
3 0.19160821631148464 0.506033466024817 0.0680057061685102 0.047656797342454024
3 0.9067519752399384 0.531538926121858 0.08242276217486477 0.06813292934436319
0 0.581350374995057 0.7284930054105418 0.03807274431795715 0.03324885200509069
3 0.23523411647693573 0.051945950031816714 0.09234323295387145 0.0994920173456358
0 0.4531791416374439 0.32161520206076993 0.03971706493480802 0.037954533338636146
0 0.804509816556366 0.31242475210849496 0.03875458279171547 0.07231135200509069
5 0.20678497726853323 0.6147817573599533 0.04276024431795715 0.03330339600572696
0 0.700951988632619 0.5549202400938593 0.04303297970746058 0.04892839600572714
0 0.15886962864850504 0.5993834766868172 0.04278751785690749 0.034865896005727134
0 0.25997816111590916 0.6193061727004985 0.041225017856907444 0.0348477146721816
0 0.5013342236183805 0.2612504140674514 0.03974433847375849 0.03951703333863606
0 0.5572891322986577 0.960978241406724 0.03861821509696402 0.06449885200509087
5 0.539432061685102 0.4749316534054513 0.04769320616851012 0.047420440006363404
0 0.3435142207790068 0.03524080271322513 0.041388659090609535 0.044222714672181564
5 0.47936118100141145 0.7476146280633152 0.038045470779006864 0.03168635200509051
5 0.3226963494275118 0.6325334260423162 0.04435001785690744 0.034884077339272325
0 0.32407447402541767 0.08500444537713434 0.04623980032431154 0.05365225867281791
0 0.4734177293004235 0.22811974073040614 0.041388659090609535 0.0442227146721816
0 0.899810859577077 0.13388267612185803 0.04179776217486477 0.0676602146721816
0 0.8849684784863492 0.5812752967854491 0.05079093262955965 0.04589430267345414
0 0.5095170961843962 0.10356518340226957 0.04303297970746058 0.048928396005727
5 0.631862843745469 0.6689367394175416 0.051118215096963834 0.06464430267345414
0 0.38698454057848836 0.8699521573838158 0.03651024431795715 0.03323067067154497
0 0.7709217950460105 0.4018594221037225 0.03253185633066593 0.07380112667090888
0 0.5366282102224047 0.7170373374044967 0.041225017856907444 0.0348477146721816
5 0.46446683806342615 0.6997947460614062 0.042787517856907445 0.034865896005727134
0 0.4259300381428563 0.9532010093889067 0.04435001785690744 0.034884077339272325
5 0.8669710860381266 0.1319383681174037 0.04511367694751698 0.07863407733927245
0 0.7282803275134146 0.4201094354312228 0.03239548863591431 0.06598862667090888
0 0.37365487743068904 0.6432805693825432 0.0428420649348082 0.03799089600572696
0 0.8541768055993174 0.20443098611549465 0.04344208279171582 0.07236589600572696
0 0.43474238189491593 0.6525833913908154 0.0428420649348082 0.03799089600572714
3 0.5484054614402207 0.6757765380728603 0.08842730032431163 0.054143154678545004
0 0.3939361497518234 0.6864765860518613 0.03333069724005648 0.030069308004454242
0 0.9067778798696164 0.08553608278958526 0.020748876623205348 0.025236357336090774
0 0.7671870945595431 0.3221446501034043 0.043632997564368024 0.08330339600572696
5 0.8093825028393737 0.2335912274426768 0.04667617694751698 0.07865225867281786
0 0.5291204841716874 0.06317654073836035 0.04157957386326174 0.05516021467218155
3 0.3478384456119081 0.7304623960454979 0.08856366801906326 0.061955654678545004