0 0.6924610167905856 0.7950070323010288 0.03587359818322895 0.040178460910325245
0 0.28491906800823197 0.6138859963761559 0.06323332363742162 0.03309928454774678
0 0.28244790118855134 0.6537935192549733 0.050350686364518005 0.02739141848667046
0 0.12208448603586061 0.6721613977338853 0.06961086939505616 0.03517196757828493
0 0.6151949521163336 0.1807695759326314 0.03418355242559432 0.038488415152690705
0 0.9461114016475932 0.5876401688250263 0.026658094849248925 0.022353232122152632
0 0.6978639309045063 0.1796532282084445 0.03418355242559432 0.038488415152690705
0 0.2833409793679008 0.7199287022855114 0.058545823637421626 0.03271664727484325
0 0.665658627101786 0.5741844782084445 0.0375636439408634 0.041868506667959694
0 0.650401191486174 0.8285371383601653 0.0362562354561323 0.04486596091032524
0 0.10711331921617998 0.7110485545516262 0.06167082363742162 0.03297173879011232
0 0.6167574521163335 0.18089712169026595 0.027550915152690793 0.03329073212215254
0 0.6900511730285984 0.10194281638973371 0.027423369395056164 0.03172823212215255
0 0.27648365423266713 0.28367246682937897 0.050350686364518005 0.02739141848667064
0 0.2500658358860794 0.6362075354658308 0.055293277879787085 0.03089905575957417
0 0.7092960252947133 0.2804663001788762 0.030803460910325244 0.035108323637421626
0 0.557926133310704 0.6511140268410169 0.04081618969849785 0.04368609818322877
0 0.7048475124178356 0.22898354851188624 0.03549096091032524 0.03549096091032524
0 0.1959524207333887 0.6632485254638911 0.05347568636451801 0.02764651000193972
0 0.9482318821027558 0.5712976917038436 0.025223140606883732 0.023788186364518182
0 0.27606906605137793 0.2694824210717444 0.050350686364518005 0.02739141848667064
0 0.180566536794465 0.6494092950087286 0.05360323212215259 0.029209010001939716
0 0.903955594680071 0.5260012960959903 0.05347568636451783 0.02764651000193972
0 0.7075115451294147 0.6491683738162978 0.0391261439408634 0.04199605242559414
3 0.39687680513135437 0.571905403652939 0.15522937606301596 0.07630689273291544
5 0.6833546339389237 0.06836504184392647 0.036415732122152634 0.027806006667959782
0 0.6572710107508456 0.2337509257828502 0.03223841515269079 0.03367336939505616
0 0.39579215043964533 0.4310412875918626 0.03418355242559432 0.03848841515269079
0 0.3902275477144886 0.3739622401672382 0.03549096091032524 0.03549096091032524
0 0.38919107726126556 0.3384871257731519 0.03392846091032524 0.0353634151526907
0 0.4042260169597635 0.2988187189554109 0.06505091515269079 0.0363518303053814
0 0.39540899741492613 0.28158342153078636 0.05685577787978709 0.031026601517208797
5 0.3789546921143939 0.2133915309239029 0.04158146424430509 0.053061098183228864
0 0.37386845044934364 0.169721279256913 0.04263378121376693 0.0469386439408634
0 0.3781412333301005 0.11737752925691296 0.05047823212215254 0.028953918486670595
0 0.2544485128768776 0.0718900728885156 0.06167082363742162 0.03297173879011235
0 0.26489206317644004 0.16554434910131274 0.06505091515269071 0.0363518303053814
0 0.2689259878720284 0.20283705501066818 0.06686850666795978 0.03960437606301594
0 0.26811291590159675 0.2224320778894854 0.06010832363742162 0.032844193032477875
0 0.27315123120406865 0.23778601092002355 0.06323332363742162 0.03309928454774687
0 0.2766270465065406 0.2530123981929272 0.06010832363742162 0.032844193032477785
0 0.28601827983664113 0.3402891286480898 0.06010832363742162 0.032844193032477785
0 0.2857153908967476 0.3536341515269071 0.05685577787978709 0.031026601517208707
0 0.2933207257440569 0.38571319895153156 0.06323332363742162 0.03309928454774687
0 0.28944642665244247 0.4042718803150797 0.06479582363742162 0.033226830305381407
0 0.2920134461972798 0.42099699470916613 0.06648586939505616 0.034916876063016036
0 0.2992679657421172 0.43810474637615604 0.053730777879787084 0.030771510001939718
0 0.6624233461778831 0.9702940747246835 0.0375636439408634 0.04186850666796005
0 0.7523148936025076 0.9674079329098518 0.03262105242559432 0.03836086939505634
2 0.05403534301308114 0.46527392682162033 0.09588606909549376 0.1288900166698994