0 0.3620476497331699 0.308748114044599 0.03928267589344294 0.0444045649348082
0 0.30114198323126706 0.3105930320636623 0.0409725098858317 0.04755683847375849
0 0.36283148870565557 0.7309094862035777 0.04090884288963732 0.045994338473758486
0 0.12796712699575688 0.204944824270299 0.04403384288963737 0.04604888555165916
0 0.19664814281308768 0.2787993356343847 0.03928267589344299 0.0444045649348082
0 0.7854267303026987 0.6836609703785603 0.08533000494291584 0.024910271103318494
0 0.12145850593149905 0.026024937500823818 0.04553267589344294 0.04451365909060952
0 0.01361417243340185 0.027125561688397283 0.026591674904859787 0.039498876623205434
0 0.017245849809719577 0.07787953814944695 0.03028967787060931 0.05361592370110611
0 0.017113198630855975 0.15137158522734762 0.023530341901054175 0.04100682954530477
0 0.023166880455797983 0.22319203814944694 0.030162343878220532 0.050490923701106104
0 0.08221822828835121 0.29096019074723467 0.04553267589344294 0.04451365909060954
0 0.16605464779318457 0.69838117857237 0.04428851087441492 0.05229888555165907
0 0.10558006281221263 0.6916187098219582 0.05066584486680368 0.055532979707460586
0 0.31938128315471737 0.5471617775994353 0.042407675893442943 0.044459112012708954
0 0.1310707886291059 0.9718419979714051 0.0381021778706093 0.05375229139585791
0 0.05910028813481431 0.9707528307631208 0.027164677870609298 0.05356137662320535