5 0.42890625 0.31875 0.0390625 0.0328125
5 0.14296875 0.384375 0.040625 0.0328125
5 0.71953125 0.2984375 0.0390625 0.03203125
5 0.7734375 0.296875 0.04140625 0.03125
5 0.91796875 0.403125 0.03828125 0.03359375
5 0.7515625 0.40078125 0.0421875 0.03515625
0 0.775 0.184375 0.021875 0.06328125
0 0.89140625 0.23203125 0.0265625 0.06953125
0 0.9234375 0.03125 0.021875 0.0625
5 0.928125 0.1609375 0.0203125 0.0671875
0 0.98125 0.4140625 0.0375 0.028125
0 0.91640625 0.446875 0.03671875 0.0296875
0 0.9453125 0.5796875 0.03828125 0.03671875
0 0.7625 0.43671875 0.03828125 0.028125
0 0.6 0.47265625 0.0390625 0.0328125
0 0.58984375 0.4296875 0.0359375 0.0328125
0 0.59140625 0.35390625 0.03671875 0.03125
0 0.6890625 0.3625 0.03984375 0.03515625
0 0.54375 0.39453125 0.03359375 0.0296875
0 0.4671875 0.353125 0.040625 0.03515625
0 0.4625 0.43046875 0.03984375 0.0421875
0 0.81640625 0.3046875 0.04140625 0.0375
0 0.365625 0.4453125 0.03125 0.03359375
0 0.29453125 0.40859375 0.0328125 0.0328125
0 0.17109375 0.42421875 0.03828125 0.0359375
0 0.1265625 0.4703125 0.04453125 0.04140625
0 0.18984375 0.46640625 0.040625 0.03671875
0 0.4734375 0.759375 0.01875 0.07109375
0 0.678125 0.734375 0.01796875 0.05859375
0 0.64765625 0.86953125 0.01953125 0.07421875
0 0.534375 0.9484375 0.01796875 0.07578125
0 0.55078125 0.94921875 0.015625 0.06875
0 0.56953125 0.9453125 0.015625 0.06875
0 0.58515625 0.9421875 0.015625 0.06171875
0 0.6015625 0.9390625 0.015625 0.071875
0 0.61953125 0.94296875 0.01640625 0.075
0 0.634375 0.94296875 0.01484375 0.0703125
0 0.6515625 0.9390625 0.01484375 0.07265625
0 0.6734375 0.94609375 0.01640625 0.07421875