0 0.7464386627641784 0.08803675161826251 0.040979524004105095 0.061646612012708844
0 0.5419814042781672 0.4477860783241935 0.04557612041330898 0.04610343262955983
0 0.5502524465308408 0.5034048327884204 0.04715680113146821 0.04925570616851012
0 0.2376171329063408 0.25261035145940197 0.048719301131468204 0.04928297970746058
0 0.7634438347017388 0.25397539731619145 0.036319295081343836 0.06625229139585782
0 0.31372056977282015 0.33285300486796865 0.05029089149054773 0.05087275324641087
0 0.43589957592114015 0.41702522767557043 0.04557612041330898 0.04610343262956
4 0.6294207543016084 0.8626355568138381 0.056868144417413904 0.10723184740221221
0 0.37830069935951116 0.37929735673440773 0.048710210772388594 0.047720479707460586
0 0.5949155067374953 0.48152587864850493 0.047129530054229284 0.044568206168510115
5 0.6070326698944571 0.8161463404990581 0.04421360831306061 0.08045115909060954
0 0.7858642562465159 0.16060722686149617 0.03472043364502557 0.05997501785690749
0 0.7561176689124984 0.1702452796214397 0.03944429508134384 0.06630683847375848
3 0.7975076789696434 0.8452549622509995 0.07063066256778647 0.055914809252765
5 0.8562786909716958 0.8158089699616372 0.05022725897699019 0.039935253246410694
5 0.8533991306668455 0.7735669228837366 0.0376908975406721 0.0334670649348082
5 0.6478677899149826 0.5121406789728166 0.0395261083130606 0.08036933847375849
3 0.9150542481532883 0.7855817276722752 0.06120112041330898 0.04637616801906326
0 0.42801084963065766 0.16139283644186833 0.04717498184962743 0.052380706168510205
0 0.7834467416121847 0.441843590092021 0.03320338544042354 0.06776024431795716
0 0.7541683077707676 0.3710128928519646 0.03635565651766228 0.07250229139585782
0 0.791800117977422 0.34901120778677275 0.03789997579950306 0.0694045649348082
0 0.7739979769778536 0.7229572223972693 0.048755662567786476 0.055532979707460586
5 0.846746172330344 0.4398231684195098 0.05357951795398108 0.07905230032431163
5 0.8048207301011114 0.7969401931762761 0.05649543969514994 0.04316934740221221
5 0.6881438528521114 0.30422876744657507 0.03798178903121965 0.0834670649348082
0 0.1846082240509873 0.7689250982129912 0.045721566158582805 0.07110343262956001
0 0.7868722443426593 0.25594700040044654 0.04735678903121965 0.0836307061685102
5 0.7784471868664793 0.09250210916674448 0.03311248184962743 0.05213524431795715
5 0.025279978048503217 0.8708170604705814 0.050559956097006434 0.05405230032431163
0 0.39081083148028506 0.10917577150706018 0.04883747579950315 0.06959547970746054
5 0.5510488947120017 0.09790880924947001 0.05505111436318479 0.06345457386326192
4 0.9034996454975686 0.6228635393606724 0.06591589149054791 0.0511454886359143
3 0.8115682381943392 0.17433849025417678 0.05990224082661762 0.09166139448011297