0 0.40859375 0.25 0.03359375 0.02578125
0 0.68203125 0.2609375 0.034375 0.02734375
5 0.66875 0.1109375 0.03125 0.06953125
3 0.84609375 0.93671875 0.0640625 0.1265625
0 0.86015625 0.453125 0.03515625 0.0265625
5 0.76640625 0.22109375 0.03828125 0.03046875
0 0.47109375 0.29921875 0.0328125 0.02578125
0 0.2984375 0.63984375 0.02421875 0.06953125
0 0.275 0.72109375 0.02578125 0.06171875
0 0.90703125 0.22734375 0.0390625 0.028125
0 0.58671875 0.67734375 0.03515625 0.03046875
0 0.3859375 0.0484375 0.025 0.0578125
0 0.40234375 0.2921875 0.03671875 0.0265625
5 0.46484375 0.25234375 0.03828125 0.02734375
0 0.56875 0.12109375 0.03359375 0.02734375
0 0.25546875 0.69140625 0.02734375 0.07109375
0 0.75 0.8921875 0.03359375 0.040625
5 0.41953125 0.4515625 0.03828125 0.0296875
5 0.696875 0.4078125 0.03671875 0.0265625
3 0.2296875 0.86171875 0.053125 0.11875
0 0.525 0.04453125 0.03203125 0.0265625
0 0.109375 0.140625 0.03203125 0.0546875
0 0.58515625 0.7765625 0.034375 0.03828125
5 0.4484375 0.3375 0.03984375 0.0296875
0 0.54921875 0.75 0.0328125 0.034375
5 0.68125 0.47734375 0.0375 0.02734375
0 0.19765625 0.95234375 0.03046875 0.065625
0 0.18671875 0.703125 0.021875 0.0796875
0 0.746875 0.93515625 0.0296875 0.0421875
0 0.228125 0.7890625 0.028125 0.05859375
0 0.56328125 0.9015625 0.03671875 0.04609375
5 0.61953125 0.34609375 0.04140625 0.025
0 0.5375 0.20078125 0.03515625 0.03671875
0 0.55390625 0.9390625 0.03203125 0.046875
5 0.196875 0.8734375 0.03046875 0.08203125
0 0.15859375 0.9734375 0.0296875 0.053125