0 0.0109375 0.278125 0.021875 0.01875
0 0.01015625 0.1671875 0.0203125 0.01953125
0 0.01171875 0.30078125 0.0234375 0.01953125
0 0.19296875 0.22421875 0.0234375 0.01953125
0 0.0109375 0.12421875 0.02109375 0.021875
0 0.16015625 0.27265625 0.02109375 0.0203125
0 0.1921875 0.090625 0.02421875 0.01875
0 0.1046875 0.31953125 0.0265625 0.01953125
0 0.16875 0.53359375 0.0265625 0.0203125
0 0.0109375 0.259375 0.021875 0.01953125
0 0.065625 0.09921875 0.0234375 0.0203125
0 0.025 0.68515625 0.02421875 0.01796875
0 0.1015625 0.00859375 0.02578125 0.0171875
0 0.25 0.6734375 0.02421875 0.01796875
0 0.190625 0.06640625 0.02421875 0.01953125
0 0.06796875 0.27734375 0.02421875 0.01796875
0 0.19453125 0.31640625 0.025 0.01953125
0 0.3953125 0.5984375 0.0265625 0.02109375
0 0.0109375 0.21328125 0.02109375 0.01875
0 0.10234375 0.0515625 0.02578125 0.0203125
0 0.88984375 0.5796875 0.028125 0.02109375
0 0.159375 0.140625 0.02421875 0.0203125
0 0.0109375 0.234375 0.02109375 0.01953125
0 0.846875 0.609375 0.0265625 0.0203125
0 0.19296875 0.11328125 0.025 0.02109375
0 0.04921875 0.56875 0.02578125 0.01875
0 0.16015625 0.31796875 0.021875 0.01953125
0 0.1921875 0.178125 0.02265625 0.01796875
0 0.10234375 0.1421875 0.0234375 0.01953125
0 0.153125 0.68203125 0.02890625 0.02265625
0 0.1578125 0.02421875 0.02421875 0.01953125
5 0.18125 0.56171875 0.0296875 0.0203125
0 0.33046875 0.5640625 0.02890625 0.02109375
0 0.209375 0.59140625 0.025 0.01875
0 0.8296875 0.64453125 0.02890625 0.021875
0 0.009375 0.05234375 0.01875 0.0203125
0 0.4265625 0.56328125 0.02734375 0.02109375
0 0.0671875 0.2984375 0.02421875 0.01796875
0 0.05234375 0.7125 0.0265625 0.01796875
0 0.25546875 0.33515625 0.0203125 0.0203125
0 0.19453125 0.28984375 0.0234375 0.01953125
0 0.25390625 0.2875 0.01953125 0.01875
0 0.1890625 0.00546875 0.02109375 0.0109375
0 0.15859375 0.115625 0.02265625 0.01796875
0 0.16953125 0.35078125 0.0234375 0.01875
0 0.1046875 0.22890625 0.02578125 0.01875
0 0.10390625 0.18515625 0.02421875 0.01953125
0 0.9859375 0.59375 0.02734375 0.021875
0 0.22421875 0.6203125 0.028125 0.01953125
0 0.6078125 0.584375 0.02734375 0.0203125
0 0.93984375 0.621875 0.028125 0.02109375
0 0.19375 0.26875 0.02421875 0.01875
0 0.15703125 0.00625 0.0203125 0.01171875
0 0.25390625 0.26640625 0.0203125 0.01875
0 0.01171875 0.3703125 0.02265625 0.01796875
0 0.2265625 0.7078125 0.02890625 0.02109375
0 0.1953125 0.678125 0.028125 0.0203125
0 0.16015625 0.20625 0.025 0.0203125
0 0.06484375 0.07421875 0.021875 0.01875
0 0.10234375 0.11796875 0.02421875 0.01875
0 0.7421875 0.565625 0.02578125 0.02109375
0 0.25625 0.35546875 0.02109375 0.01875
0 0.065625 0.1453125 0.02421875 0.01875
0 0.10234375 0.09765625 0.02578125 0.0203125
0 0.06484375 0.16484375 0.02421875 0.01953125
0 0.15859375 0.09375 0.02421875 0.01953125
0 0.2546875 0.309375 0.01875 0.01875
0 0.103125 0.67890625 0.02578125 0.01953125
0 0.01328125 0.390625 0.02578125 0.02109375
0 0.10546875 0.29609375 0.02421875 0.01953125
0 0.0640625 0.053125 0.02109375 0.01796875
0 0.97890625 0.7125 0.02734375 0.02265625
0 0.25546875 0.38046875 0.02421875 0.0203125
0 0.24765625 0.10859375 0.021875 0.0203125
0 0.16015625 0.22734375 0.02421875 0.01875
0 0.06640625 0.25546875 0.025 0.0203125
0 0.0125 0.346875 0.021875 0.01875
0 0.1578125 0.04921875 0.0234375 0.01796875
0 0.0640625 0.01015625 0.0234375 0.01953125
0 0.10390625 0.2546875 0.02421875 0.01953125
0 0.11796875 0.425 0.0109375 0.0453125
0 0.28515625 0.51796875 0.02890625 0.02734375
0 0.11953125 0.94375 0.028125 0.03828125
0 0.06484375 0.1203125 0.021875 0.01875
0 0.0640625 0.2109375 0.025 0.01953125
5 0.09609375 0.7125 0.028125 0.01953125
0 0.05625 0.428125 0.01171875 0.046875
0 0.10390625 0.20859375 0.02421875 0.01875
0 0.2296875 0.6484375 0.02734375 0.01953125
0 0.19296875 0.65078125 0.028125 0.01953125
0 0.553125 0.55 0.0265625 0.0203125
0 0.159375 0.17890625 0.02421875 0.01875
0 0.06484375 0.0296875 0.02109375 0.01796875
0 0.04453125 0.340625 0.01875 0.03828125
0 0.009375 0.075 0.01875 0.021875
0 0.13046875 0.4203125 0.01171875 0.04375
0 0.10625 0.275 0.02421875 0.01796875
0 0.1921875 0.421875 0.01015625 0.04140625
0 0.065625 0.31484375 0.0265625 0.02109375
0 0.19296875 0.1578125 0.02421875 0.0203125
0 0.159375 0.2515625 0.01875 0.01640625
0 0.18125 0.41875 0.01015625 0.0421875
0 0.5359375 0.61171875 0.025 0.0203125
0 0.10078125 0.02734375 0.02578125 0.01796875
0 0.14453125 0.71875 0.028125 0.02109375
0 0.20703125 0.42109375 0.01015625 0.040625
0 0.06640625 0.23046875 0.02421875 0.01953125
0 0.16875 0.41875 0.0109375 0.04296875
1 0.35078125 0.3546875 0.01875 0.09453125
0 0.43125 0.38359375 0.01171875 0.04140625
0 0.159375 0.06875 0.0203125 0.0171875
5 0.51640625 0.57890625 0.02890625 0.02109375
0 0.1828125 0.61953125 0.02578125 0.01953125
0 0.21953125 0.4203125 0.01015625 0.04375
0 0.1578125 0.41953125 0.009375 0.0421875
0 0.06015625 0.68046875 0.025 0.01875
0 0.08046875 0.42265625 0.0125 0.04609375
0 0.009375 0.0296875 0.01875 0.021875
0 0.1796875 0.71171875 0.02578125 0.01875
0 0.415625 0.9484375 0.0109375 0.05234375
0 0.24453125 0.01796875 0.01640625 0.01796875
0 0.23203125 0.41484375 0.01015625 0.0421875
0 0.246875 0.04296875 0.015625 0.0171875
0 0.24921875 0.0625 0.02109375 0.02265625
0 0.1578125 0.15703125 0.02109375 0.01796875
0 0.103125 0.1625 0.025 0.01796875
0 0.1921875 0.02109375 0.025 0.0203125
0 0.1953125 0.24609375 0.0234375 0.01796875
0 0.715625 0.59921875 0.02890625 0.02265625
0 0.06640625 0.18515625 0.0234375 0.01875
0 0.1921875 0.04296875 0.025 0.01875
0 0.04375 0.4296875 0.01328125 0.04453125
0 0.24375 0.0046875 0.015625 0.00859375
0 0.19375 0.20234375 0.025 0.01796875
0 0.0046875 0.684375 0.009375 0.02109375
0 0.0109375 0.18671875 0.021875 0.01953125
0 0.009375 0.01328125 0.01796875 0.02109375
0 0.16171875 0.28984375 0.021875 0.01640625
0 0.253125 0.2421875 0.0203125 0.01875
0 0.0109375 0.10078125 0.021875 0.0234375
0 0.1015625 0.0734375 0.02578125 0.01796875
5 0.0140625 0.325 0.028125 0.02421875
0 0.19296875 0.13046875 0.02890625 0.02578125
0 0.2453125 0.08359375 0.0171875 0.0171875
0 0.2453125 0.128125 0.02109375 0.02421875
0 0.246875 0.15546875 0.015625 0.02265625
0 0.01328125 0.1453125 0.0234375 0.01875