0 0.6484375 0.10625 0.03515625 0.02890625
0 0.67421875 0.5 0.03828125 0.0265625
0 0.578125 0.509375 0.03671875 0.0296875
0 0.65390625 0.13984375 0.034375 0.02890625
0 0.61796875 0.17890625 0.03515625 0.02890625
0 0.82109375 0.60859375 0.03984375 0.02578125
0 0.6046875 0.040625 0.03671875 0.03203125
0 0.73046875 0.4953125 0.03828125 0.02734375
0 0.4203125 0.08046875 0.0140625 0.0625
0 0.61484375 0.1453125 0.0359375 0.02890625
0 0.6484375 0.03046875 0.0328125 0.0265625
0 0.6515625 0.06328125 0.0359375 0.028125
0 0.7671875 0.61328125 0.03671875 0.025
0 0.51796875 0.2546875 0.0328125 0.028125
0 0.51796875 0.2171875 0.034375 0.0265625
0 0.6203125 0.5078125 0.0359375 0.028125
0 0.51875 0.18203125 0.0265625 0.025
0 0.521875 0.2890625 0.0328125 0.028125
0 0.60703125 0.009375 0.03125 0.01875
0 0.7171875 0.61640625 0.03828125 0.02734375
0 0.88828125 0.59921875 0.03671875 0.0265625
5 0.1796875 0.56796875 0.040625 0.0296875
0 0.41953125 0.1671875 0.01328125 0.06015625
0 0.559375 0.35859375 0.0171875 0.06640625
0 0.57890625 0.35390625 0.015625 0.0578125
0 0.54375 0.62734375 0.0375 0.0265625
0 0.878125 0.47421875 0.0453125 0.0375
0 0.6953125 0.9828125 0.015625 0.03359375
0 0.63671875 0.6203125 0.03359375 0.0265625
0 0.928125 0.59375 0.03515625 0.028125
0 0.65078125 0.97890625 0.01328125 0.04140625
5 0.20234375 0.71875 0.03671875 0.0703125
5 0.24140625 0.78046875 0.04375 0.05625
5 0.30234375 0.921875 0.01953125 0.08828125
5 0.43515625 0.846875 0.01796875 0.0796875
5 0.41640625 0.26484375 0.01484375 0.0671875
3 0.2765625 0.18046875 0.02578125 0.12578125
0 0.2671875 0.01484375 0.01640625 0.0296875
0 0.45625 0.471875 0.03828125 0.06796875
0 0.5921875 0.86796875 0.01953125 0.078125
0 0.66953125 0.9765625 0.0140625 0.046875
0 0.5859375 0.621875 0.03984375 0.03359375
0 0.790625 0.48203125 0.0453125 0.03125
0 0.98125 0.58515625 0.0375 0.0359375
0 0.92265625 0.47265625 0.0375 0.03203125
0 0.60859375 0.109375 0.03984375 0.03828125
0 0.6234375 0.35078125 0.01484375 0.0640625
0 0.64375 0.3515625 0.015625 0.0734375
0 0.665625 0.35 0.02109375 0.075
0 0.6015625 0.35703125 0.02265625 0.071875