0 0.3015350100292335 0.5163464729301734 0.042718121018452494 0.036883057370694416
1 0.731622870383168 0.6878317746981939 0.07974768415851478 0.0564695119678472
0 0.05756593117474294 0.42423628058520835 0.042718121018452536 0.036883057370694416
5 0.7014950256024876 0.7346892441129855 0.042718121018452494 0.036883057370694416
5 0.7515783255883701 0.7483874149907981 0.04602513154179633 0.040080792553055564
0 0.42856648884137183 0.655770036000451 0.042718121018452494 0.036883057370694416
0 0.6414536257154271 0.6171757422131245 0.042718121018452494 0.036883057370694416
0 0.4579361994494201 0.5690324489944787 0.039502115756780753 0.035247822188333444
0 0.5246576367328809 0.1027878935236454 0.04132222099021767 0.06649782218833336
0 0.6846472867611159 0.06933634783645777 0.03332771046687384 0.06319098423243057
0 0.733395599901178 0.08697713630545079 0.029747684158514788 0.055305749050069464
0 0.7970728361117139 0.7504577548465619 0.04593412628012441 0.03851829255305557
0 0.7491571077936857 0.08895721039364521 0.0316742052052021 0.061592116641250014
0 0.7690523788403731 0.09475261550388825 0.0316742052052021 0.06159211664125004
0 0.5464519388554893 0.6381623490707288 0.044280621018452496 0.03691942496187508
0 0.7495736077230986 0.16326687937159662 0.034981215728545935 0.06478985182361115
0 0.7894558841020449 0.09584233681854101 0.034981215728545935 0.06478985182361112
0 0.7514230760118931 0.3024748497363189 0.027821163111827474 0.049019381458888844
0 0.7191055867469983 0.08339819462607578 0.02956567363517095 0.05218074905006946
0 0.8786853991106017 0.9159723456522564 0.03663472099021732 0.06638871941479181
0 0.6701297604527565 0.061851156157082775 0.0332367052052021 0.06162848423243059
5 0.9655127519955513 0.6471840184299298 0.05245714206513981 0.04335126291777787
0 0.6541862420369051 0.056746082068888336 0.0332367052052021 0.06162848423243057
0 0.5519243339749881 0.23514579863388843 0.031128173635170953 0.05221711664124999
5 0.9986103471997548 0.3644974985782978 0.0027793056004902896 0.06617051386770836
0 0.7311953340455752 0.156653856670173 0.029929694681858444 0.05843074905006951
0 0.6993923262236545 0.08072778951583275 0.02607665258848364 0.04585801386770836
0 0.7314771991670714 0.8599431640408675 0.036543715728545756 0.0648262194147918
0 0.8268575886013754 0.8991855423656243 0.026167657850155734 0.047420513867708534