3 0.1867110447242107 0.01153560562333327 0.07342208944842143 0.02307121124666654
0 0.4528476100715858 0.4682330151988886 0.03803062101845249 0.03677395459715278
5 0.08648394660682264 0.7998538764248957 0.052259720990217674 0.06675239532659738
0 0.5325119942442179 0.506276569435451 0.046116136803468065 0.041643292553055565
5 0.333531378769786 0.179208842421215 0.04508425782192056 0.07750805737069451
0 0.4586656995905944 0.42037674344739545 0.03472361049510884 0.03357621941479163
0 0.5856986364505323 0.39864460097058985 0.0462981473268119 0.04476829255305557
0 0.6899612022214303 0.41577558995267305 0.04951415258848364 0.046403527735416714
5 0.6160077627306566 0.4354899843293397 0.05621917889684287 0.054361498100139016
0 0.5162961890672507 0.4159061425737149 0.04951415258848364 0.046403527735416714
5 0.7430392415427949 0.5749135473996174 0.05107665258848364 0.0464398953265972
0 0.26882528072298506 0.8949630886214928 0.03047572625188959 0.0678057490500695
0 0.9638390470021108 0.3632447763137145 0.048315673635170954 0.05261716014423614
0 0.46709066254713 0.6321864124253469 0.05263915258848364 0.046476262917777865
0 0.4614105389684287 0.5212307286297566 0.03803062101845249 0.03677395459715278
0 0.4010913341161624 0.09001774943131911 0.0417772472985769 0.07431032218833337
0 0.7232232103256997 0.19439024601284663 0.045008663111827295 0.049419424961875034
0 0.5355768100857032 0.45144359907072873 0.046116136803468065 0.041643292553055565
0 0.3726478157003109 0.08520361607256914 0.043339747298576904 0.07434668977951393
0 0.770439844568919 0.1588696668906591 0.053276189420186526 0.05741376291777782
0 0.40623458944842145 0.02203473489802067 0.03434417889684287 0.04406946979604134
0 0.6131921178229194 0.6154866088543745 0.04960515785015538 0.047966027735416715
5 0.2808786887143149 0.7929823613229164 0.0351632262518895 0.06791485182361115
0 0.29168592804979687 0.9382403099361456 0.02213260523343692 0.03172277868534721
3 0.30701625448521297 0.8119317298640276 0.052228899887060545 0.11980466014423605
0 0.7185221728587121 0.8524216047703119 0.046282736775233244 0.07129442496187507
0 0.6141869284733199 0.48481783710288145 0.04960515785015538 0.047966027735416715
0 0.34062541503679156 0.7845509590624651 0.0339647472985769 0.07412848423243065
0 0.29326196551678435 0.28028168636104145 0.03994173151356133 0.06958645459715278
5 0.6297623656861935 0.09408308111895781 0.05207771046687402 0.06362739532659727
5 0.34392982345164436 0.2368576882609025 0.04361276308359248 0.07903418977951393
5 0.1257655254613132 0.8967282232145137 0.045554694681858444 0.05879442496187508
0 0.32945196758292283 0.874776568769861 0.032220236775233245 0.07096711664124981