0 0.85078125 0.29296875 0.0328125 0.021875
0 0.353125 0.36328125 0.0296875 0.02265625
0 0.40234375 0.37421875 0.02421875 0.02109375
0 0.82109375 0.44375 0.028125 0.021875
0 0.05859375 0.2046875 0.028125 0.021875
0 0.17890625 0.20859375 0.03046875 0.0234375
0 0.2203125 0.21328125 0.03046875 0.02421875
0 0.1 0.2078125 0.02578125 0.021875
0 0.4890625 0.23671875 0.02421875 0.02265625
0 0.296875 0.2171875 0.0328125 0.02421875
0 0.015625 0.2046875 0.02734375 0.02109375
0 0.60703125 0.015625 0.0140625 0.03125
0 0.2625 0.21953125 0.0203125 0.01953125
0 0.440625 0.37734375 0.02578125 0.02109375
0 0.6640625 0.89140625 0.0125 0.04921875
0 0.80625 0.32578125 0.0296875 0.02734375
0 0.43203125 0.40703125 0.0203125 0.01953125
0 0.62578125 0.01328125 0.0125 0.0265625
5 0.62578125 0.1140625 0.01171875 0.05234375
0 0.584375 0.14453125 0.0109375 0.04609375
0 0.6078125 0.08828125 0.01328125 0.053125
0 0.846875 0.3625 0.0296875 0.02578125
5 0.81171875 0.3625 0.03671875 0.025