0 0.6843437242796981 0.2056803800693518 0.028930483403260432 0.032487168320799585
0 0.6449260267692091 0.20281224524699826 0.03385478174358649 0.03583049214211718
0 0.7274882278041831 0.10253395533841145 0.0308481809137497 0.03724744292790545
0 0.6940720765594277 0.1064423593911874 0.02533188672260849 0.02609161910658786
0 0.6517671000046443 0.1585892103008102 0.03553568091374952 0.03746576674922304
0 0.6991255068484772 0.048974461748552245 0.030729781743586492 0.03568494292790543
0 0.7596946473192852 0.6310228283739407 0.03217388257342346 0.03419521753501122
0 0.7198067049836663 0.14601212758815246 0.028812084233097578 0.030924668320799587
0 0.7217136697155947 0.21256392680236416 0.02869368506293455 0.029362168320799586
5 0.7750058742982757 0.9572407260165757 0.0359141892121194 0.021913541356328635
0 0.6582529757295907 0.1096786753546221 0.028812084233097578 0.030924668320799587
0 0.6643118763496462 0.01579503132908752 0.030729781743586492 0.03159006265817504
0 0.731346010997662 0.03963369499932924 0.0324106809137497 0.03732021753501129
0 0.5921589921258376 0.36520739144189135 0.05873638257342364 0.0354323858558109
0 0.6748282755430312 0.9595545508713507 0.03001938672260849 0.026309942927905183
0 0.47363874814912216 0.6427780814743127 0.03385478174358649 0.03583049214211709
0 0.7000717775944016 0.0105884737402643 0.023532588382282428 0.0211769474805286
0 0.44444446515613584 0.4230477783311595 0.05177598755244546 0.025766287427387447
0 0.4618052894404784 0.8487391370986652 0.0339731809137497 0.03739299214211726
0 0.6592701014545369 0.061022851533304535 0.030729781743586492 0.03568494292790545
0 0.7893741823868641 0.8468104942135408 0.033973180913749526 0.03739299214211726
0 0.7934561859113489 0.745483434660247 0.030729781743586492 0.03568494292790536
0 0.4764076280232533 0.5862005957423364 0.0324106809137497 0.037320217535011226
0 0.3658514041677624 0.7309031277930402 0.05021348755244537 0.025693512820281584
0 0.7850786913099337 0.924627279159729 0.033736382573423464 0.034267992142117266
0 0.4701711286479533 0.6797879299027361 0.03193708423309758 0.031070217535011223
2 0.13314195748246596 0.5465239354843072 0.07762993776222679 0.12038958271265762
0 0.3776275085220844 0.627649695204217 0.05970688672260831 0.02769266046291676
0 0.36691699669922967 0.7449656277930402 0.05333848755244537 0.02583906203449331
0 0.48548939794398505 0.7370910076529951 0.053338487552445454 0.02583906203449331
0 0.3631533792726532 0.7780692262214637 0.05646348755244537 0.025984611248705037
0 0.3595314718041204 0.7923500500427811 0.05333848755244528 0.02583906203449331
0 0.7895508585267288 0.7974098076957763 0.03061138257342346 0.03412244292790554
5 0.6896339529090738 0.15133748242671669 0.03288427759440164 0.043570217535011314
0 0.3596265601864027 0.8142978246498871 0.06283188672260831 0.027838209677128488
0 0.48833005541251795 0.7228465711352304 0.05646348755244546 0.025984611248705037
0 0.3721829919253449 0.6592635682397463 0.053220088382282336 0.02427656203449331
0 0.07736001847083931 0.24492720223353034 0.029545790041956278 0.02005994292790545
0 0.34511654213977067 0.9435508310600278 0.059470088382282335 0.024567660462916762
5 0.46624341309083206 0.8038440140631359 0.036009277594401645 0.04371576674922295
0 0.35854008610719723 0.29298359677579355 0.050331886722608396 0.027256012820281582
0 0.37872806723537267 0.6111342832935582 0.06306868506293437 0.03096320967712849
0 0.37976942636357935 0.5938376213828994 0.06474958423309748 0.032598484284234355
0 0.3840541846619491 0.5779579102580289 0.0534568867226084 0.02740156203449331
0 0.3740890340418936 0.6740709309361934 0.05357528589277134 0.02896406203449331
0 0.3659348371561044 0.763043539703699 0.0534568867226084 0.02740156203449331
0 0.35609974110015225 0.8505264230783105 0.05333848755244537 0.02583906203449331
0 0.4744838108111026 0.902245126759583 0.05994368506293455 0.030817660462916764