0 0.7767822312604522 0.4045651821790477 0.025136355386194253 0.024601893713693812
0 0.6965730773750684 0.5872557117485522 0.032967036104353656 0.02809076674922295
0 0.7753111557320954 0.5546743440897064 0.031395445745273774 0.026455492142117266
0 0.6161850988450908 0.33624332940739804 0.0361102168225127 0.03136131596343468
0 0.6630242582896194 0.4622214784977753 0.03608294574527378 0.026673815963434676
0 0.3261731772021178 0.3208367690255346 0.032967036104353475 0.02809076674922295
0 0.5327691317279905 0.5050169081911143 0.03609203610435348 0.028236315963434677
0 0.7717856590517452 0.35165850600036525 0.0392352168225127 0.031506865177646406
0 0.543361718963812 0.5795438732449263 0.032948855386194256 0.02496576674922295
0 0.665663444959707 0.5128935665871165 0.03765453610435365 0.02830909057054054
0 0.8301566952542945 0.3106482082338956 0.039226126463433174 0.029944365177646405
5 0.39234814392643463 0.41231148552708863 0.03766362646343317 0.02987159057054072
5 0.7363067013044187 0.29782718466024705 0.0361102168225127 0.03136131596343468
0 0.5547345144379394 0.3852116763880794 0.0376727168225127 0.031434090570540626
0 0.44108264323906365 0.8640708846174657 0.015970433645025393 0.06010274607105863
0 0.8626197373105764 0.38337507878822547 0.0392352168225127 0.031506865177646406
0 0.606721278777683 0.858700526264245 0.01751475292686635 0.05705052067816467
0 0.8607537520431034 0.5999268780024372 0.032967036104353295 0.02809076674922295
0 0.959874969749379 0.04125389123700356 0.020667024004104917 0.061883569892376145
0 0.6243087545771863 0.9266500055860805 0.015952252926866174 0.056977746071058634
0 0.854356222774441 0.037572427216648926 0.02528180113146803 0.04960189371369372
0 0.9412310715213359 0.4633300984329326 0.03608294574527378 0.026673815963434676
0 0.5234911431408678 0.9250939677444083 0.01593407220870695 0.05385274607105828
0 0.5406831883204075 0.9250746970662439 0.01595225292686635 0.056977746071058634
5 0.29987481849627384 0.5017978246498871 0.042360216822512696 0.03165241439185813
0 0.6262707094958422 0.8609158436754217 0.01593407220870695 0.05385274607105828
0 0.6009924117822197 0.5456012127820096 0.03452953610435348 0.02816354135632899
0 0.5758348931408678 0.922656018406362 0.01749657220870695 0.05392552067816432
0 0.45905996271729615 0.7303850893321956 0.019095433645025396 0.060248295285270356
0 0.4556435503459012 0.5461192512428543 0.032976126463433175 0.029653266749222952
0 0.557080347961328 0.9227480636916322 0.01593407220870695 0.05385274607105828
0 0.5906831883204076 0.9227459096388564 0.01750566256778665 0.055488020678164315
0 0.6637792789740748 0.7263203658013282 0.015888620413308983 0.04604024607105863
5 0.6753106348512483 0.42492053164092836 0.0439227168225127 0.031725188998963996
0 0.607125799756726 0.9282317762642449 0.019131795081343838 0.06649829528527036
0 0.5055223931408678 0.9259308757261255 0.01595225292686635 0.05697774607105828
0 0.42272300779864 0.7977202925991831 0.01907725292686635 0.05712329528527036
0 0.6438763660135047 0.9319903229972573 0.022247704722264318 0.06508134449948208
0 0.9520766261688454 0.17837290157608576 0.02222952400410492 0.061956344499481994
3 0.1350280859592754 0.9119284576102139 0.07543633723582169 0.07849318114108109
0 0.9871601532962085 0.39548547291620395 0.02567969340758296 0.04349744292790545
0 0.8997510568870049 0.183935850914132 0.01899543969514994 0.04306079528527027
0 0.7997874183233232 0.19484342576890684 0.02222952400410492 0.061956344499481994