0 0.355828258365776 0.3403796719019292 0.03383117193911023 0.026337006920082295
0 0.2318442717116488 0.2822554485936749 0.03539367193911023 0.026400673916276585
0 0.22178618079917775 0.3185431170727441 0.030706171939110228 0.02620967292769345
0 0.260197423384804 0.3520758586697871 0.030769838935304605 0.02777217292769345
0 0.958916107681204 0.24015029536328286 0.02764483893530496 0.027644838935304606
0 0.6246220903438173 0.7303229450964528 0.022668178859192523 0.05864017095052709
0 0.5580513556668565 0.6604998764271033 0.01928851087441501 0.05226283695813834
0 0.5656436101526618 0.24447562840426956 0.030706171939110228 0.02620967292769345
0 0.30495150787148434 0.3447925992782469 0.02908000494291585 0.024583505931498984
0 0.8837184950199031 0.3820459766939333 0.03383117193911005 0.026337006920082208
0 0.5764882682516077 0.28459129243471437 0.032268671939110226 0.026273339923887827
3 0.02481963338436646 0.33778916007611215 0.04963926676873292 0.04942167984777566
0 0.226309196122217 0.24582320007654967 0.02432883794672147 0.02283000494291585
0 0.1848711126241198 0.24829162547570105 0.03383117193911027 0.026337006920082208
0 0.6025189386706622 0.660247867035563 0.019415844866803766 0.055387836958138335
0 0.141934196122217 0.24926121787104685 0.032268671939110226 0.026273339923887827
0 0.661469468822449 0.5151144391649537 0.022668178859192523 0.05864017095052709
0 0.3530653557040376 0.2741962563886096 0.030706171939110228 0.026209672927693363
5 0.7821970987839554 0.28946849893705473 0.038646005931498986 0.02965300790866543
0 0.61863602859455 0.6283930305717164 0.01402800790866543 0.038009335969555025
0 0.7089413295065834 0.38370793026770517 0.030706171939110228 0.02620967292769345
0 0.024237360152661862 0.2665362425856262 0.030706171939110266 0.02620967292769345
0 0.6063668388609426 0.7380863655526883 0.01967051285158128 0.061637836958138334
5 0.004255123992826302 0.4166781640304449 0.008510247985652603 0.026018671939110227
0 0.6829212934604787 0.16092168768207898 0.026209672927693363 0.030706171939110228
0 0.36276932505795917 0.4188720864266656 0.03395850593149907 0.029462006920082117
0 0.9550987465027779 0.3721178783670885 0.027390170950527093 0.021394838935304604
0 0.6070166625475701 0.007339020228774029 0.02034167490485981 0.014678040457548058
0 0.5569384080989458 0.022388358669787098 0.01935217787060921 0.044776717339574196
5 0.5733592455513757 0.00957002368881514 0.018906508897248563 0.01914004737763028