3 0.8453125 0.934375 0.065625 0.13125
0 0.86640625 0.3515625 0.03359375 0.02578125
0 0.52890625 0.25546875 0.034375 0.0265625
0 0.58828125 0.29765625 0.03515625 0.0265625
0 0.11875 0.5421875 0.0390625 0.0328125
5 0.20546875 0.9171875 0.0375 0.08125
0 0.05234375 0.515625 0.03046875 0.028125
0 0.23984375 0.7234375 0.02421875 0.06328125
5 0.46875 0.2953125 0.04140625 0.03125
0 0.58515625 0.6765625 0.03359375 0.03125
0 0.39921875 0.25625 0.028125 0.0234375
0 0.1109375 0.446875 0.0359375 0.03203125
0 0.26171875 0.77421875 0.0265625 0.06796875
0 0.43359375 0.3375 0.03125 0.025
0 0.546875 0.7453125 0.0328125 0.034375
0 0.04296875 0.46484375 0.03828125 0.03125
0 0.2859375 0.634375 0.0203125 0.065625
0 0.58359375 0.775 0.034375 0.03984375
5 0.4078125 0.2921875 0.040625 0.02890625
0 0.74921875 0.88984375 0.034375 0.04375
0 0.64921875 0.978125 0.01796875 0.04296875
5 0.10234375 0.49921875 0.04921875 0.03828125
0 0.58359375 0.25859375 0.03515625 0.02734375
5 0.6390625 0.25390625 0.0375 0.02578125
0 0.56640625 0.11953125 0.03515625 0.02890625
0 0.51953125 0.046875 0.0421875 0.040625
3 0.44765625 0.24765625 0.046875 0.034375
3 0.709375 0.34453125 0.08671875 0.03359375
0 0.27890625 0.353125 0.01484375 0.06171875
5 0.91796875 0.34609375 0.04609375 0.03125
0 0.2140625 0.0234375 0.015625 0.046875
5 0.3078125 0.46640625 0.01796875 0.0703125
0 0.89765625 0.221875 0.03671875 0.0265625
5 0.65390625 0.296875 0.040625 0.02734375
5 0.54765625 0.34140625 0.040625 0.03046875
0 0.74921875 0.928125 0.028125 0.04296875
5 0.53046875 0.2953125 0.040625 0.028125
0 0.01171875 0.53828125 0.02265625 0.03203125
5 0.7953125 0.34296875 0.04609375 0.0296875
0 0.2828125 0.1703125 0.0140625 0.0578125
0 0.55234375 0.93828125 0.03515625 0.05234375