3 0.21328125 0.884375 0.06484375 0.15
3 0.1109375 0.5265625 0.0796875 0.059375
3 0.26796875 0.725 0.03984375 0.096875
0 0.41875 0.2859375 0.03515625 0.02578125
0 0.90234375 0.5109375 0.03515625 0.02890625
0 0.59375 0.25625 0.03125 0.025
5 0.575 0.29765625 0.03984375 0.02734375
3 0.49609375 0.48671875 0.06015625 0.03828125
2 0.58359375 0.43359375 0.12890625 0.0484375
3 0.83984375 0.92890625 0.06171875 0.134375
0 0.08828125 0.1828125 0.03046875 0.05234375
5 0.3921875 0.2421875 0.0375 0.02734375
0 0.98515625 0.42421875 0.028125 0.02421875
0 0.0546875 0.446875 0.0359375 0.03125
0 0.04765625 0.4984375 0.04140625 0.03359375
5 0.1125 0.42734375 0.04609375 0.0359375
0 0.26171875 0.63125 0.025 0.07265625
0 0.53984375 0.33828125 0.034375 0.02578125
0 0.471875 0.33515625 0.0328125 0.02578125
0 0.096875 0.9390625 0.03125 0.06171875
0 0.58515625 0.67421875 0.0328125 0.02890625
0 0.1796875 0.61640625 0.01953125 0.078125
0 0.2390625 0.04453125 0.01484375 0.075
0 0.12890625 0.62734375 0.0359375 0.05390625
0 0.23359375 0.728125 0.03125 0.07578125
0 0.575 0.77109375 0.0328125 0.0390625
0 0.54296875 0.74453125 0.03125 0.034375
0 0.01015625 0.459375 0.0203125 0.03046875
0 0.21484375 0.0171875 0.01484375 0.034375
5 0.31484375 0.34453125 0.040625 0.06640625
0 0.5671875 0.11953125 0.0359375 0.028125
5 0.47421875 0.29375 0.03671875 0.03046875
0 0.98125 0.2796875 0.03671875 0.0296875
0 0.72890625 0.94140625 0.03671875 0.04140625
5 0.7953125 0.26796875 0.04140625 0.0296875
0 0.76640625 0.98828125 0.028125 0.0234375
0 0.2921875 0.61953125 0.021875 0.0875
5 0.7703125 0.490625 0.0390625 0.0265625
0 0.17109375 0.98671875 0.02578125 0.02578125
0 0.2484375 0.990625 0.03828125 0.01875
5 0.115625 0.4765625 0.05390625 0.04375
5 0.2265625 0.24921875 0.0203125 0.075
0 0.20390625 0.20390625 0.015625 0.06875
0 0.265625 0.2671875 0.028125 0.08125
0 0.52109375 0.04375 0.0375 0.03359375