0 0.1784416724488703 0.6641594336130419 0.03823332363742162 0.030848180913749523
0 0.15940527471498508 0.4880229861025528 0.030165732122152546 0.02713118506293455
0 0.9650162565472735 0.9217489745034128 0.03329073212215263 0.02736798340326061
0 0.6317261691148903 0.6814260921304819 0.030165732122152632 0.02713118506293437
0 0.6800679453276877 0.7029468172353726 0.03329073212215263 0.02736798340326061
0 0.41195735030926073 0.19581678839157113 0.022448826971401558 0.046733290041956276
0 0.36174863790112344 0.6174890336176864 0.03325878121376693 0.04599958423309758
0 0.8046528413945829 0.8785406583169472 0.033545823637421535 0.03049298340326061
0 0.8445443888192073 0.8916568875710229 0.03498077787978708 0.02904888257342364
0 0.9236259820014663 0.9092955960791741 0.030165732122152632 0.02713118506293455
0 0.4053857782181428 0.9870471155640879 0.019738415152690793 0.025905768871824365
0 0.7269424295758721 0.8586765989789591 0.03654327787978708 0.02916728174358667
5 0.7341173297256531 0.8134116431701003 0.03667082363742154 0.03072978174358667
0 0.22158589456908323 0.6410305095477696 0.03329073212215263 0.02736798340326043
0 0.7638524982123238 0.8638027294777902 0.029910640606883376 0.02400618506293455
0 0.9963554109248728 0.9257862016828959 0.0072891781502544715 0.03338118506293455
0 0.32705516032089876 0.4968446468950779 0.03325878121376702 0.04599958423309758
0 0.40057150608823167 0.7601860190955392 0.028443735456132303 0.04408188672260831
0 0.22144276017111753 0.5346504549836663 0.03836086939505616 0.0324106809137497
0 0.5912446903267178 0.6705944132913247 0.03172823212215263 0.02724958423309758
0 0.5199272839680187 0.795628456857766 0.04250623545613248 0.045147479254075765
0 0.6036650709316616 0.6420317054078735 0.026785640606883376 0.02376938672260831
0 0.04526302638197503 0.4879143970955706 0.0127231406068835 0.022703794191141213
0 0.4475735360940506 0.9174783008391258 0.032046967578284936 0.06920028589277152
3 0.4070463228885156 0.28783834503026695 0.046300657276782786 0.11065408008391256
0 0.1844208633553162 0.5947349273892646 0.039795823637421665 0.03096658008391273
5 0.22243104638585437 0.6038265074731772 0.04174096091032524 0.03577247925407558