3 0.2075953219860355 0.21526884485049774 0.07133147095570588 0.05899307063492083
5 0.8208458802751164 0.5662530351698021 0.04898287427505395 0.05134125693983034
0 0.39023726554783233 0.472564503396086 0.04010478174358658 0.03677810919158375
5 0.5267416053800071 0.5384527143779978 0.05390717261537983 0.054766645588778216
0 0.5757738690769616 0.3735996699612388 0.04358497925407558 0.04166586829088228
0 0.7925101605688105 0.43745620913621047 0.042496075934727706 0.047815738741233106
0 0.27827710413060736 0.7394096468253959 0.035133861827499044 0.073777461443337
0 0.5460943340093829 0.5908570211332579 0.04370337842423879 0.04322836829088246
0 0.4073664885781306 0.42093215222406677 0.036979781743586494 0.03657785009228505
0 0.5903062752960946 0.5716972085179016 0.04694677759440165 0.044991127390181164
0 0.2511845757110131 0.5942065707918044 0.035015462657336016 0.07221496144333699
3 0.006922952997709164 0.9048586782853452 0.013845905995418328 0.10264294108527139
0 0.38254224210261556 0.5228148272702093 0.03541728174358649 0.03647772054263569
0 0.4688242068345441 0.45120184068844454 0.043466580083912555 0.04010336829088246
5 0.9117294827785607 0.012694101638057165 0.043821777594401826 0.02538820327611433
0 0.34204486742657647 0.02209863818752264 0.025285265146847015 0.04419727637504528
5 0.18126039417256362 0.7269678084533032 0.041857458508151216 0.0804279796419344
0 0.5532402927180267 0.7940926426633428 0.042614475104890734 0.04937823874123311
0 0.42889610123082234 0.5369483760059051 0.04682837842423861 0.04342862739018098
0 0.7641213609790846 0.6274198750830544 0.04898287427505377 0.05134125693983034
0 0.7123481412727786 0.5001249922942026 0.047065176764564676 0.046553627390180985
0 0.39184303526807146 0.040973344389072436 0.030564760997662078 0.07503957279438914
0 0.1741717898182417 0.6255752891749717 0.03286096680652095 0.06430233189368764
0 0.45927068546391975 0.5054585441122172 0.04682837842423861 0.04342862739018098
0 0.18846739769704857 0.8267978277316347 0.04150226099766217 0.0757404796419344
0 0.3762045346433715 0.1344928069121437 0.030564760997662078 0.07503957279438911
5 0.5329971410722859 0.2301791394241403 0.04441377344521662 0.05260336829088237
3 0.35398691514220265 0.09937612970653284 0.044817437762226756 0.11949047964193438
0 0.21665805558978862 0.46502901295681004 0.045834563487173074 0.07135336829088246
0 0.7588152024848667 0.14340462292358605 0.03934776514684692 0.06782785009228505
0 0.5871883176131361 0.8385645334717591 0.04488737012586874 0.05885336829088246
5 0.43343543296512 0.8771833497877433 0.050048466806520864 0.06540375693983017
0 0.08414801182285471 0.11044854179586538 0.045739475104890716 0.04957849784053168
0 0.19527661120279918 0.015386365669988694 0.04069677759440164 0.030772731339977388
5 0.032441956634051416 0.1977272987356957 0.043466580083912576 0.040103368290882326
5 0.32371907468532785 0.11919727637504526 0.0326008576783142 0.08138970234403846