0 0.6253812761445092 0.12475185287045087 0.03674298340326061 0.03205008700597225
0 0.613601481328668 0.020936521848402265 0.03986798340326061 0.03212282218833336
0 0.7655391377715156 0.4768027025098605 0.041193685062934374 0.02903418977951393
0 0.6330287553985847 0.16370525009690923 0.03830548340326061 0.03208645459715278
0 0.6664323286340201 0.11910061170416611 0.03494368506293455 0.02888871941479172
0 0.5376346676410023 0.2371447097280551 0.033144386722608485 0.025727351823611144
0 0.8237184906759449 0.4699701678405896 0.04275618506293455 0.029070557370694416
0 0.6562518452307595 0.08803244966006891 0.03674298340326043 0.03205008700597225
0 0.7103663856969231 0.48200000199677023 0.03951278589277152 0.027435322188333444
0 0.8647480776083348 0.5879746322213881 0.04275618506293455 0.029070557370694416
0 0.44078331703488 0.9007195132990276 0.021686668466194804 0.05977504350298588
0 0.5412574977249148 0.27462652593246484 0.03650618506293455 0.028925087005972294
5 0.22014505001393317 0.5607160284010068 0.04299298340326052 0.03219555737069442
0 0.812759525118824 0.5938804465259369 0.03626938672260849 0.025800087005972118
0 0.9288814325873567 0.5770903771873951 0.036387785892771515 0.027362587005972293
5 0.10959955893700286 0.6407691639439583 0.046117983403260475 0.032268292553055564
0 0.4683531325966454 0.9650359332269094 0.019176975104890737 0.04723867591180557
0 0.6158234803029827 0.49437467505878424 0.036387785892771515 0.027362587005972293
0 0.5323659045687478 0.16761345972805514 0.028456886722608488 0.025618249050069465
0 0.7590308738740685 0.597478878421666 0.04275618506293455 0.029070557370694416
0 0.675851520969639 0.6048932945498258 0.03626938672260831 0.025800087005972118
0 0.42851700892306965 0.06750631658565936 0.020479365976683893 0.06442617591180558
0 0.603924363701599 0.33734342505878423 0.021449870125868742 0.05665004350298606
0 0.6562708815477383 0.49108536768808975 0.039631185062934546 0.028997822188333446
0 0.5350890854824973 0.2035509597280551 0.033144386722608485 0.025727351823611144
0 0.9552285998041518 0.44969142259024225 0.04119368506293455 0.029034189779513754
0 0.6124291450209782 0.0016566319823087775 0.032433991701630305 0.003313263964617555
0 0.583967061212088 0.34250370374413147 0.022160265146846925 0.06602504350298606
0 0.7374583301071345 0.9634682075438536 0.017259277594401646 0.042514808320625264
0 0.6530900338181789 0.015321648273298063 0.03494368506293455 0.02888871941479169
0 0.4340109149417099 0.15033700038124964 0.0185616684661948 0.059702308320624994
0 0.7162461809369715 0.962396670024791 0.019058575934727706 0.045676175911805575
0 0.663211317636358 0.04560856031739528 0.02857528589277152 0.027180749050069463
0 0.761191828032542 0.9668289436761451 0.016667281743586494 0.034702308320625264
0 0.9699324850768676 0.5714391360211103 0.034706886722608486 0.02576371941479181
0 0.6135790931561671 0.09293880841753421 0.03806868506293437 0.028961454597152825
0 0.46053878736588594 0.8619109332269094 0.023959563487172986 0.06918641109416654
5 0.2506165678600725 0.7149671173068401 0.04368006763635801 0.06184668977951393
5 0.2940598371561044 0.7718704275273263 0.04559776514684701 0.06657055737069442
5 0.3633095124707766 0.9111316428580553 0.026706055188803292 0.08484777868534721
5 0.4935638523029514 0.8329676624253469 0.02287066016782511 0.07540004350298588
5 0.43870026017246955 0.2535347355636108 0.023959563487172986 0.06918641109416672
3 0.2881423078880957 0.167036803952222 0.04119553029369403 0.13197735182361114
0 0.2730589917016302 0.012570122340833222 0.021117983403260432 0.025140244681666445
0 0.48858555146382565 0.4574221485576386 0.042235966806520864 0.06337282218833344
0 0.6508085898553968 0.8527865871028816 0.02599566016782511 0.07547277868534721
0 0.5849780672353726 0.6140520486338884 0.03998638257342364 0.03368532218833344
0 0.628550468480128 0.6106900060808329 0.03986798340326061 0.03212282218833344
0 0.9112301460698852 0.45775914893888814 0.04299298340326061 0.03219555737069442
0 0.6284391116270065 0.3406859773954856 0.022160265146846925 0.06602504350298614
0 0.6490000653612729 0.33316376491454813 0.020834563487172986 0.06911367591180557
0 0.669004912041925 0.33895917002479115 0.022397063487172984 0.06915004350298606
0 0.6906431137015989 0.33532502374826334 0.025758861827499046 0.07234777868534721