0 0.821875 0.5859375 0.03984375 0.02734375
0 0.5765625 0.5109375 0.0359375 0.03046875
0 0.5875 0.03671875 0.03828125 0.034375
0 0.50859375 0.2609375 0.03203125 0.028125
0 0.634375 0.10078125 0.03671875 0.0328125
0 0.60625 0.17734375 0.03671875 0.03203125
0 0.7296875 0.48359375 0.03984375 0.0296875
0 0.88671875 0.56953125 0.03671875 0.028125
0 0.67109375 0.49296875 0.03828125 0.028125
0 0.6 0.140625 0.0375 0.0328125
0 0.6609375 0.9765625 0.0140625 0.046875
0 0.58671875 0.009375 0.0328125 0.01875
0 0.50859375 0.22421875 0.034375 0.0296875
0 0.50703125 0.1875 0.02734375 0.02578125
0 0.596875 0.35546875 0.01640625 0.05859375
0 0.41953125 0.9859375 0.01484375 0.028125
0 0.640625 0.13125 0.03515625 0.03125
0 0.509375 0.29453125 0.0328125 0.02890625
0 0.76875 0.5984375 0.03671875 0.02890625
0 0.634375 0.059375 0.03671875 0.028125
0 0.6171875 0.5046875 0.0359375 0.028125
0 0.7171875 0.60625 0.04140625 0.02890625
0 0.40546875 0.89375 0.01484375 0.059375
0 0.91796875 0.44375 0.03984375 0.03125
0 0.63359375 0.61796875 0.03515625 0.02734375
0 0.78671875 0.46953125 0.0390625 0.03046875
0 0.309375 0.09140625 0.015625 0.06484375
0 0.59296875 0.10859375 0.03515625 0.03203125
0 0.25 0.0265625 0.01953125 0.053125
0 0.6796875 0.978125 0.0125 0.04375
0 0.40078125 0.0984375 0.0140625 0.0625
0 0.571875 0.35390625 0.01484375 0.05625
0 0.0453125 0.4734375 0.02265625 0.04921875
5 0.17890625 0.6078125 0.03828125 0.03203125
0 0.51171875 0.19296875 0.02734375 0.025
0 0.63359375 0.02734375 0.0328125 0.02734375
0 0.40390625 0.1859375 0.0171875 0.06875
0 0.3203125 0.33203125 0.01640625 0.0625
3 0.2609375 0.209375 0.02734375 0.1265625
5 0.315625 0.1953125 0.01640625 0.06640625
5 0.40546875 0.28203125 0.0171875 0.06796875
5 0.20390625 0.753125 0.03515625 0.06484375
5 0.2453125 0.815625 0.0421875 0.0640625
5 0.30625 0.94921875 0.02578125 0.090625
5 0.44375 0.8578125 0.0171875 0.08046875
0 0.596875 0.86875 0.02265625 0.07890625
0 0.54140625 0.63515625 0.0375 0.0265625
0 0.45390625 0.48671875 0.0359375 0.05390625
0 0.5859375 0.625 0.03359375 0.0328125
0 0.86875 0.45 0.0421875 0.040625
0 0.93125 0.5625 0.04375 0.0375
0 0.98125 0.55078125 0.0375 0.0421875
0 0.5515625 0.35859375 0.0171875 0.0703125
0 0.61484375 0.34921875 0.0140625 0.06796875
0 0.6375 0.3484375 0.015625 0.06953125
0 0.65859375 0.34140625 0.0234375 0.08515625