5 0.3828125 0.35625 0.03515625 0.02578125
0 0.6046875 0.52109375 0.03125 0.025
0 0.24296875 0.58125 0.034375 0.025
0 0.59140625 0.565625 0.0328125 0.0234375
0 0.49453125 0.5265625 0.0328125 0.0265625
0 0.5 0.5734375 0.03046875 0.02421875
5 0.7484375 0.30234375 0.0375 0.02734375
0 0.89453125 0.3171875 0.03125 0.05078125
5 0.8515625 0.6 0.04140625 0.02890625
0 0.39375 0.5703125 0.03515625 0.0265625
5 0.89140625 0.459375 0.03984375 0.0265625
5 0.46015625 0.31875 0.040625 0.0296875
0 0.67421875 0.8734375 0.0171875 0.06484375
0 0.5015625 0.76171875 0.015625 0.065625
0 0.95546875 0.0359375 0.0140625 0.06015625
0 0.578125 0.95390625 0.01484375 0.06328125
0 0.66328125 0.94453125 0.015625 0.06171875
0 0.8078125 0.19375 0.01328125 0.053125
0 0.84609375 0.0359375 0.02109375 0.04453125
0 0.90546875 0.17578125 0.0125 0.04375
0 0.59765625 0.946875 0.01171875 0.05546875
0 0.6796875 0.94140625 0.01640625 0.06484375
0 0.5609375 0.95234375 0.0171875 0.06875
0 0.646875 0.9453125 0.015625 0.0640625
0 0.6125 0.946875 0.01484375 0.05703125
0 0.63046875 0.94609375 0.01640625 0.0609375
0 0.7015625 0.94921875 0.01484375 0.0625
0 0.70703125 0.7390625 0.0140625 0.04609375
3 0.18515625 0.9625 0.0640625 0.075
5 0.9328125 0.60390625 0.0359375 0.03125
5 0.93046875 0.56875 0.03984375 0.02890625
5 0.80078125 0.303125 0.0390625 0.0296875
5 0.92578125 0.21875 0.02890625 0.06953125
0 0.84609375 0.3109375 0.0421875 0.0375
5 0.95859375 0.16640625 0.0203125 0.0671875