5 0.44609375 0.54765625 0.04375 0.04375
5 0.715625 0.85546875 0.03046875 0.08359375
0 0.60703125 0.6640625 0.03203125 0.0546875
0 0.56328125 0.45390625 0.0390625 0.03671875
5 0.75234375 0.73359375 0.0328125 0.0921875
0 0.56015625 0.51171875 0.03984375 0.0375
0 0.50078125 0.61484375 0.0390625 0.03515625
0 0.503125 0.475 0.0375 0.03515625
0 0.7078125 0.034375 0.01484375 0.06796875
0 0.57578125 0.54921875 0.0390625 0.0359375
0 0.375 0.57578125 0.040625 0.040625
0 0.51171875 0.56875 0.04375 0.0375
0 0.50859375 0.52890625 0.04140625 0.0390625
3 0.68203125 0.05 0.0234375 0.09921875
0 0.684375 0.159375 0.01875 0.06875
0 0.984375 0.015625 0.03046875 0.03046875
3 0.65390625 0.0453125 0.02421875 0.08984375
5 0.44140625 0.6015625 0.03984375 0.03984375
0 0.35234375 0.8140625 0.03671875 0.0453125
5 0.134375 0.015625 0.03671875 0.03125
0 0.26640625 0.1640625 0.03203125 0.06484375
0 0.30859375 0.8546875 0.0390625 0.0515625
5 0.4609375 0.903125 0.040625 0.0625
0 0.68359375 0.95859375 0.03046875 0.065625
0 0.7640625 0.63203125 0.0203125 0.0640625
0 0.90078125 0.10703125 0.0390625 0.05390625
0 0.64765625 0.16875 0.01796875 0.0734375
5 0.7109375 0.13203125 0.02109375 0.0828125