3 0.2296875 0.55546875 0.06875 0.1390625
3 0.38359375 0.07109375 0.07734375 0.13828125
3 0.26171875 0.759375 0.0421875 0.10078125
0 0.26796875 0.2734375 0.0359375 0.03359375
0 0.40703125 0.2453125 0.0359375 0.03046875
0 0.61015625 0.2578125 0.0265625 0.0234375
0 0.3359375 0.29765625 0.03828125 0.03125
0 0.16640625 0.29375 0.02734375 0.02734375
0 0.37109375 0.96875 0.03359375 0.05
0 0.584375 0.675 0.03515625 0.03125
0 0.9453125 0.325 0.03515625 0.02734375
0 0.4390625 0.29140625 0.03671875 0.02890625
0 0.6390625 0.21875 0.0375 0.02890625
0 0.5671875 0.11953125 0.0359375 0.0296875
3 0.84453125 0.9296875 0.06484375 0.134375
0 0.5453125 0.74140625 0.03515625 0.0359375
0 0.54140625 0.203125 0.034375 0.0296875
5 0.375 0.371875 0.03828125 0.040625
0 0.534375 0.2890625 0.0375 0.03046875
0 0.1296875 0.35390625 0.040625 0.03515625
0 0.23984375 0.059375 0.01484375 0.06171875
0 0.4171875 0.91953125 0.0328125 0.046875
0 0.11328125 0.43984375 0.040625 0.03515625
0 0.52265625 0.04140625 0.03203125 0.02734375
0 0.0234375 0.51875 0.04140625 0.0375
0 0.0984375 0.4859375 0.040625 0.034375
0 0.49140625 0.34140625 0.0390625 0.0328125
0 0.23828125 0.15546875 0.01640625 0.0703125
0 0.57890625 0.7703125 0.0359375 0.03984375
0 0.18203125 0.175 0.01484375 0.065625
0 0.8953125 0.2265625 0.03046875 0.02578125
0 0.5046875 0.253125 0.03515625 0.02890625
0 0.61171875 0.29921875 0.03359375 0.0265625
0 0.0953125 0.5375 0.03671875 0.03125
0 0.240625 0.00859375 0.015625 0.0171875
0 0.21640625 0.17890625 0.015625 0.06953125
0 0.21953125 0.09375 0.01875 0.08203125
5 0.1328125 0.52265625 0.03359375 0.0328125
0 0.734375 0.940625 0.0359375 0.04140625
0 0.1859375 0.06015625 0.015625 0.06328125
0 0.29453125 0.61640625 0.02734375 0.07265625
0 0.98984375 0.27734375 0.0203125 0.03359375
0 0.69921875 0.35078125 0.0375 0.03046875
5 0.80546875 0.2171875 0.04921875 0.028125