5 0.5823780064101408 0.009702369935157381 0.05196491439185813 0.019404739870314762
0 0.5754646503287223 0.4202587644774206 0.04586046360606986 0.047350188998963996
0 0.518850777293193 0.41506615033323147 0.0490582382131759 0.04905823821317572
5 0.7532235074435981 0.08470860049984723 0.041172963606069854 0.04713186517764645
0 0.877915408186605 0.3748541033953313 0.07162244292790518 0.03139985731976367
3 0.6902954760120666 0.21291068321250495 0.16533820967712848 0.06850605913900916
0 0.7641930866415991 0.01764737903589452 0.035757717535011224 0.031288541356328865
0 0.4946898393276863 0.4678658186540311 0.04905823821317572 0.04905823821317572
0 0.22904760690547885 0.21090530500517998 0.07049659057054054 0.04070208271265772
5 0.7872389425136207 0.14262810835773007 0.03804796360606986 0.04698631596343472
0 0.5468345361845331 0.4779642566195378 0.04586046360606986 0.047350188998963996
0 0.484201795490158 0.3939745543860075 0.04586046360606986 0.047350188998963996
0 0.45493598056018064 0.45484143383167747 0.047568512820281586 0.050547963606069855
0 0.8245422750168814 0.7586340980186479 0.07064213978475245 0.04382708271265763
0 0.16676377667402048 0.18483726468230838 0.07532963978475227 0.044045406533975304
0 0.39145556162020856 0.18455035856261787 0.09429796360606986 0.04960620181924558
0 0.9094478904039249 0.2449825128247908 0.07333049214211726 0.034597631926869446
5 0.9184462088485589 0.3205090516999203 0.08910104135632864 0.038450377997927984
5 0.8361494774598087 0.1505283455374485 0.03299659057054072 0.038955492142117173
0 0.987566428245597 0.34112545864818034 0.024867143508805967 0.03165241439185813
5 0.41178960214796784 0.5202695347413002 0.04913101282028158 0.05062073821317572
0 0.0861709021907491 0.23635056885891884 0.06588186517764642 0.04204625889134021
0 0.9583648875084407 0.35388232382582674 0.07162244292790554 0.03139985731976358
5 0.6560681792790544 0.25130324917593966 0.07660104135632881 0.03786818114108117
5 0.9466998730310202 0.9103164143963675 0.04749573821317554 0.048985463606069854
0 0.14369888171747247 0.6141823163777195 0.06475601282028158 0.05134848428423435
0 0.18570229114693187 0.5746446273787555 0.06155823821317572 0.04964043507002245
5 0.11610892100688672 0.45887838627009564 0.06170378742738745 0.052765435070022626