0 0.6621213959854961 0.6679322704058783 0.03902826674922295 0.036093324882222076
0 0.26586498014589593 0.6464914570690273 0.03739299214211709 0.03439412384546294
0 0.4721000175732833 0.7143309423661103 0.034267992142117266 0.03412072177194432
0 0.40093133891340155 0.6730914962303233 0.03902826674922295 0.036093324882222076
0 0.9055567187733564 0.5989743847322205 0.04066354135632899 0.03779252591898139
0 0.15545832712657726 0.6982993819039812 0.03739299214211713 0.03439412384546294
0 0.598636784736791 0.6079134299722675 0.03419521753501122 0.03255822177194432
0 0.47643645305759075 0.6236765480682862 0.04066354135632899 0.03779252591898139
0 0.5203941224118476 0.748900723468888 0.04059076674922295 0.03623002591898139
0 0.17763938812761326 0.6566682479737498 0.03902826674922304 0.036093324882222076
5 0.7048739762169545 0.7004610978799988 0.04542381596343468 0.03976512902925915
0 0.3108928438758003 0.744576934024768 0.04059076674922295 0.03623002591898139
0 0.644154684241453 0.4158229662588414 0.037320217535011226 0.03283162384546294
0 0.8790349141824612 0.6643458150337948 0.04862159057054072 0.041601031102777596
0 0.8957429170779452 0.5553221295484242 0.03419521753501158 0.03255822177194432
5 0.7883392936281313 0.6883117038649985 0.04386131596343468 0.03962842799249984
0 0.617256082298373 0.27263960278097105 0.023985463606069856 0.047226314514629664
0 0.9895923857511125 0.7717078386437018 0.020815228497774996 0.05714811866166656
0 0.5319606294456701 0.0784412519797675 0.031108758891340217 0.0665231186616666
0 0.5306207613725394 0.14990614886948972 0.029109611248705036 0.057011417624907336
0 0.5498245256405632 0.14458366182898044 0.030817660462916764 0.060273118661666604
5 0.9662095825032608 0.6984268720555538 0.04895123035529281 0.08208933006601846
0 0.966333822783351 0.934969964798239 0.03677656203449331 0.054569922808703805
0 0.4995847770883052 0.08494553020782311 0.027619885855810898 0.058437216588148114
0 0.44987587551672864 0.08682109703152692 0.02769266046291676 0.05999971658814811
0 0.43372433664159915 0.09085448614555473 0.027619885855810898 0.058437216588148114
3 0.16608976612554124 0.7428012376061572 0.07925516046291677 0.06451085080120364
0 0.48492296360606985 0.0875531203586102 0.029109611248705036 0.05701141762490736
0 0.4167316974760194 0.29399931852064737 0.032598484284234355 0.06509731969842587
0 0.9779519112869771 0.7834853772393501 0.025547963606069857 0.0473630155513888
0 0.8779347946615885 0.7910744103683781 0.030817660462916764 0.060273118661666555
0 0.5149186786598818 0.08006254057541567 0.029546258891340216 0.06638641762490735
0 0.46702698821317573 0.08754355843587873 0.02740156203449331 0.05374971658814811
3 0.0643814853176916 0.16280208784171285 0.09066784946188074 0.10908105702175908
0 0.5480757810172466 0.0736266128657397 0.03365156203449331 0.054296520735185115
0 0.41671877315936373 0.09325702474120293 0.03245293507002245 0.06197231969842587