5 0.7234375 0.31171875 0.03671875 0.0296875
5 0.79375 0.4484375 0.0390625 0.046875
5 0.63515625 0.315625 0.03671875 0.028125
0 0.91484375 0.6171875 0.03203125 0.02578125
0 0.44296875 0.3046875 0.03671875 0.02734375
5 0.77421875 0.55390625 0.03359375 0.0375
5 0.7046875 0.58125 0.0375 0.04296875
0 0.81953125 0.3203125 0.03828125 0.0265625
5 0.69609375 0.359375 0.040625 0.03046875
0 0.840625 0.5765625 0.03203125 0.02421875
0 0.3125 0.57421875 0.03671875 0.02578125
5 0.9078125 0.546875 0.03828125 0.025
0 0.66796875 0.9546875 0.0125 0.05546875
0 0.6453125 0.87734375 0.0140625 0.0578125
0 0.53046875 0.9515625 0.01328125 0.05546875
0 0.8828125 0.18515625 0.0125 0.0453125
0 0.9328125 0.04765625 0.0125 0.06015625
0 0.54609375 0.94921875 0.0109375 0.053125
0 0.625 0.8765625 0.0140625 0.05625
0 0.5625 0.94375 0.01171875 0.05546875
0 0.628125 0.946875 0.0125 0.0578125
0 0.825 0.04453125 0.01953125 0.04609375
0 0.57890625 0.9453125 0.0125 0.05234375
0 0.5984375 0.94453125 0.01328125 0.05234375
0 0.4703125 0.7546875 0.01484375 0.059375
0 0.646875 0.94296875 0.0125 0.0578125
0 0.67578125 0.74140625 0.0109375 0.0453125
0 0.61328125 0.94375 0.0140625 0.05703125
0 0.78046875 0.2015625 0.0125 0.0515625
3 0.153125 0.953125 0.06953125 0.08203125
0 0.13046875 0.59375 0.04140625 0.028125
0 0.9328125 0.1796875 0.01796875 0.05859375