3 0.8044395984239141 0.9714849470303456 0.10302230024766885 0.05703010593930884
5 0.6259312231165826 0.39096080205202116 0.0502568651776464 0.0418836631118273
0 0.5302120006191725 0.2763074968750539 0.04066354135632899 0.036650131541796235
5 0.7853083771693584 0.43374608348087784 0.04705909057054054 0.04013915258848364
0 0.6764406453663236 0.4048104704255203 0.04386131596343468 0.03839464206513998
5 0.4671661910658786 0.26094853640817994 0.04542381596343468 0.03848564732681172
5 0.2754903831652145 0.57857783923666 0.039576230355292806 0.08021812101845249
5 0.5157706650110307 0.3175394416274995 0.047131865177646406 0.04170165258848364
5 0.4641353904039248 0.31297376799232846 0.047131865177646406 0.04170165258848364
5 0.5812329991714305 0.3345974099868812 0.047131865177646406 0.04170165258848364
0 0.5849638906088126 0.7158096126318345 0.0424443651776464 0.04142863680346807
0 0.5386197375894939 0.7746616968891713 0.04258991439185813 0.044553636803468064
0 0.5850279332079957 0.2989784284027327 0.043788541356328814 0.03683214206513989
5 0.6348310341176185 0.34784783888372406 0.043788541356328814 0.03683214206513998
0 0.14321076840185284 0.3815446735645839 0.048985463606069854 0.04804265785015547
0 0.5699082789458229 0.8107657968609365 0.042735463606069855 0.047678636803468066
0 0.7262415922231704 0.42017713616818353 0.03746576674922295 0.034905621018452494
0 0.08881436683027627 0.3846094894060691 0.04720463978475229 0.04326415258848364
0 0.5227336801031146 0.9521573653332578 0.04466183664159917 0.055582142065139804
0 0.0864192669541108 0.43355522362105353 0.037465766749222994 0.034905621018452494
0 0.41613442224974106 0.03514489960471186 0.026018844499482087 0.023331084186749583
0 0.28534272621695445 0.6562856102833473 0.04419095574818703 0.07892863680346807
5 0.14181524234700493 0.4352234104104042 0.05047518899896399 0.046571163111827296
0 0.5732599873846063 0.38088087578601415 0.04066354135632899 0.03665013154179615
5 0.149285294042416 0.47851067882625575 0.04727741439185813 0.04482665258848364
0 0.608015861248705 0.08995203889784151 0.04393409057054072 0.039957142065139936
0 0.32772066314900383 0.5122772760260105 0.034597631926869446 0.07369510523343692
0 0.38425949172783236 0.2039180154320797 0.029546258891340216 0.06560958944842143
0 0.6439405527288684 0.17541139676211442 0.045569365177646405 0.041610647326811766
0 0.711271795280761 0.9891960917969087 0.03804796360606986 0.02160781640618268
0 0.3162136590151746 0.13139129707269798 0.03139985731976358 0.07195059471009327
0 0.3381185841603998 0.0329383865211194 0.029362168320799586 0.028200594710093285
3 0.4660684571914199 0.9797084287556685 0.03870293507002245 0.040583142488662814
0 0.717827856281797 0.9588455230422387 0.041172963606069854 0.04758763154179633
3 0.4897197413135476 0.3604325969174062 0.06155823821317572 0.05033319994353018
5 0.3693130419755014 0.3012179496611816 0.034597631926869446 0.073695105233437
0 0.027099924935828145 0.4480202710466874 0.014028266749223006 0.0335405420933748
0 0.46677012303552934 0.03497757060904695 0.03041524607105863 0.017354099971765135
5 0.34026339681406564 0.32991209705858054 0.03467040653397531 0.07525760523343701
0 0.07839717514071594 0.8468063815417963 0.04695208271265772 0.07129814732681154
0 0.39997007485477487 0.12302433120297782 0.029546258891340126 0.06560958944842143