0 0.6132563911148419 0.44405782086231776 0.03374008293962447 0.027517246239076344
0 0.21588285019318368 0.6483395262599589 0.030505955534962846 0.02430131802583091
0 0.6082811705189364 0.6089243029156292 0.03374008293962447 0.027517246239076344
0 0.4202156861280331 0.6644515742275301 0.030505955534962936 0.02430131802583091
0 0.027537112807055418 0.6671025834652371 0.03686508293962455 0.0276081744523216
0 0.8045832516444624 0.631059030350087 0.03261409255827132 0.03997178213245363
5 0.7054165761465665 0.6938652557394807 0.04009921034428636 0.030824102665566854
5 0.6582315852170593 0.47743026200768696 0.04009921034428636 0.03082410266556703
5 0.8596700557281466 0.6436105061351922 0.038338302902557686 0.06979567445232178
0 0.9169716019224641 0.9510569447732788 0.016135920688572725 0.0597841769596041
0 0.6247866904740204 0.13626805291562916 0.017698420688572546 0.05982964106622681
0 0.9138515803229177 0.8164546242401653 0.01937004809323426 0.06300010517284953
0 0.5263516796742472 0.06614811803846622 0.015917665879249122 0.05353417695960412
0 0.5106721159719163 0.06725597697223942 0.016026793283910833 0.05665917695960414
0 0.44128470971131406 0.10590328833415277 0.017752984390903316 0.06139214106622681
0 0.6288045570789089 0.06600101702225183 0.016026793283910833 0.05665917695960414
5 0.21505447097442346 0.6944560083132701 0.04166171034428627 0.03086956677218957
0 0.8095856878573138 0.9580989034696252 0.02512897477225664 0.04911946159934004
0 0.6464831303998866 0.05243862219510133 0.015699411069925694 0.047284176959604116
0 0.8656050532810757 0.8095764869348623 0.015535719962933214 0.0425966769596041
0 0.5427306478230818 0.06740674115800438 0.015917665879249122 0.05353417695960414
0 0.6051190312181932 0.13960600158284564 0.017589293283910835 0.056704641066226816
0 0.6084102115254126 0.06775373363615697 0.016026793283910833 0.05665917695960414
0 0.5754885841207509 0.06992398739708068 0.017425602176918176 0.05201714106622681
0 0.450835780585221 0.25789769734706824 0.01931548439090349 0.06143760517284953
0 0.7650147762392339 0.8011753020576993 0.01904266587924912 0.05362510517284953
0 0.55902777041842 0.07100911427754253 0.015808538474587408 0.05040917695960414
0 0.5935118978230818 0.0688843246232415 0.015917665879249122 0.05353417695960414
0 0.6553595894782285 0.2685409953146395 0.014027783665263981 0.04411371285298138
0 0.8908034607228045 0.8494118767474479 0.01937004809323426 0.06300010517284953
3 0.1388417559904498 0.07755200164935265 0.07503969473518968 0.09271634890464334
0 0.8010564583605518 0.6872635662434643 0.041770837748948256 0.03399456677218975