0 0.38359375 0.34453125 0.03125 0.02265625
0 0.2625 0.2703125 0.0328125 0.02109375
0 0.25078125 0.30546875 0.02734375 0.021875
0 0.2875 0.34453125 0.02890625 0.0234375
0 0.9875 0.321875 0.025 0.02421875
0 0.6328125 0.76953125 0.01484375 0.05625
0 0.56953125 0.69140625 0.0125 0.05078125
0 0.59609375 0.27578125 0.028125 0.02109375
0 0.3328125 0.34296875 0.0265625 0.02265625
0 0.90625 0.45390625 0.03046875 0.02265625
0 0.60546875 0.3171875 0.0296875 0.02265625
3 0.03828125 0.2984375 0.0765625 0.03984375
0 0.259375 0.23359375 0.02109375 0.0203125
0 0.21796875 0.23046875 0.03046875 0.02265625
0 0.6140625 0.696875 0.0125 0.05390625
0 0.175 0.22578125 0.0296875 0.02265625
0 0.67890625 0.55859375 0.01640625 0.05625
0 0.38359375 0.278125 0.02890625 0.02265625
5 0.809375 0.3484375 0.0359375 0.02421875
0 0.01328125 0.23046875 0.0265625 0.02109375
0 0.63125 0.66640625 0.01015625 0.0375
0 0.7328125 0.43359375 0.02734375 0.02265625
0 0.05703125 0.228125 0.028125 0.021875
0 0.6140625 0.775 0.0125 0.05859375
5 0.01953125 0.37578125 0.0296875 0.02109375
0 0.7171875 0.20703125 0.02265625 0.02890625
0 0.38671875 0.42421875 0.03203125 0.02578125
0 0.978125 0.453125 0.02578125 0.01875
0 0.65 0.02734375 0.01484375 0.04375
0 0.5984375 0.04765625 0.01171875 0.0515625
5 0.6171875 0.025 0.0125 0.04921875