0 0.6773382143077212 0.2521707277009109 0.037926975104890556 0.049681006667959784
0 0.6728740120233474 0.3418231590644591 0.037690176764564674 0.04655600666795978
0 0.17408743421451991 0.7047520465065406 0.09240098755244537 0.030835153942803117
0 0.02186271399537129 0.718128375603974 0.04372542799074258 0.02876247091226496
0 0.8629959848531531 0.009934463241632292 0.044176975104890916 0.019868926483264583
0 0.30071986657816197 0.7549757028652395 0.08447008838228234 0.02863492515463051
0 0.9250573543543219 0.026198932692182403 0.04081517676456485 0.04681109818322885
0 0.7327584975012004 0.3097602160319813 0.03577247925407576 0.04174096091032524
0 0.7812193082890809 0.32599125178767613 0.034328378424238616 0.0431759151526907
0 0.9784550414918488 0.012023315133294044 0.03503877344521698 0.024046630266588088
0 0.9778737784195943 0.06691978541733913 0.025426975104890913 0.048660640606883486
0 0.9043868889976935 0.18627543435917232 0.03612767676456485 0.046428460910325244
0 0.8453069643077213 0.23845955875519836 0.03660127344521698 0.05267846091032524
0 0.8940861611935105 0.32221293435917236 0.047420374275053946 0.05200878121376693
0 0.7819898255105204 0.2645913661817625 0.03061138257342364 0.035108323637421626
0 0.7323100568391885 0.23370789906251943 0.04488737012586892 0.05956618969849794
0 0.16083041761778039 0.674777504082886 0.0987693867226084 0.03290783697334128