3 0.9078125 0.95390625 0.05625 0.09140625
0 0.578125 0.50703125 0.03203125 0.03125
5 0.89453125 0.1171875 0.0375 0.06015625
0 0.49453125 0.4828125 0.0375 0.034375
5 0.73359375 0.7734375 0.02890625 0.07109375
0 0.578125 0.55546875 0.02890625 0.02890625
0 0.45625 0.5984375 0.03671875 0.03828125
0 0.3515625 0.59921875 0.04140625 0.03828125
5 0.421875 0.5671875 0.0453125 0.0453125
0 0.521875 0.56953125 0.03984375 0.03671875
5 0.278125 0.45 0.0421875 0.03828125
0 0.70234375 0.053125 0.0140625 0.06484375
0 0.08828125 0.696875 0.03671875 0.0453125
0 0.5421875 0.346875 0.04296875 0.03828125
5 0.13203125 0.021875 0.0375 0.04140625
0 0.5625 0.45625 0.03046875 0.03125
5 0.96328125 0.17421875 0.04453125 0.04609375
0 0.67890625 0.8734375 0.02578125 0.0703125
0 0.3484375 0.82421875 0.034375 0.0421875
0 0.4984375 0.5375 0.03828125 0.03359375
0 0.7078125 0.8734375 0.0265625 0.0703125
0 0.30625 0.8671875 0.03984375 0.05078125
0 0.684375 0.94765625 0.02265625 0.05390625
0 0.98203125 0.02578125 0.0359375 0.03046875
0 0.4 0.38828125 0.040625 0.0390625
5 0.70390625 0.15625 0.01796875 0.0640625
0 0.6734375 0.0140625 0.015625 0.028125
3 0.67578125 0.1421875 0.0234375 0.11484375
0 0.26484375 0.17109375 0.0296875 0.06484375
0 0.41640625 0.51796875 0.03984375 0.03984375
0 0.64609375 0.175 0.01640625 0.071875
0 0.76015625 0.66640625 0.02265625 0.06484375
5 0.453125 0.9078125 0.0390625 0.05625
5 0.715625 0.71796875 0.02421875 0.07421875
5 0.84296875 0.02734375 0.0328125 0.05390625
0 0.6453125 0.08359375 0.015625 0.06875