0 0.499389800457066 0.4067460127076997 0.0408818651776464 0.0422511439408634
3 0.3535231062863063 0.011288831054287452 0.03982878742738745 0.022577662108574904
5 0.3452161466091779 0.05743102316868135 0.03143409057054054 0.03992336939505618
5 0.30546444189444816 0.041997212867179265 0.03477741439185813 0.04486596091032524
0 0.5329749342459623 0.537868595888019 0.0408818651776464 0.0422511439408634
0 0.621024936107989 0.7361469860358606 0.044006865177646404 0.04250623545613248
0 0.5340944402418183 0.3634425517973745 0.03939213978475227 0.04368609818322886
0 0.7948607739879334 0.17871763906057975 0.06857021753501122 0.03517196757828502
0 0.15518603618904234 0.4278386022661147 0.06246576674922304 0.037786784547746775
0 0.5886791246926684 0.5449956986131758 0.037756865177646405 0.04199605242559432
0 0.5475169313504782 0.42616582134221187 0.04102741439185813 0.0453761439408634
0 0.6499632653059901 0.7999385480043527 0.040736315963434674 0.0391261439408634
0 0.559751449961728 0.5979452264929629 0.04102741439185813 0.0453761439408634
0 0.36715530500517995 0.18794769953125973 0.05236302067816449 0.02139651000193967
0 0.7761450072387103 0.21293314239455965 0.08739299214211727 0.03826501666989941
0 0.3873928763452982 0.2213183089243762 0.06486302067816441 0.022416876063015945
0 0.04874571505381193 0.008817019544837379 0.03375856989237615 0.017634039089674758
0 0.7816071792835635 0.5969574560300417 0.04705909057054054 0.04119882697140156
3 0.9610786253118409 0.26943887859959814 0.04742296360606986 0.04901132697140156
2 0.09038842462849647 0.3034282757537552 0.18077684925699294 0.04799044515850977
5 0.4339660076529951 0.3910729574071675 0.04571491439185813 0.045758781213767016
5 0.5947879993808275 0.1966059960378003 0.08553939371369382 0.03188747091226487
0 0.12876896960643508 0.7109539912060082 0.06544521753501131 0.034916876063016036
0 0.582711606909988 0.6731206986131758 0.04727741439185813 0.04588632697140156
0 0.5647001232449262 0.4916952264929629 0.04266268899896399 0.04706618969849785
0 0.8233194902845995 0.6371361748162746 0.05508991439185813 0.04652405575957417
0 0.00015297260210850875 0.3350446796965582 0.0003059452042170175 0.014827774545807238
5 0.025736246485343332 0.13254156196849204 0.042298815963434724 0.03925368969849794
5 0.8785978033525501 0.486307256329604 0.06602741439185814 0.047416876063016034
0 0.12018825971990968 0.22678615635869903 0.07274829528527027 0.02461710485118864
0 0.07257055107623854 0.1964288477241869 0.06330052067816443 0.022289330305381404
5 0.30209969334219017 0.09752973574599653 0.037975188998963995 0.0466835524255943
3 0.25844604673301236 0.027025272419775315 0.04873290653397531 0.05405054483955063
3 0.25856801716350775 0.09641351695976352 0.05156680810555185 0.07114141848667059