0 0.5330496486481605 0.9598328407799375 0.02732621941479163 0.034049668320799496
0 0.4032601250937156 0.390254549009324 0.03212282218833344 0.03895549214211709
0 0.6361902196022229 0.8212904174967391 0.02732621941479163 0.034049668320799496
0 0.5388098864928821 0.06484567245913798 0.028925087005972294 0.03568494292790543
0 0.32860496399954897 0.3749613428468522 0.0320500870059723 0.03583049214211718
0 0.9037342101998267 0.45453944934255547 0.06304551386770854 0.026348484284234176
5 0.5129020031341321 0.09420784077993756 0.03368532218833344 0.039028266749222995
0 0.9758312819616496 0.4392183562908155 0.048337436076700865 0.023005160462916764
0 0.952315220933403 0.35764302461161507 0.058285278685347205 0.023005160462916764
0 0.9359070113022572 0.25751674607556774 0.05824891109416654 0.021442660462916763
0 0.9414134353142017 0.3260848095578031 0.058321646276527875 0.024567660462916762
0 0.580997386492882 0.06288075806727983 0.03059668977951393 0.04044521753501129
0 0.9465009788171879 0.34305398573648554 0.053561411094166546 0.021224336641599173
0 0.3214646112260072 0.3706013285788285 0.03045121941479163 0.03419521753501122
0 0.9597108000555906 0.40657067618319165 0.058285278685347205 0.023005160462916764
0 0.9371610399876044 0.2777928587720148 0.06141027868534721 0.02315070967712849
5 0.29982404093753495 0.2808860111676517 0.035393292553055566 0.045351041356328815
0 0.6116785692416326 0.7090280119962212 0.028925087005972117 0.03568494292790554
5 0.4774041802802086 0.28278234326113694 0.052726262917777864 0.05240156203449331
5 0.5650379989531602 0.6204770882987382 0.03553876291777787 0.051601041356328814
0 0.8651405696228821 0.27489049069888427 0.06457164627652787 0.024858758891340215
0 0.867866179330278 0.2911875787882255 0.06460801386770854 0.026421258891340216
0 0.7303837099154864 0.264742856909988 0.04727504350298606 0.01937073821317572
0 0.7718120629733685 0.46537640364300037 0.07714438145888884 0.028565955748186943
0 0.9393768502080906 0.2385848095578031 0.05988414627652787 0.024640435070022625
0 0.9390872158994099 0.293345084164909 0.06925914627652788 0.025077082712657718
0 0.9417946418112155 0.30886092225425016 0.05668641109416654 0.0213698858558109
0 0.9527334482319795 0.3756117746116151 0.06148301386770853 0.02627570967712849
0 0.5757877821038198 0.3094839303170208 0.04593074905006951 0.028672963606069857
5 0.584197734516771 0.20038075806727984 0.04004442496187508 0.044006865177646404
5 0.5837418332062502 0.11358923346017398 0.04309668977951393 0.04102741439185813
0 0.5590717543684031 0.2633366763880794 0.06330008700597212 0.03728598428423435
0 0.29457153685347237 0.18962531038186345 0.03691942496187508 0.04386131596343472
0 0.2818708618915974 0.14798361993515738 0.04636716014423614 0.04742296360606986
0 0.18241768218006965 0.24333896939703809 0.058321646276527785 0.024567660462916762
0 0.029492050721180746 0.2254344935898592 0.049237587005972264 0.03663101282028158
0 0.023130988316493156 0.12014768010762386 0.041243249050069465 0.028454639784752267
5 0.18626676795177094 0.10629273366506176 0.08034211664124999 0.03183650496239872