3 0.9176583288345128 0.1808756210356938 0.14571616431701032 0.072098233209777
3 0.45318293836370477 0.7490104851086936 0.052321361827499045 0.07351191106992569
0 0.41014979169234145 0.3762153366526396 0.030729781743586492 0.03535714664195542
0 0.4350835497902185 0.10919152775963221 0.02916728174358667 0.03530258293962456
3 0.06831702789514063 0.7848611280376339 0.13663405579028126 0.03761410580511537
0 0.6407952178322062 0.433618642002268 0.03385478174358649 0.03546627404661713
0 0.7074848877482937 0.4735467267559911 0.038542281743586496 0.03562996515360961
0 0.7373150203217171 0.44168909154678104 0.04010478174358667 0.035684528855940555
0 0.4173494142937881 0.8911062158713999 0.035654080083912555 0.03864583774894825
0 0.4762275068252553 0.8790625728576416 0.03420997925407558 0.04015377404661713
3 0.6755542618228547 0.14030515162091486 0.1345185551888033 0.08884922359113019
0 0.6615165792354981 0.739052675667532 0.06439438672260848 0.02718254809323426
0 0.09810342944063509 0.8141592476377472 0.06680899170163024 0.017916675497895794
0 0.41049056596275085 0.5164410325689557 0.03061138257342364 0.03379464664195542
0 0.8261818078648737 0.7988518055192644 0.06787458423309758 0.03197917549789579
0 0.12226482508631317 0.7123884165122213 0.06560168921211931 0.022549611795565028
0 0.012673446986035477 0.47895337921876024 0.025346893972070954 0.03691964664195542
0 0.47151518941261195 0.2796602843830541 0.02713118506293455 0.028998019237293705
0 0.8174337698975098 0.8212625188587757 0.058144386722608486 0.026964293283910833
0 0.5794144742564763 0.7267857994439966 0.0656016892121194 0.022549611795565028
3 0.01590196160842889 0.8102033792187602 0.03180392321685778 0.026656758437520266
5 0.7011109528858519 0.7850844274816305 0.08229228174358667 0.03715774881887377
0 0.08841557903500538 0.43547868693064135 0.030729781743586537 0.03535714664195542
0 0.7417718416830527 0.7653547700399018 0.06295028589277152 0.028690484390903492
0 0.5828112387786233 0.7543205224021546 0.07353258838228242 0.02438493030721922
5 0.4976470238462021 0.5343676317506489 0.024716580083912552 0.03826389183263199
3 0.9366153580792996 0.5199306865521232 0.05513778589277152 0.02841766587924912
0 0.10554999915158547 0.757237125042409 0.05430899170163021 0.01748016587924912
0 0.8769136684429728 0.914987726207837 0.06486798340326061 0.03343254809323426
0 0.3479267533007704 0.7735342807548571 0.052604781743586494 0.036121038474587405
5 0.9018204252914501 0.8343924906358072 0.07819677759440183 0.04480655771188111
0 0.9054524815291607 0.27993067992870124 0.04588118506293455 0.02965278366526398
4 0.9392658387832675 0.5779887232126121 0.039631185062934546 0.029434528855940556