0 0.8950803256266127 0.2867217155729393 0.03708350593149916 0.03105855242559432
0 0.900680362698482 0.46263051133057387 0.029207338935304604 0.028858323637421534
0 0.12259919467652328 0.12324656817740984 0.03233233893530465 0.029113415152690704
0 0.4404564926228073 0.32540003104458914 0.029207338935304604 0.028858323637421624
0 0.3927538216722802 0.30891390377362515 0.03233233893530461 0.029113415152690704
0 0.6239692599601938 0.7893514764929629 0.02215884288963732 0.046970594849248926
0 0.7066836704934165 0.35696979800435263 0.03303267589344294 0.046300915152690705
0 0.28031353558899424 0.1464294924139563 0.03402217292769336 0.032365960910325245
0 0.24155478311753634 0.13783561347600243 0.03395850593149898 0.030803460910325244
0 0.16363803015178682 0.13008662847891195 0.02920733893530465 0.028858323637421624
0 0.6914990919010542 0.00032002483567129537 0.018460839923887917 0.0006400496713425907
0 0.3576082060452298 0.15814850028986407 0.03545733893530469 0.02936850666795978
5 0.3461732989348671 0.20454513922975762 0.03552100593149898 0.03093100666795978
0 0.8492239975657231 0.3155480883019754 0.03233233893530461 0.029113415152690704
0 0.3206984550566466 0.15645832559427567 0.02908000494291585 0.025733323637421625
0 0.07953494418223168 0.12441032651235957 0.03258700692008221 0.0353634151526907
0 0.7326161122041903 0.47399793027628634 0.03303267589344294 0.04630091515269079
0 0.6782655573378241 0.21741296149005343 0.026782675893442943 0.045790732122152546
0 0.8410533533069418 0.4228184543630517 0.03714717292769336 0.03262105242559414
0 0.47911974459997353 0.331650159982543 0.030769838935304605 0.028985869395056162
0 0.5613672174139362 0.19560134755500902 0.04234400889724856 0.0455036896984979
0 0.4654538340295698 0.3617680946800711 0.025891337946721472 0.023915732122152634
0 0.642992607718385 0.06352255800629232 0.03086268083635879 0.06948332363742163
3 0.6358379071847248 0.6958885189166175 0.045018022737412976 0.11112868969849785
0 0.8830697569572632 0.3574646502704674 0.03870967292769336 0.03274859818322886
5 0.8460645054743885 0.35343072557487903 0.043588173916276673 0.03781873545613248