3 0.7828701139004137 0.6736245703124284 0.1232567813494537 0.12798513527271585
3 0.505591093252731 0.5549150721865281 0.11202838001272682 0.10215634108157463
0 0.14306710530713757 0.1819576271748388 0.044168170671545236 0.039252676764564676
0 0.47028139660250295 0.4366037026853592 0.04264203333863605 0.042259277594401644
0 0.12576778059359425 0.5282765201212245 0.039735209341181486 0.060772479254075584
0 0.4139217612587762 0.5173693732261466 0.04264203333863605 0.042259277594401644
0 0.028148440603139285 0.465423167841495 0.044186352005090676 0.04081517676456468
0 0.5246961765993212 0.45589723172965335 0.03637385200509069 0.040223180913749525
0 0.6660558785805495 0.5833449576597367 0.04115225867281787 0.048390878424238795
5 0.5758950499284123 0.48324005911427353 0.04743862133990877 0.051989475104890735
0 0.23245139588641434 0.8183668786247313 0.03679202267663593 0.0761606809137497
0 0.2834406365372787 0.9308067564242698 0.034993165340545127 0.05572978174358667
0 0.14959836863463782 0.22439358090910516 0.04885567067154524 0.039607874275053766
0 0.2519831932288684 0.749758588582775 0.03364884134309047 0.07436138257342347
5 0.22111500123332278 0.7193140719860355 0.03839088534372674 0.07940408008391256
0 0.2663354998806873 0.8579495968811447 0.03353975334181776 0.06498638257342364
0 0.42837570727245733 0.4155817302797608 0.04580339600572696 0.04562107593472771
5 0.09809041263527415 0.22361325352448494 0.042605670671545234 0.03913427759440165
0 0.40982515459900315 0.4669433207366357 0.04580339600572696 0.04562107593472753
0 0.3177729199156857 0.5964667226060911 0.024219297342454114 0.06896348755244545
3 0.031037630609502632 0.8932521699160875 0.062075261219005265 0.11302206348717299
0 0.5988303738860962 0.7929460232215021 0.039607940006363404 0.04983497925407576
5 0.4899393685948669 0.49131451347323984 0.03955339600572696 0.045147479254075584
0 0.774208017305865 0.1434993624289771 0.03828179734245403 0.07002908008391255
0 0.3653495432845477 0.3313735962564448 0.027362478675999568 0.07076278589277134
0 0.24641335120946026 0.8930233365081826 0.03194089067472685 0.06174298340326061
5 0.12641485996181995 0.271422868876469 0.04729317067154524 0.03948947510489074
3 0.610178595918231 0.5555760777856055 0.0632454346753633 0.06879846680652087
0 0.5608989479630926 0.22913289957114835 0.041243165340545215 0.056203378424238615
5 0.5426552885900945 0.5224451916876971 0.045839758672817865 0.048746075934727705
0 0.21133201591345854 0.6209241161771766 0.03381247334499946 0.08842388257342364
5 0.9217926366565912 0.015060589407967584 0.04275112133990859 0.03012117881593517
5 0.24779622724382228 0.6400167356783456 0.041715880012726636 0.09682837842423861
0 0.6325962992123237 0.8426849914779156 0.0523079346753633 0.06796967261537964
5 0.4807792605426876 0.876044710983729 0.0491829346753633 0.06773287427505395
0 0.060871675962774444 0.26936438402331603 0.04420453333863612 0.04237767676456468