5 0.9043434254873418 0.4998215056754523 0.05154921189493074 0.060220479707460584
5 0.7249779935568803 0.833717444394092 0.04833568068726599 0.08826365909060954
5 0.7001859492317744 0.2921651440697805 0.04760534034363317 0.044540932629559826
5 0.6982826125061861 0.2389583234529295 0.040864017412854635 0.03505683847375849
0 0.5369545296257847 0.5121758607915975 0.04760534034363317 0.04454093262956001
5 0.8144155455683013 0.30588849918263056 0.041109678878243724 0.03974433847375849
0 0.9429433372914154 0.2705976558376081 0.02836401741285428 0.034838650162155815
5 0.7503608531223902 0.7074822268614962 0.05187011646291495 0.09613070616851012
0 0.5336524672104559 0.4558167666357962 0.04760534034363299 0.044540932629559826
5 0.6232626803485818 0.1485048729664622 0.033536196291098365 0.07395569724005649
0 0.49284932553277033 0.5778729987788888 0.050730340343633176 0.044595479707460584
0 0.6332695234057484 0.03216680681383803 0.02721095318850324 0.04262387662320544
0 0.4750653612629906 0.4845087824641087 0.04431656603337366 0.041361385551659066
3 0.6082728454320157 0.04658781696010776 0.04282930913596861 0.0725568384737585
0 0.5555064557904951 0.546124166797952 0.04924972749876275 0.046130706168510116
0 0.4802984158764033 0.5338639001588605 0.050812227498762755 0.046157979707460585
5 0.4265349287667021 0.6197235336819247 0.049331614653892505 0.04769320616851012
0 0.8214644849619945 0.20122827272158084 0.04571529172311415 0.03826365909060954
0 0.6998817390343245 0.9544839119266879 0.03559666327441171 0.05369774431795733
5 0.6469801413390013 0.11373045251176694 0.032628793532136414 0.08642842370110611
0 0.36112353347097204 0.838313846588138 0.04628850180902226 0.049201159090609535
5 0.061530642243512415 0.07927048863591428 0.04571529172311406 0.03826365909060954
0 0.20580186341069712 0.20612113514462208 0.04439180913596861 0.07258411201270887
0 0.3207574830414307 0.8923467816533298 0.05475609905006031 0.06183752678536116
5 0.47660136929204927 0.917744022317839 0.05376680913596861 0.0727477532464107
0 0.747417316826343 0.5995197223972693 0.04307497060135788 0.07724433847375849
0 0.5786805206922149 0.103936666797952 0.03180992198083885 0.07080342370110611