3 0.2125 0.8828125 0.065625 0.15078125
3 0.840625 0.93046875 0.0609375 0.13203125
3 0.1109375 0.5265625 0.07890625 0.059375
5 0.48046875 0.42109375 0.0375 0.03046875
3 0.26796875 0.72421875 0.040625 0.09765625
0 0.41875 0.28515625 0.0359375 0.02578125
0 0.0703125 0.20703125 0.03203125 0.04765625
5 0.39375 0.240625 0.0375 0.02734375
0 0.4734375 0.246875 0.02890625 0.02421875
0 0.74453125 0.30546875 0.03125 0.02578125
0 0.5375 0.3375 0.034375 0.0265625
5 0.29296875 0.4109375 0.0359375 0.05390625
5 0.47265625 0.28828125 0.03671875 0.02890625
0 0.584375 0.67421875 0.0328125 0.02890625
0 0.0546875 0.44609375 0.0359375 0.03125
0 0.5421875 0.740625 0.034375 0.0359375
3 0.790625 0.50234375 0.06171875 0.0390625
0 0.04765625 0.49765625 0.0421875 0.034375
0 0.471875 0.33515625 0.03359375 0.02578125
0 0.01015625 0.45703125 0.0203125 0.03046875
5 0.52578125 0.29921875 0.0390625 0.0296875
0 0.18515625 0.61015625 0.01875 0.0734375
5 0.11328125 0.42578125 0.04375 0.03515625
0 0.26171875 0.63046875 0.025 0.07265625
3 0.984375 0.228125 0.03046875 0.03984375
0 0.2375 0.71796875 0.02265625 0.05703125
0 0.575 0.77109375 0.03359375 0.03984375
0 0.18984375 0.025 0.015625 0.05
2 0.9234375 0.4515625 0.03203125 0.04140625
5 0.21875 0.0265625 0.01484375 0.053125
0 0.7296875 0.9421875 0.03671875 0.0421875
0 0.209375 0.425 0.01796875 0.07109375
0 0.4296875 0.37734375 0.0375 0.02890625
0 0.78828125 0.271875 0.0375 0.03125
0 0.2578125 0.2625 0.0203125 0.06796875
2 0.86015625 0.45 0.10625 0.04140625
0 0.296875 0.61015625 0.02265625 0.0640625
5 0.765625 0.98828125 0.02890625 0.0234375
0 0.95390625 0.2796875 0.04296875 0.03046875
0 0.13359375 0.62734375 0.03359375 0.05546875
5 0.11796875 0.471875 0.04765625 0.03828125
0 0.5671875 0.11953125 0.0359375 0.028125
5 0.24921875 0.06015625 0.01640625 0.0640625
0 0.13515625 0.06328125 0.02578125 0.06640625
0 0.17578125 0.984375 0.01875 0.03125
0 0.06640625 0.971875 0.0296875 0.05625
0 0.246875 0.98828125 0.03125 0.02265625
5 0.6171875 0.25546875 0.0375 0.03046875
0 0.52109375 0.0421875 0.0359375 0.0265625