5 0.66484375 0.290625 0.04296875 0.03125
0 0.02109375 0.4359375 0.0296875 0.021875
0 0.0703125 0.43515625 0.0296875 0.02265625
0 0.21796875 0.42890625 0.02734375 0.021875
0 0.10859375 0.39453125 0.02265625 0.01875
0 0.04921875 0.39609375 0.03125 0.021875
0 0.103125 0.3578125 0.03203125 0.021875
0 0.23515625 0.45859375 0.02890625 0.02265625
0 0.21015625 0.35390625 0.021875 0.0203125
0 0.11640625 0.4296875 0.0234375 0.0203125
0 0.17109375 0.43203125 0.028125 0.02578125
0 0.17890625 0.465625 0.0265625 0.021875
0 0.13984375 0.36015625 0.0265625 0.02265625
0 0.60859375 0.29453125 0.02578125 0.01953125
0 0.41875 0.68203125 0.015625 0.053125
0 0.60859375 0.33125 0.028125 0.02890625
0 0.45234375 0.64140625 0.0140625 0.04609375
0 0.21015625 0.38984375 0.02734375 0.02109375
0 0.821875 0.21015625 0.03046875 0.0234375
5 0.94296875 0.2078125 0.0375 0.0265625
0 0.80234375 0.28671875 0.0328125 0.0234375
0 0.01015625 0.4 0.01953125 0.01796875
0 0.61953125 0.5484375 0.03125 0.02265625
0 0.98359375 0.19765625 0.0328125 0.025
0 0.67578125 0.54375 0.02890625 0.0234375
0 0.034375 0.36640625 0.03203125 0.02265625
0 0.78125 0.6375 0.01171875 0.0484375
0 0.88203125 0.53359375 0.0328125 0.02421875
0 0.9015625 0.2046875 0.02734375 0.02421875
0 0.71328125 0.54140625 0.02578125 0.021875
0 0.79453125 0.634375 0.0109375 0.05078125
0 0.35078125 0.98515625 0.01328125 0.0296875
0 0.67734375 0.63671875 0.0125 0.05625
0 0.8296875 0.63515625 0.01328125 0.05390625
0 0.84375 0.6375 0.01171875 0.0484375
0 0.6453125 0.6421875 0.01171875 0.04921875
0 0.6609375 0.63984375 0.0125 0.0515625
0 0.72265625 0.215625 0.02734375 0.01875
0 0.08125 0.46875 0.034375 0.0234375
0 0.84453125 0.328125 0.02734375 0.02109375
0 0.76640625 0.52109375 0.0125 0.04921875
0 0.9 0.63203125 0.0125 0.053125
0 0.775 0.2109375 0.03046875 0.02265625
0 0.7109375 0.640625 0.0125 0.05078125
2 0.6359375 0.8921875 0.10703125 0.04453125
0 0.75234375 0.51953125 0.0140625 0.05546875
5 0.83671875 0.53359375 0.0375 0.02578125
0 0.865625 0.63828125 0.01171875 0.05625
0 0.9953125 0.63046875 0.009375 0.05703125
5 0.15 0.39375 0.03984375 0.02265625
0 0.45703125 0.81015625 0.01328125 0.05234375
0 0.35078125 0.7 0.0171875 0.05
0 0.62578125 0.64453125 0.01640625 0.04296875
0 0.725 0.64140625 0.01171875 0.05078125
0 0.8125 0.6390625 0.01640625 0.05546875
0 0.93125 0.5109375 0.01484375 0.05859375
0 0.6140625 0.2609375 0.0265625 0.02734375