0 0.22740472739548562 0.6113990509120335 0.03702852773541672 0.04833934091247087
0 0.2826195574676037 0.5909711457788372 0.03542966014423614 0.046713173916276676
0 0.2829617835319091 0.7442553132693231 0.035393292553055566 0.045150673916276675
0 0.28165516309093697 0.6660029792769343 0.03699216014423614 0.04677684091247088
0 0.27492977156406184 0.8205631452845455 0.03379442496187508 0.04352450692008212
0 0.00929311987229127 0.9664845044486242 0.01858623974458254 0.039091674904859985
0 0.0054057068782635215 0.9045429199619439 0.010811413756527043 0.05283583992388792
0 0.002317727679826051 0.832508752471458 0.004635455359652102 0.049392504942915846
0 0.010130880890208024 0.7640452539543328 0.020261761780416047 0.04684050790866543
0 0.19534821438079858 0.04002145802239613 0.0402626305089584 0.05315417490485978
0 0.1412425958396875 0.012793113155592431 0.039389808320625 0.01565417490485979