3 0.9155995008107789 0.14875388351647373 0.06792388555165907 0.04336026217486459
3 0.6718222272718286 0.1429367114402207 0.05440685633066593 0.07436480032431154
3 0.6818826144450455 0.45083103205707176 0.05572389448011279 0.06032957386326192
3 0.06615287986961632 0.0761318518664391 0.10254434740221223 0.0580227800317721
0 0.6871551266232054 0.03698672036867442 0.0319045649348082 0.038045470779006794
0 0.9899801176947516 0.05087153692504037 0.020039764610496745 0.03629205600635441
5 0.4428491623337251 0.5825547702892442 0.052407979707460584 0.049337526785361165
0 0.6220826948011291 0.6044275904990581 0.03977161201270896 0.04130683847375849
0 0.7295370900953163 0.31732878530348263 0.039798885551659245 0.04286933847375849
0 0.5736179212621788 0.6020196107915975 0.03968979139585791 0.03661933847375849
0 0.5043615864418683 0.43757923538620813 0.03656479139585791 0.03656479139585791
0 0.4130306176881611 0.9772263421239111 0.04292388555165907 0.04292388555165907
0 0.9648297077900679 0.32924595291550873 0.06433523538950325 0.016743215096963925
0 0.5315474236978108 0.5184979987788887 0.038181838473758486 0.0397170649348082
0 0.18581081493480817 0.04073191436561528 0.03667388555165916 0.042814791395857824
0 0.4551291996723932 0.4359388689092724 0.033385244317957155 0.033385244317957155
0 0.5568553409060952 0.44708664894104455 0.03651024431795715 0.03343979139585791
0 0.41201794804754 0.6507456627407622 0.03979888555165907 0.04286933847375849
5 0.5934711306803953 0.21810826095375332 0.05687729139585791 0.03691934740221221
0 0.18537362743068905 0.6421034995929629 0.04593979139585782 0.036728432629559826
5 0.24818195007943028 0.258160922076253 0.08494774431795715 0.03428527110331832
0 0.49446402962143965 0.7654314999967047 0.03977161201270896 0.04130683847375849
0 0.9337393948838546 0.3825930953670268 0.0722295560063543 0.021567082791715642
0 0.4728582163114846 0.512006491068251 0.039798885551659245 0.04286933847375849
0 0.8396674354656384 0.7652089521047298 0.06773297077900686 0.032422762174864596
0 0.8334125178569074 0.04891179626053121 0.038318206168510116 0.047529564934808165
3 0.8785473344132735 0.35273227150376485 0.11608865016215582 0.028580741882325178
0 0.3486086440730758 0.23960756533854996 0.06921365016215582 0.027762535713814974
5 0.7814383295420095 0.5166117650109431 0.05218979139585791 0.03683752678536116
0 0.8391672345754291 0.37859929626053124 0.06907728246740419 0.019950035713814974
0 0.2797689151763942 0.32275525608578465 0.08171365016215582 0.027980724025417736
5 0.8584842504037418 0.3219226022668856 0.0675147824674042 0.019922762174864595
0 0.9927483818982111 0.3586840369250404 0.014503236203577786 0.01754205600635448
0 0.14314126298234822 0.6835409772718286 0.05227161201270887 0.041525026785361165
0 0.9231252232113434 0.44566979382489924 0.07395569724005639 0.030969356330665932
5 0.9856797702892441 0.9021203912271115 0.02864045942151172 0.039607970779006504
0 0.2919350933384319 0.8407785531636854 0.05550570616851021 0.04782957386326174
5 0.1045309561652149 0.5297886858759707 0.07422843262955987 0.04659435633066593
0 0.9968943652591197 0.2079982443113666 0.006211269481760695 0.018913641233702094