0 0.2203125 0.33046875 0.03359375 0.02578125
0 0.571875 0.528125 0.0328125 0.0265625
0 0.15859375 0.56875 0.03671875 0.02734375
0 0.53125 0.47890625 0.034375 0.025
5 0.7234375 0.31484375 0.0375 0.02734375
0 0.459375 0.88515625 0.0140625 0.0578125
0 0.628125 0.94453125 0.01484375 0.059375
0 0.646875 0.94453125 0.01328125 0.05859375
0 0.57734375 0.9375 0.0125 0.04609375
0 0.5453125 0.94609375 0.0125 0.05546875
0 0.7875 0.46796875 0.02578125 0.025
0 0.4328125 0.71875 0.01484375 0.06015625
0 0.93359375 0.05390625 0.0140625 0.06484375
0 0.47109375 0.75 0.01484375 0.0703125
0 0.64375 0.875 0.0125 0.05078125
0 0.5265625 0.94609375 0.0140625 0.06015625
0 0.5609375 0.940625 0.0140625 0.06015625
0 0.59375 0.9390625 0.0125 0.05625
0 0.61171875 0.9390625 0.01328125 0.0625
0 0.62265625 0.87421875 0.01484375 0.06171875
0 0.665625 0.95703125 0.01484375 0.0671875
0 0.6734375 0.74296875 0.0125 0.04453125
5 0.77421875 0.56953125 0.0359375 0.02734375
5 0.88984375 0.3796875 0.03125 0.071875
5 0.91171875 0.178125 0.01796875 0.06953125
5 0.91328125 0.0484375 0.015625 0.06953125
0 0.828125 0.0515625 0.02578125 0.04609375
0 0.7828125 0.20625 0.015625 0.053125
0 0.81875 0.32421875 0.0375 0.02890625
0 0.8625 0.31171875 0.0375 0.04375
0 0.89921875 0.2765625 0.01953125 0.065625
0 0.8828125 0.19453125 0.015625 0.04453125
0 0.934375 0.190625 0.01640625 0.0609375
5 0.18984375 0.525 0.04609375 0.034375