0 0.6877220618906388 0.8225303497353575 0.02430131802583091 0.03064250494291585
0 0.6759868723281153 0.26039510566685653 0.02430131802583091 0.03064250494291585
0 0.7252463894168741 0.09608059627531637 0.027517246239076344 0.03389483893530465
0 0.6514064771717605 0.8638066071497313 0.02430131802583091 0.03064250494291585
0 0.716452747954936 0.26420851376580234 0.02430131802583091 0.03064250494291585
0 0.6532083210618389 0.7482452741459257 0.02430131802583091 0.03064250494291585
0 0.768243883148668 0.03970592087616499 0.025954746239076343 0.03383117193911026
0 0.7643877942731545 0.1990490873780678 0.02430131802583091 0.030642504942915892
0 0.6944570421615834 0.027886353195398596 0.025909282132453627 0.032268671939110274
0 0.6853054187128409 0.6642231012182322 0.027517246239076344 0.03389483893530461
0 0.7248128849310347 0.8350648418266922 0.022738818025830908 0.03057883794672165
0 0.6768159349436699 0.33917402167446775 0.024255853919208193 0.02908000494291585
0 0.6041847655059132 0.42172653650321534 0.022647889812585652 0.027453837946721647
0 0.6535446048436451 0.5757800251345089 0.027471782132453625 0.03233233893530461
0 0.6710085526529317 0.4314888556668565 0.02117631802583091 0.030515170950527092
0 0.5834560430195133 0.1954969589366172 0.024255853919208193 0.02908000494291585
0 0.5834847867513071 0.1408731259328116 0.021085389812585474 0.027390170950527093
0 0.7664420392585896 0.1552672538799706 0.02439224623907634 0.033767504942915846
0 0.7553250313410308 0.24233617235903976 0.02099446159934022 0.024265170950527094
0 0.5739780914493029 0.3066891269213948 0.02099446159934022 0.024265170950527094
0 0.6499001499747294 0.9692116901535369 0.023619356426490868 0.007205004942915849
0 0.7686901640274804 0.004841419924762868 0.02099446159934022 0.009682839849525737
0 0.5717874541439999 0.355158460419492 0.02117631802583091 0.030515170950527092
0 0.7451220025737895 0.4589015898495258 0.025727425705962936 0.026018671939110227
0 0.705846553906573 0.4409938482524828 0.027517246239076344 0.03389483893530461
5 0.7306767208370473 0.33854001030576125 0.030642246239076344 0.03402217292769345
0 0.574182679929105 0.2996578769213948 0.02099446159934022 0.024265170950527094
5 0.20036578054960796 0.5692752875289796 0.05661371285298147 0.014792011862998144
5 0.7526486607287751 0.28068108935523417 0.02439224623907634 0.033767504942915846
0 0.5645900342440247 0.11979396338524148 0.024210389812585477 0.027517504942915848
4 0.5769727108079173 0.25740670992520037 0.032659387305303156 0.04971083992388783
0 0.5389916745188288 0.4095568003433798 0.021085389812585474 0.027390170950527093
0 0.571113852732074 0.4051266269213948 0.02430131802583091 0.03064250494291585
0 0.5386112412910183 0.3689954673395742 0.03068771034569906 0.03558467292769345