3 0.4400589360809124 0.43984375 0.10832156010845857 0.0875
3 0.8076236859827166 0.5046875 0.10031816256778647 0.0546875
3 0.8478401407049809 0.56875 0.05022725897699054 0.0390625
3 0.8444100927949666 0.38203125 0.052080650467538445 0.0890625
5 0.12036353873663215 0.27734375 0.048773843285945875 0.0578125
0 0.7142479533475223 0.971875 0.01903180113146803 0.0484375
0 0.2681218662098964 0.83203125 0.033176114363184704 0.0625
0 0.5820787853187867 0.5453125 0.03459316861791066 0.0375
0 0.7042446768093343 0.5953125 0.03310339149054773 0.05
0 0.6792684444687277 0.86796875 0.02070338544042354 0.0671875
0 0.7097781010845858 0.875 0.02073065651766228 0.071875
0 0.2557015959182245 0.30859375 0.03459316861791084 0.0375
3 0.6916703912941561 0.1796875 0.06665221057599684 0.1765625
0 0.6815863432859459 0.0578125 0.026907933645025396 0.059375
0 0.7245470446885605 0.325 0.02071247579950324 0.06875
3 0.6540189804748853 0.959375 0.027007927594901206 0.0765625
0 0.7294021954506863 0.21953125 0.026935204722264315 0.0640625
5 0.4805203096174793 0.41171875 0.03775453005422946 0.04375
0 0.6814763599633805 0.97890625 0.01894998789975162 0.034375
0 0.3447590298578376 0.1734375 0.034629530054229286 0.04375
3 0.9026437318496274 0.0515625 0.05528746369925486 0.103125
0 0.9879560805965223 0.9765625 0.024087838806955374 0.028125
0 0.34165779751723085 0.44609375 0.040879530054229285 0.04375
0 0.6739531888113868 0.62578125 0.0362829336450254 0.059375
3 0.9515469236860763 0.66875 0.09088862041330899 0.0453125
5 0.22928804508134393 0.065625 0.039389752926866174 0.05625
0 0.7502646621750031 0.3140625 0.023919289031219648 0.0828125
5 0.03454369252382005 0.16328125 0.04405907220870701 0.053125
5 0.7499894897464634 0.80390625 0.026980656517662283 0.071875
0 0.47092766188041557 0.50859375 0.04398634933607006 0.040625
0 0.2992283612399268 0.1359375 0.04249657220870695 0.053125
5 0.13615022442476107 0.9765625 0.03933521077238851 0.046875
5 0.4450675811856975 0.0921875 0.045621572208706954 0.053125
5 0.7677198068870048 0.22578125 0.039480656517662284 0.071875