0 0.9667699570595791 0.8941072938248993 0.0525481473268119 0.0446227532464107
5 0.9496672150932615 0.7478635393606723 0.055582142065139804 0.04311480032431163
0 0.9024344412745637 0.8883015787279354 0.04437162628012459 0.03823638555165907
0 0.3155017155873715 0.21779106655636596 0.0362552893919517 0.08648297077900677
0 0.7793763728728296 0.8658617426898088 0.055491136803468066 0.04155230032431163
0 0.8367261412886812 0.8723259768614963 0.04437162628012459 0.038236385551659424
0 0.32345988680346804 0.04622971225429487 0.03754477360693613 0.08182274431795714
0 0.9751702956161058 0.9567300247501758 0.049659408767788446 0.04621252678536116
5 0.4225062046405047 0.6613967905817836 0.06045165258848364 0.046321620941162676
0 0.715510564923852 0.9217202305149442 0.05732665258848364 0.046267073863261746
0 0.3498389182323248 0.20434222118274864 0.045068847270342084 0.10380683847375849
0 0.11993494148632514 0.6522131107948927 0.048968121018452535 0.036755706168510115
0 0.044609446818584156 0.5783159147726524 0.024423147326811778 0.04413182954530477
0 0.6526179098457069 0.7262889537295829 0.0478606473268119 0.044540932629559826
0 0.6196450571019315 0.8435622284863493 0.05420165258848364 0.04621252678536116
5 0.5915571254330784 0.9375070973989169 0.053928636803468065 0.041525026785361165
0 0.5956600674841008 0.9896018368489055 0.05954159997176518 0.020796326302189173
0 0.679338575517783 0.8500673729664621 0.04584312101845249 0.03670115909060954