3 0.7210432448783439 0.7708332450210406 0.11374324879205204 0.11459326805616729
0 0.616579272299089 0.6812474445655535 0.04199605242559432 0.037301592558271326
0 0.5310728516863866 0.5071675930216075 0.03718100666795969 0.03557540145127884
0 0.5159901145632642 0.4567682889379235 0.03899859818322895 0.03875496515360979
5 0.569322279715955 0.4862449686121707 0.04394118969849785 0.042043656260602094
0 0.595422651985949 0.4124701627143882 0.0391261439408634 0.04031746515360979
0 0.6584479079050027 0.6758679746026205 0.04212359818322895 0.03886409255827132
0 0.21608493578478988 0.717953847915749 0.06830346091032524 0.035104175497895976
3 0.6309449191148904 0.6172841482864179 0.06265923879011233 0.0613938569862416
0 0.5463618513965225 0.8576313844914198 0.04706618969849785 0.04215278366526398
5 0.5588947048705852 0.5696576693378101 0.04575878121376693 0.045223219962933214
0 0.1549257134953991 0.27585811715304265 0.07678564060688346 0.024494057711881113
0 0.4928875833494972 0.4137003352170593 0.0391261439408634 0.04031746515360979
0 0.16444410576927254 0.30608133049255387 0.07197059484924892 0.022767866604888453
0 0.05306019561755167 0.30448660335804456 0.04072059484924897 0.021676592558271413
0 0.04113518303053814 0.005813490381353153 0.032270366061076285 0.011626980762706306
0 0.7066795321318509 0.2589408802302506 0.07209814060688338 0.024330366604888454
0 0.05838555334367822 0.2737450348463903 0.05153054909161443 0.02049603847458741
0 0.7152553726083498 0.8438987227885221 0.05031873545613248 0.04382441106992587
0 0.955467718496369 0.27375731526197533 0.06648586939505634 0.03192461179556512
3 0.07404224637615603 0.3311755889300743 0.08211086939505619 0.032470248818873594
0 0.54134105880369 0.4026065785936373 0.0391261439408634 0.04031746515360961
0 0.8740570613887637 0.6393500881274662 0.04824605242559414 0.03751984736759475
0 0.7155763000096983 0.2335589343139346 0.08810577787978709 0.02956350362819702
3 0.9596937354561325 0.07988826417351624 0.08061252908773504 0.06086806733052792
5 0.598068904111981 0.5408679812260425 0.04588632697140156 0.046785719962933216
3 0.6322367389592902 0.5083357342212673 0.09630065727678279 0.11086806733052797
0 0.6614929016960849 0.7611606338584476 0.04901132697140156 0.04689484736759475
0 0.3306263125967118 0.5470733743246188 0.05175368969849794 0.04231647477225646
5 0.08325607351673543 0.8471651766790224 0.031823826971401514 0.04629464664195524
0 0.5882152851759667 0.6313119319516819 0.04862868969849785 0.04220734736759475
0 0.13338619803344764 0.07917409011120068 0.04824605242559432 0.03751984736759482
0 0.9147935027542516 0.687286591122691 0.06450878121376676 0.045877984390903494
5 0.9766967441051921 0.7522096974759604 0.04660651178961572 0.05207342068857255
5 0.9593890413848847 0.5329512659876148 0.06970646424430527 0.05229167549789597