5 0.89609375 0.34296875 0.04140625 0.02890625
0 0.203125 0.68984375 0.04140625 0.04765625
0 0.6546875 0.4046875 0.0359375 0.04921875
0 0.26484375 0.59609375 0.040625 0.04453125
0 0.70234375 0.05703125 0.01484375 0.0640625
0 0.703125 0.80546875 0.025 0.0671875
3 0.9109375 0.95625 0.053125 0.0875
0 0.9828125 0.0296875 0.034375 0.02890625
0 0.64765625 0.08671875 0.0171875 0.07265625
0 0.0140625 0.8140625 0.02734375 0.04296875
0 0.68203125 0.49765625 0.0390625 0.03203125
0 0.746875 0.08671875 0.015625 0.0671875
0 0.71484375 0.32265625 0.0328125 0.0640625
0 0.6875 0.95 0.0234375 0.0609375
0 0.35 0.83359375 0.03515625 0.0453125
5 0.7046875 0.16484375 0.01875 0.06875
5 0.73984375 0.7796875 0.0296875 0.0828125
0 0.64609375 0.19453125 0.01796875 0.07890625
0 0.67578125 0.021875 0.0171875 0.04375
3 0.67578125 0.14765625 0.02109375 0.1109375
0 0.96171875 0.34609375 0.04140625 0.03203125
0 0.7078125 0.87890625 0.02734375 0.06953125
0 0.76171875 0.67421875 0.02265625 0.0671875
5 0.13046875 0.028125 0.034375 0.0390625
0 0.2625 0.17734375 0.02734375 0.06171875
0 0.3015625 0.86953125 0.04453125 0.05859375
5 0.45390625 0.92109375 0.0421875 0.05859375
5 0.7234375 0.6890625 0.025 0.08125
0 0.7765625 0.23828125 0.025 0.07265625
0 0.77109375 0.0171875 0.0140625 0.034375