0 0.6734057361226545 0.5093399651421485 0.038837006920082115 0.03543475544788173
0 0.7299594836511967 0.5250467286358018 0.038900673916276676 0.036997255447881724
0 0.7469175374917985 0.6664747579688971 0.04502333992388792 0.03430929802252862
5 0.6796795938410395 0.39382422578581033 0.043906508897248564 0.04513753737886681
0 0.8233076466558773 0.9452496040139543 0.022795512851581278 0.0623578883676025
0 0.4639696580989458 0.07318467181119705 0.02435801285158128 0.06246714901126429
5 0.6496923690127294 0.6682943480618695 0.0419620069200823 0.035653276735205
5 0.039062569620751705 0.46419889381548424 0.043524506920082216 0.03576253737886681
5 0.12114951083723387 0.35320104567674004 0.04652217292769345 0.032856058666190256
0 0.2730051239928263 0.22201066585911228 0.027610346843970034 0.06581067029858775
0 0.3744920281374394 0.2886514986626177 0.03248884783255317 0.07082595222957293
0 0.4577767134224226 0.20594254148936617 0.02623884783255335 0.07038890965492603
0 0.659388292966187 0.23806054484356087 0.024103344866803766 0.05621714901126431
0 0.6442964866541272 0.10851515647595829 0.026047846843970036 0.06570140965492603
0 0.6272044871484187 0.10496953939567921 0.02617518083635879 0.06882640965492604
5 0.5285335879095404 0.4114602039942838 0.026047846843970036 0.06570140965492595
5 0.783162738099821 0.50761321019847 0.048466674904859806 0.042340319309851895
0 0.7862519515222435 0.6817609043822713 0.042471342889637144 0.048153276735205176
0 0.7169939796596829 0.9393823802449563 0.036794345855386726 0.06177873416055846
0 0.6929237627772192 0.7802205476935524 0.02572951186299797 0.05788890965492612
0 0.8138464164275406 0.8505708885428295 0.029172846843970035 0.06591993094224975
0 0.8419687578343034 0.814147069485079 0.027228344866803412 0.05643567029858758
0 0.7915058428152753 0.8027835985660726 0.022286176882026255 0.0498578883676025