0 0.7193601059269241 0.21675555528340218 0.023347771103318492 0.08488414627652778
0 0.7216607658283125 0.04211699800642331 0.024964818181219074 0.08423399601284662
0 0.3468058526838086 0.7564610202328816 0.04591251785690744 0.035429660144236055
0 0.21687684497317083 0.8180550965052775 0.05070911201270887 0.04178876291777769
0 0.3786774155900218 0.8096035508180899 0.038045470779006864 0.03212282218833344
0 0.5837076091766303 0.6509876977602078 0.0428420649348082 0.03848192496187508
0 0.6915487516248531 0.1994414219246522 0.02663641233702041 0.09433188145888889
0 0.011721335230642907 0.9917147213146528 0.023442670461285814 0.016570557370694416
0 0.06473982630548446 0.9887157014630208 0.05657728246740408 0.020059233282500345
0 0.18038814570451947 0.9399489335112499 0.05070911201270887 0.04178876291777769
0 0.2306432901846324 0.8794283543890623 0.0381545649348082 0.03837282218833345
0 0.11951269562179397 0.7141144385452429 0.05693183847375849 0.04037173328249999
0 0.3208921891289722 0.8093866516917705 0.04276024431795715 0.03379442496187508
5 0.4908149513038368 0.7382714518442703 0.05383411201270878 0.04186149810013902
0 0.8151995223277249 0.9001836914919437 0.05695911201270896 0.04193423328249999
0 0.9271870535773129 0.8374453425181242 0.049146612012708604 0.04175239532659738
0 0.969629698057426 0.7771066013518395 0.032013659090609534 0.04447735182361114
0 0.9312142601528602 0.964643622153402 0.050463650162155815 0.02772626291777769