3 0.5625 0.328125 0.0578125 0.05546875
3 0.91015625 0.95234375 0.05859375 0.0953125
0 0.05546875 0.58671875 0.034375 0.04453125
0 0.5703125 0.5078125 0.03359375 0.03203125
0 0.49375 0.478125 0.03671875 0.034375
0 0.45625 0.59609375 0.0375 0.03828125
5 0.42109375 0.565625 0.0453125 0.04765625
0 0.353125 0.59609375 0.03984375 0.0390625
5 0.73671875 0.765625 0.0296875 0.0796875
0 0.703125 0.0515625 0.0140625 0.06484375
0 0.56328125 0.4546875 0.03125 0.03125
0 0.5703125 0.55703125 0.03046875 0.03125
0 0.27421875 0.4015625 0.0375 0.04375
0 0.35 0.82109375 0.03671875 0.046875
0 0.52578125 0.56953125 0.03984375 0.034375
0 0.34609375 0.546875 0.03984375 0.04140625
0 0.6640625 0.77578125 0.0265625 0.0828125
0 0.98203125 0.0234375 0.03515625 0.03125
0 0.64765625 0.07890625 0.0171875 0.07265625
0 0.49765625 0.5359375 0.03984375 0.03515625
0 0.7078125 0.86953125 0.0296875 0.07109375
0 0.7609375 0.66640625 0.02109375 0.065625
0 0.92890625 0.24140625 0.0421875 0.03203125
0 0.646875 0.171875 0.0171875 0.07421875
5 0.1328125 0.0203125 0.03671875 0.0390625
0 0.2640625 0.16796875 0.02890625 0.06484375
5 0.70390625 0.153125 0.0171875 0.06875
3 0.6765625 0.140625 0.02265625 0.1125
0 0.603125 0.971875 0.0296875 0.05625
0 0.92578125 0.15859375 0.0359375 0.0421875
0 0.3078125 0.86171875 0.03359375 0.0578125
5 0.453125 0.91328125 0.05078125 0.059375
5 0.653125 0.9515625 0.034375 0.07734375
5 0.80390625 0.25625 0.046875 0.04140625
0 0.83984375 0.01875 0.034375 0.03671875