0 0.34106167859646097 0.13735287073610386 0.023732430942249482 0.02783657366340586
0 0.14531785383872728 0.04192073144297419 0.02496714901126431 0.023240078925077734
0 0.2986778006204186 0.04307224971765132 0.022169930942249484 0.027745568401734033
0 0.32049817029858774 0.04356507338105721 0.022169930942249484 0.027745568401734044
0 0.12419660668871887 0.0959333972562246 0.025294930942249483 0.027927578925077735
0 0.2332713219077421 0.042375028727433664 0.021951409654926035 0.024620568401734034
0 0.2752949309422495 0.04248842079257359 0.023623170298587758 0.026274073663405884
0 0.34421916560701077 0.22701461021276015 0.02216993094224957 0.027745568401734033
0 0.1881227128732347 0.04207962613895004 0.02184214901126431 0.023058068401734032
0 0.34468942314857937 0.10021689178279125 0.025294930942249483 0.027927578925077735
0 0.5989498602950152 0.3982426810335686 0.023841691585911207 0.02939907366340595
0 0.6503270539746133 0.2650731362387707 0.022169930942249394 0.027745568401734033
0 0.721713551047747 0.9632677125330126 0.02551345222957302 0.031052578925077512
0 0.703714497906313 0.20515908092062912 0.022169930942249394 0.027745568401734033
0 0.21084393689433423 0.22235866033981705 0.02206067029858776 0.026183068401734032
0 0.07959965471124748 0.1369077367752332 0.022169930942249484 0.027745568401734033
0 0.25431044158591126 0.042822349760003625 0.02206067029858776 0.026183068401734046
0 0.10081373701054977 0.09534956833114687 0.021951409654926035 0.024620568401734034
0 0.25610180657250337 0.2242165629283007 0.023732430942249482 0.02783657366340595
0 0.16722534084927707 0.13267453405969268 0.022169930942249484 0.027745568401734033
0 0.7050695482746301 0.15777584670564468 0.022169930942249394 0.027745568401734033
0 0.2990105724119452 0.1924807155167843 0.023513909654926037 0.024711573663405862
0 0.3432686708027909 0.19116811547443202 0.021951409654926035 0.024620568401734034
0 0.12127333850348858 0.22103210779368573 0.023732430942249482 0.02783657366340586
0 0.3242069503879875 0.2857602786568465 0.0217328883676025 0.021495568401734035
0 0.23508483020561535 0.1350707629424181 0.021951409654926035 0.024620568401734034
0 0.32158505891829187 0.13699655496520574 0.022169930942249484 0.027745568401734033
0 0.1462733385034886 0.22248819198043535 0.025294930942249483 0.02792757892507769
0 0.037139003102093136 0.1305443447100933 0.022169930942249495 0.027745568401734033
0 0.38058835434293037 0.20190048912372047 0.021951409654926035 0.024620568401734034
0 0.30110331411407193 0.10001249445597948 0.02206067029858776 0.026183068401734032
0 0.6085590791203346 0.6135491626177172 0.023950952229573018 0.03096157366340595
0 0.37097268974432585 0.286927936507002 0.023404649011264312 0.02314907366340586
0 0.3451914397443258 0.28542634968941644 0.021732888367602586 0.021495568401734035
0 0.12520173181476965 0.13256114199455277 0.022169930942249484 0.027745568401734033
0 0.5982118049830195 0.5545913915710298 0.023841691585911207 0.02939907366340595
0 0.3809329257464694 0.08443226806291562 0.03623243094224948 0.028564615756780688
0 0.14540497117110793 0.1321817103962868 0.022169930942249484 0.027745568401734033
0 0.3223441656070108 0.22574053654935425 0.021951409654925945 0.024620568401734034
0 0.6626506354407364 0.7528615625753649 0.023950952229573018 0.03096157366340595
0 0.03471847946898117 0.2183250657708981 0.021951409654926025 0.024620568401734034
0 0.056697386273915594 0.18770439732681177 0.02206067029858776 0.026183068401734032
0 0.1670014657232263 0.09609229195220045 0.02206067029858776 0.026183068401734032
0 0.39362893974432583 0.2882475128012438 0.021951409654925945 0.024620568401734034
0 0.21081144988378447 0.13287893138650447 0.022169930942249484 0.027745568401734033
0 0.23204159369926866 0.1916924892648948 0.022169930942249484 0.027745568401734033
0 0.27643644988378446 0.13670115237672212 0.02529493094224957 0.027927578925077735
0 0.12210386498659212 0.18840161831702945 0.025076409654926034 0.02480257892507769
0 0.6290186806132734 0.739231702080256 0.02551345222957302 0.03105257892507769
0 0.05644637797604237 0.09509966837349917 0.021951409654926035 0.024620568401734034
0 0.10017958850348858 0.2198035367611158 0.022169930942249484 0.027745568401734033
0 0.6165422798372983 0.2047502862670056 0.023950952229573018 0.03096157366340586
0 0.6273044532379791 0.3586565362670056 0.025404191585911208 0.02949007892507769
0 0.014204247654211499 0.09186127630835925 0.017263909654926024 0.024347552616718483
0 0.2966721762506725 0.22580144973176877 0.02206067029858776 0.026183068401734032
0 0.9618987024816745 0.15872921488149977 0.038013452229573017 0.03178062101845254
0 0.30004283070981846 0.2851309471009328 0.02184214901126431 0.023058068401734032
0 0.19038433540139543 0.0966761208772782 0.022169930942249484 0.027745568401734033
0 0.3205253034704102 0.09958756022687758 0.02206067029858776 0.026183068401734032
0 0.21241179073306152 0.2559069077089811 0.04953010643661741 0.018446163111827295
0 0.1680883543429304 0.189523773536349 0.023732430942249482 0.02783657366340586
0 0.146016976366888 0.09642622091963049 0.021951409654926035 0.024620568401734034
0 0.30143644988378443 0.1381572365634717 0.02216993094224957 0.027745568401734033
0 0.36502942029858776 0.04615872333870491 0.021951409654926035 0.024620568401734034
0 0.080752245308423 0.18677122888272543 0.021951409654926035 0.024620568401734034
0 0.6507572867977892 0.6829207888978415 0.020388909654926124 0.024529563140062292
0 0.14626798466476126 0.18903094987294308 0.021951409654926035 0.024620568401734034
0 0.2770809420901143 0.19042539185337842 0.0186078883676025 0.021313557878390333
0 0.20986095507956457 0.09703243664817632 0.021951409654926035 0.024620568401734034
5 0.7354068943196873 0.24668642826155834 0.02260697351689629 0.03399556840173403
0 0.036915127976042364 0.09396210260260104 0.02206067029858776 0.026183068401734032
0 0.0790479976542115 0.09563799466774099 0.021951409654926035 0.024620568401734034
0 0.38690442029858774 0.047432797002110796 0.021951409654926035 0.024620568401734034
0 0.3952728392597932 0.45640597860037674 0.052873627723940775 0.02175317363517095
0 0.101845995308423 0.18799979991529542 0.021842149011264266 0.023058068401734032
0 0.23407970507956452 0.09844301820408996 0.022279191585911205 0.029308068401734035
0 0.013723646413374244 0.04048078683170294 0.02140510643661735 0.016808068401734034
0 0.5168418366619032 0.4813821337491092 0.04706067029858776 0.02763915258848364
0 0.4456616972858944 0.16445296800644588 0.044733345792955605 0.016610647326811768
0 0.18751569753799596 0.22255608141473932 0.023732430942249482 0.02783657366340586
0 0.2540858385034886 0.2287675550357929 0.023732430942249482 0.02783657366340586
0 0.03487701659574647 0.18721157366340588 0.02184214901126429 0.023058068401734032
0 0.09704424480421991 0.041443318331146874 0.02474862772394082 0.020115078925077735
0 0.17068919443590283 0.09319480510638008 0.021951409654926035 0.024620568401734034
0 0.44566741510280766 0.08664648642229736 0.0478583457929556 0.01679265785015547
0 0.256877702733776 0.1908048234516444 0.021951409654925945 0.024620568401734034
5 0.999595080457717 0.453336059591593 0.000809839084566022 0.012211573663405773
0 0.27973033070981845 0.2839478786991988 0.0186078883676025 0.021313557878390378
0 0.6158324496316829 0.08333031257536483 0.025294930942249393 0.027927578925077735
0 0.2752128034704102 0.09694840763839396 0.021951409654926035 0.024620568401734034
0 0.25422831411407193 0.097282336605824 0.022169930942249484 0.027745568401734054
0 0.4454049711711079 0.1496547206372818 0.044842606436617416 0.01817314732681181
0 0.07534347946898116 0.2206912025743662 0.028419930942249483 0.028109589448421436
0 0.6272983714428799 0.5477267415427949 0.022169930942249394 0.027745568401734033
0 0.412324309422495 0.2885583259413059 0.022169930942249394 0.027745568401734033
0 0.40861552933309514 0.046363120665516684 0.025404191585911208 0.029490078925077746
0 0.29385354282674847 0.09647797077845614 0.022169930942249484 0.027745568401734033
0 0.07834887512605078 0.041132505191084676 0.02474862772394082 0.020115078925077735
0 0.21217076215627104 0.45274411035393447 0.04640510643661742 0.01826415258848364
0 0.9592207247774042 0.45423913595642207 0.0478583457929556 0.01679265785015538
0 0.23115643689433424 0.2235417287415511 0.022169930942249484 0.027745568401734033
0 0.21016659369926866 0.1904184156014889 0.02206067029858776 0.026183068401734032
0 0.7095163836760255 0.24362234144397282 0.022169930942249394 0.027745568401734033
0 0.45114650880207635 0.26514321274477404 0.04462408514929379 0.015048147326811723
0 0.033855101997141895 0.27273954998588257 0.021514367080279085 0.018370568401734032
0 0.3231746920901143 0.193110047072698 0.021951409654926035 0.024620568401734034
0 0.016799005952084733 0.1846025131541796 0.009560670298587759 0.02545502630835923
0 0.16820296882531943 0.2245435156438412 0.022169930942249484 0.027745568401734033
0 0.07765973231897276 0.2760689473126944 0.02162362772394082 0.019933068401734033
0 0.5944594662274294 0.26726569681858414 0.02551345222957302 0.03105257892507769
0 0.2741798172161651 0.22682562343752694 0.021951409654926035 0.024620568401734034
0 0.4464647266189896 0.18706371537560998 0.04306158514929379 0.014957142065139895
0 0.44926729852673175 0.2160154680064459 0.04306158514929379 0.014957142065139895
0 0.1431208413534802 0.27754741830291196 0.02184214901126431 0.023058068401734032
0 0.4494529688253195 0.24092446274477403 0.04149908514929379 0.014866136803468067
0 0.035544016091543375 0.040973610495108836 0.024639367080279084 0.018552578925077733
0 0.4483603623887021 0.22529946274477403 0.04149908514929379 0.014866136803468067
0 0.45021779333095163 0.251861962744774 0.04306158514929379 0.014957142065139983
0 0.44755733305560697 0.20268871537560998 0.044733345792955605 0.016610647326811723
0 0.05820026609154337 0.042293186789350644 0.024857888367602565 0.021677578925077733
0 0.20681808255140383 0.042390439279012225 0.023513909654926037 0.024711573663405883
0 0.057183341353480154 0.2725421289109603 0.021514367080279095 0.018370568401734032
0 0.10276899296263449 0.27908753149944393 0.026638909654926036 0.024893584186749605
0 0.2562332105274462 0.13708058397498807 0.022169930942249484 0.027745568401734033
0 0.44529035668871886 0.11463497852978959 0.04149908514929379 0.014866136803468067
0 0.10349062278026229 0.13363081833114687 0.022279191585911205 0.029308068401734035
0 0.1915258543429304 0.19088885246142673 0.020388909654926034 0.024529563140062206
0 0.5588283328035054 0.13603110737016272 0.020170388367602498 0.021404563140062206
5 0.3432090506204186 0.04566589967529903 0.026966691585911206 0.029581084186749585
0 0.12048174480421991 0.04280839725622461 0.023295388367602587 0.021586573663405884
0 0.16791947351689643 0.042459057737216 0.026638909654926036 0.024893584186749584
0 0.4457931012408373 0.07731698905313329 0.043280106436617415 0.018082142065139938
0 0.19133483020561534 0.13252261561560635 0.02551345222957293 0.031052578925077734
0 0.05723298181476967 0.12860241311182732 0.020607430942249504 0.027654563140062205
0 0.01771701374575487 0.13096927893919516 0.019481973516896435 0.033813557878390334
0 0.05430435979081203 0.22024388154179625 0.023950952229572976 0.03096157366340595
0 0.12108195038798755 0.2739295946395061 0.02151436708027905 0.018370568401734032
0 0.16450416845700236 0.2717902419663179 0.022639824505632157 0.012211573663405861