0 0.1578125 0.340625 0.03046875 0.0234375
0 0.2 0.4078125 0.0296875 0.0234375
0 0.21171875 0.33984375 0.028125 0.02265625
5 0.94921875 0.2109375 0.03671875 0.02578125
0 0.8296875 0.21171875 0.03046875 0.02265625
0 0.58125 0.23515625 0.02265625 0.01875
0 0.45546875 0.70390625 0.0125 0.053125
0 0.421875 0.628125 0.0125 0.05234375
0 0.98671875 0.20703125 0.02578125 0.02421875
0 0.4546875 0.63046875 0.0109375 0.046875
0 0.90703125 0.209375 0.028125 0.02265625
0 0.88515625 0.5359375 0.03046875 0.02421875
0 0.66484375 0.63828125 0.0125 0.05234375
0 0.75546875 0.5203125 0.0125 0.0546875
0 0.71484375 0.540625 0.02578125 0.02265625
0 0.67890625 0.5421875 0.02734375 0.021875
0 0.6234375 0.54453125 0.03046875 0.02265625
0 0.72734375 0.2140625 0.0296875 0.0203125
0 0.35 0.69375 0.01171875 0.04921875
0 0.87109375 0.21328125 0.02890625 0.02109375
0 0.7703125 0.52109375 0.01328125 0.05
0 0.46328125 0.08359375 0.0140625 0.04765625
0 0.62890625 0.63828125 0.01171875 0.04140625
0 0.64765625 0.640625 0.0125 0.05234375
0 0.8171875 0.63828125 0.01171875 0.05078125
0 0.68046875 0.63515625 0.0109375 0.0546875
0 0.8671875 0.640625 0.0125 0.05390625
0 0.90234375 0.6359375 0.01328125 0.053125
0 0.7796875 0.2125 0.03046875 0.02265625
0 0.784375 0.63828125 0.0109375 0.04765625
0 0.84609375 0.63984375 0.01171875 0.05
0 0.83125 0.6375 0.01328125 0.0515625
0 0.35 0.98125 0.0125 0.03671875
5 0.840625 0.53515625 0.03984375 0.0265625
0 0.3703125 0.00859375 0.0125 0.0171875
2 0.6375 0.890625 0.109375 0.0453125
0 0.796875 0.6328125 0.0109375 0.04296875
0 0.3375 0.14140625 0.015625 0.0515625
0 0.38515625 0.00859375 0.01328125 0.0171875
0 0.7140625 0.6421875 0.01484375 0.05703125
0 0.72578125 0.64140625 0.01328125 0.0546875
0 0.934375 0.5171875 0.0171875 0.05859375
0 0.9953125 0.63828125 0.009375 0.05546875