0 0.71640625 0.5328125 0.021875 0.05390625
0 0.56640625 0.50078125 0.028125 0.028125
0 0.40546875 0.56953125 0.03515625 0.03515625
0 0.85625 0.33203125 0.040625 0.0359375
0 0.509375 0.52578125 0.04140625 0.0390625
0 0.9484375 0.3203125 0.03984375 0.03046875
3 0.671875 0.04921875 0.03046875 0.0984375
0 0.36640625 0.540625 0.0375 0.04140625
0 0.35 0.5953125 0.03828125 0.040625
5 0.7703125 0.428125 0.0359375 0.053125
0 0.678125 0.71640625 0.0203125 0.065625
0 0.253125 0.59609375 0.0375 0.0375
0 0.1921875 0.6859375 0.03671875 0.04140625
0 0.259375 0.1703125 0.0296875 0.06484375
0 0.509375 0.475 0.03828125 0.034375
3 0.6203125 0.93828125 0.05859375 0.1203125
0 0.44609375 0.50234375 0.0390625 0.0359375
0 0.29375 0.6203125 0.034375 0.034375
0 0.5703125 0.4484375 0.03984375 0.03671875
0 0.75625 0.81484375 0.02890625 0.0703125
0 0.7578125 0.65546875 0.02109375 0.07734375
5 0.4515625 0.55390625 0.040625 0.0375
0 0.565625 0.55546875 0.03984375 0.03828125
0 0.3171875 0.365625 0.03984375 0.0453125
0 0.7171875 0.84375 0.02421875 0.06484375
0 0.69453125 0.93828125 0.0265625 0.0609375
0 0.64140625 0.1578125 0.0171875 0.0828125
0 0.7015625 0.15234375 0.015625 0.06796875
0 0.590625 0.03046875 0.021875 0.0609375
3 0.703125 0.04453125 0.02421875 0.0890625
0 0.35078125 0.82265625 0.03515625 0.04375
0 0.9796875 0.0109375 0.0359375 0.021875
5 0.75 0.73984375 0.02734375 0.0734375
0 0.83203125 0.65078125 0.02734375 0.04609375
5 0.19453125 0.975 0.04140625 0.05
0 0.30859375 0.86953125 0.0390625 0.05078125
5 0.125 0.028125 0.03828125 0.0390625
5 0.45625 0.9109375 0.0375 0.05546875
0 0.6703125 0.1609375 0.01875 0.07265625
3 0.6375 0.03046875 0.02578125 0.06015625