0 0.8646110099061406 0.660932422248217 0.034720445337363515 0.030887901451278843
0 0.7546456639083678 0.6483729132625424 0.03155908267027261 0.02765377404661713
0 0.7510752212365045 0.6867632906672041 0.03155908267027243 0.02765377404661713
0 0.7706161092457313 0.6181397762392338 0.03155908267027243 0.02765377404661713
0 0.7939712459023227 0.6915127888531055 0.03155908267027243 0.02765377404661713
0 0.8376485205681409 0.6962350051878415 0.03312158267027243 0.027708337748947896
0 0.8108047572406406 0.6542211199786315 0.03312158267027243 0.027708337748947896
5 0.8087871765595503 0.7604984018297969 0.039462489337999784 0.035739092558271325
0 0.9562899799093223 0.634302945661862 0.031577264003817974 0.02921627404661713
0 0.3396473725732315 0.6761408262313846 0.03155908267027261 0.02765377404661713
0 0.8970331585773679 0.6262201163504344 0.03468408267027243 0.027762901451278844
0 0.33117125389882285 0.7334448947430389 0.03155908267027261 0.02765377404661713
0 0.11799000123332277 0.7322990901112008 0.034720445337363424 0.030887901451278843
0 0.14321781524509497 0.6447346027250724 0.034684082670272565 0.027762901451278844
5 0.009989881285820368 0.7159151766790223 0.019979762571640736 0.03379464664195542
0 0.2752485179026408 0.7072841880269497 0.03155908267027252 0.02765377404661713
0 0.12099955927754805 0.4065451219623661 0.034720445337363424 0.030887901451278843
0 0.03995590790105001 0.7272147752277436 0.030014764003818008 0.029161710344286364
0 0.3815734326066391 0.42868298367311314 0.034720445337363424 0.030887901451278843
0 0.4963075472629123 0.5012077697006299 0.030287484006999675 0.05259921034428618
0 0.21704511923141379 0.7428967950131914 0.03470226400381797 0.02932540145127884
0 0.23999555462286565 0.31414431243638646 0.020857940006363408 0.04758432813030113
0 0.641539325946866 0.3688441590861911 0.020912484006999677 0.05227182813030114
0 0.24717116060632094 0.4357192120735668 0.022511346674090583 0.055451391832631994
0 0.3254052486075937 0.423616026957024 0.03155908267027261 0.02765377404661713
0 0.07512124856782272 0.7252058419252992 0.03470226400381802 0.02932540145127884
0 0.6764961286203203 0.3176437576349123 0.020912484006999677 0.05227182813030105
0 0.5981524052753209 0.4062821609002897 0.022474984006999675 0.05232639183263199
0 0.2895222926082299 0.42018349211063366 0.03155908267027261 0.02765377404661713
0 0.17920350529122922 0.3037722968272899 0.020894302673454223 0.050709328130301136
0 0.23237286394018458 0.43233131724571 0.020912484006999677 0.05227182813030105
0 0.3421120379535476 0.33010163993371544 0.022511346674090583 0.055451391832631994
0 0.22671430462286563 0.31460810390619875 0.020912484006999677 0.05227182813030114
0 0.37492453795354763 0.3289558021847675 0.020912484006999677 0.05227182813030114
5 0.8205888372454131 0.6187374877646464 0.03468408267027243 0.027762901451278844
0 0.15890009595800195 0.303700374957591 0.022584072008272348 0.06170139183263199
0 0.7305954719923641 0.030714187309159473 0.022420440006363406 0.04763889183263198
2 0.43009548531986425 0.08415916815668378 0.11638861600890867 0.06966271397248333
0 0.6695434105665501 0.7138193531884086 0.03633748933799978 0.03562996515360979
0 0.5682109139481388 0.3620336530957413 0.020912484006999677 0.05227182813030105
0 0.35772794728677487 0.33033725291040683 0.022511346674090583 0.055451391832631994
0 0.12379838995863826 0.30024055826003526 0.020912484006999677 0.05227182813030114
0 0.20803702995704745 0.309012868334169 0.02254770934118149 0.05857639183263199
0 0.5969315192155055 0.8467707516444625 0.019222714672181597 0.04127976442797028
0 0.19399271129059287 0.30794144165514675 0.022511346674090583 0.055451391832631994
0 0.031020543960865437 0.2870808485487212 0.019404528007636014 0.05690476442797028
0 0.5003372352005515 0.9602553874866449 0.023946577339272322 0.044568455534962935
0 0.3927751092855022 0.33848456960796264 0.020876121339908772 0.049146828130301135
0 0.3094086259548202 0.3218724776826634 0.022474984006999675 0.05232639183263199
0 0.2984893072883657 0.3206919235989794 0.02254770934118149 0.05857639183263199
0 0.0693097899427299 0.41928322413928437 0.025763616008908686 0.0664980192372937
5 0.16624842461013895 0.4104315245947713 0.040952264003817976 0.02954365626060227
0 0.16629114123173194 0.742326365338944 0.036319308004454334 0.03406746515360979