3 0.358150871792675 0.48173416794942875 0.04767982878371626 0.08717862739018098
0 0.27039616066780453 0.4706581631690668 0.029726041356328815 0.03617733189368764
3 0.94466626054397 0.9044890638427487 0.11066747891206 0.0779619185677376
0 0.31420181864952185 0.49138047578442307 0.029871590570540542 0.039302331893687814
5 0.5964470843652876 0.44715411859542414 0.0643193651776464 0.04306768198597286
0 0.8928149319651414 0.7730400023071267 0.035976041356328634 0.03657785009228505
0 0.43147717162605925 0.7349080351605769 0.026455492142117086 0.032852072794389287
0 0.3131080454901581 0.4344493553340724 0.029871590570540542 0.039302331893687634
0 0.23092489991443754 0.6098918414544118 0.029726041356328815 0.03617733189368781
0 0.2725622822555917 0.5338893483942421 0.03136131596343468 0.03783996144333699
0 0.6990927030575907 0.6274307063492082 0.03285104135632899 0.03637759099298634
0 0.46271640136217956 0.5694425239018099 0.028017992142117264 0.032952202344038464
0 0.3195849855225794 0.5735118553340725 0.029871590570540542 0.039302331893687634
0 0.2982366401945279 0.8509965052417872 0.02630994292790536 0.02972707279438893
5 0.3613187212545557 0.5831965383997794 0.029871590570540542 0.039302331893687814
0 0.2767702851510759 0.42355262569213803 0.026382717535011223 0.031289572794389285
3 0.24465356782095232 0.7875860448781843 0.03677656203449331 0.053765350092285044
0 0.7803746664587727 0.2821263032022906 0.07020549214211727 0.035655700184570094
0 0.76531486248705 0.5942863417589536 0.03590326674922295 0.03501535009228505
0 0.45371365901517463 0.14201843074935516 0.03299659057054054 0.03950259099298643
0 0.7966761784504848 0.6321263032022907 0.03910104135632882 0.03677810919158375
0 0.06478616955914465 0.5213533682908824 0.026382717535011292 0.03128957279438911
0 0.8651113854415261 0.26185217843300335 0.06708049214211727 0.035455441085271475
5 0.5382534789075508 0.16768786165559385 0.03128854135632899 0.03627746144333708
0 0.277309748342861 0.6190956631690667 0.029871590570540542 0.039302331893687634
0 0.370753687341825 0.6687032418235519 0.033142139784752264 0.04262759099298634
0 0.5520591137299043 0.12962665715208704 0.03128854135632882 0.03627746144333712
0 0.9679433645539646 0.7973274059154694 0.04222604135632864 0.036978368290882455
0 0.5292166191065879 0.05728128778147055 0.0346318651776464 0.04116522054263574
0 0.5694243579389362 0.35195224012550896 0.07572774607105863 0.020431218383167415
0 0.14353190777232036 0.5731347162236992 0.02965326674922304 0.034614831893687636
0 0.6760339228689135 0.29958630860096147 0.06351884449948209 0.02588018198597286
0 0.7638934877988909 0.24601882248062212 0.06976884449948209 0.026280700184570092
0 0.7401156935470781 0.320829055361759 0.07318494292790553 0.0327309592838688
0 0.8340090887085138 0.29646820789036754 0.06380994292790554 0.03213018198597286
5 0.9068386590151747 0.1710560001476583 0.07027826674922295 0.037218200184570095
0 0.5030950748547749 0.13194132633813344 0.033142139784752264 0.04262759099298643
0 0.18375018527491035 0.4666634731635294 0.04876713978475231 0.04362888648947969
0 0.3182986213783902 0.6295115314599491 0.0330693651776464 0.041065090992986344
0 0.9594372359368641 0.46418423888889127 0.05628854135632899 0.037879534237726276
0 0.971298188275093 0.22218650600775441 0.05740362344981413 0.038480311535622216
3 0.9570184414801635 0.2563915252860859 0.08596311703967316 0.0622577729789592
5 0.6409162142252424 0.3316082641842025 0.07772689371369382 0.029906347932816678