0 0.6032067462021669 0.7542368029156291 0.03859127404661713 0.03234113855894431
0 0.6150544709744235 0.7060948196086766 0.0402083377489479 0.033949102665567034
0 0.713509395376011 0.23816918520636735 0.03995536660488845 0.07140363855894431
3 0.24923351961581183 0.8354363609788372 0.07690972958157997 0.05686977711788863
3 0.8683630425661206 0.4170707381885035 0.08187004809323425 0.06481866943775678
0 0.37948408104070797 0.3527950087089816 0.0403174651536097 0.03707410266556703
5 0.4055752888531055 0.814960039587794 0.04495040145127884 0.03564799498543501
5 0.3394641939325814 0.6926016547897733 0.043333337748947896 0.034040030878812286
3 0.0905381760460501 0.13949206050398355 0.09608137023308558 0.15888691818411554
0 0.39205348059307027 0.6870934523616332 0.04338790145127884 0.03560253087881247
0 0.18520082378431385 0.5191915838609485 0.036974210344286274 0.030733174452321776
0 0.40861107505025823 0.2801303985215672 0.040481156260602266 0.041761602665567034
0 0.21783728602751667 0.12208090314042072 0.04053571996293313 0.043324102665567035
0 0.27744534356976175 0.6993995725781774 0.040208337748947984 0.033949102665567034
0 0.37265621688289025 0.2571869920159342 0.04053571996293304 0.043324102665567035
0 0.674796581040708 0.36138772486066834 0.030252984390903494 0.061755853919208195
0 0.7554042626138717 0.04622337760537766 0.03919147477225664 0.04952863855894435
5 0.23889870954167805 0.7506749160725444 0.04495040145127884 0.03564799498543501
0 0.19677825236225271 0.16526260180763722 0.03913691106992565 0.04796613855894431
0 0.46744531707607384 0.9020030500126353 0.0370833377489479 0.033858174452321775
0 0.5204859823223508 0.9731482757977405 0.03228671034428636 0.030596782132453627
0 0.5285986158022803 0.7184380437444291 0.041770837748947895 0.03399456677218957
0 0.7029587865756708 0.33874584672656527 0.03197917549789597 0.06648881802583091
0 0.925302523328827 0.4437529101335427 0.05158234736759475 0.046767351411925874
0 0.45334564465822086 0.6787103025199178 0.04338790145127884 0.03560253087881229
0 0.3717708178786821 0.12577786764275484 0.039191474772256554 0.049528638558944314
5 0.045793550285850915 0.7489663489046434 0.04495040145127882 0.03564799498543501
5 0.5217930550951744 0.7565601693712498 0.04338790145127884 0.03560253087881229
0 0.7332539549019906 0.12065507627259416 0.04297123920022674 0.06836956677218971
0 0.6807960990968753 0.2567684210206024 0.03866568511654265 0.0791706744523216
3 0.5656100316815295 0.6663359861434394 0.08305060217691818 0.0539266335443795
5 0.7232093215068792 0.049978863419612704 0.0473313569862416 0.059130959092057754
5 0.6953075215995463 0.15474291976696114 0.04000993030721922 0.07296613855894432
0 0.37893104265093863 0.0774994920159342 0.044151793283910834 0.057477530878812376
0 0.6053371866761873 0.8723874093421198 0.047440484390903495 0.06225595909205772
0 0.6796972912153583 0.9824731146732539 0.022748019237293703 0.025636497492717326
5 0.039384804462202154 0.8653044027447093 0.0419890925582714 0.04024456677218957