0 0.9498307047831738 0.48301197463621603 0.03662458423309758 0.030487587005972296
0 0.8437932697202392 0.4524685298227091 0.03482528589277152 0.027326219414791807
0 0.8483381371468155 0.41981968398302155 0.03326278589277152 0.027289851823611145
0 0.896598961006951 0.47007491033166743 0.035062084233097576 0.030451219414791807
0 0.8936981813379568 0.43179366033166744 0.03830548340326061 0.03208645459715278
5 0.13303948817714528 0.11929747349885426 0.04467388257342351 0.033794424961875034
0 0.8616893195104577 0.35930041128159795 0.03854228174358667 0.03521145459715278
0 0.8465164506339887 0.4884060298227091 0.03482528589277152 0.027326219414791807
0 0.935814826358935 0.4421324014979522 0.03494368506293455 0.02888871941479181
0 0.9842122857925251 0.3731109509848619 0.03157542841494987 0.03045121941479163
0 0.4485488568531217 0.2794959699834726 0.03482528589277152 0.02732621941479163
5 0.8964931398461079 0.5098459251493063 0.039631185062934546 0.028997822188333446
0 0.4819640854824973 0.22646254217180592 0.03482528589277134 0.02732621941479163
0 0.2696649950256226 0.2035841673624308 0.03482528589277134 0.02732621941479163
0 0.25139932448483515 0.14778810904180575 0.0381870842330974 0.03052395459715278
0 0.13247264834497044 0.19415200313413206 0.03818708423309745 0.030523954597152826
0 0.17624503651747134 0.12342258225631957 0.03506208423309749 0.03045121941479172
0 0.3516128120372805 0.17351676728618085 0.03830548340326043 0.03208645459715283
0 0.09585879689043353 0.10205476890170147 0.035062084233097444 0.030451219414791675
0 0.3198714402610265 0.49564503400368076 0.03338118506293446 0.028852351823611143
0 0.4237138775990461 0.23992432370694478 0.033144386722608485 0.025727351823611144
0 0.41143197822839034 0.5203924204965629 0.03830548340326043 0.03208645459715278
0 0.3557380852820047 0.5058383048052433 0.03494368506293437 0.028888719414791632
0 0.28246560602792903 0.46513926320211824 0.02758147095570589 0.05523301386770836
0 0.3568288338321121 0.6025678344405211 0.027818269296031862 0.05835801386770836
0 0.9708778332074122 0.5240552019347925 0.03482528589277152 0.027326219414791807
0 0.2376877475244222 0.5740590151019793 0.023982874275053766 0.04891027868534721
0 0.20861982863402004 0.1389936840799307 0.03650618506293446 0.02892508700597225
0 0.5095483242843425 0.4361102991056601 0.04045997925407559 0.03993532218833344
0 0.15165331391138032 0.44727700313413205 0.03650618506293446 0.028925087005972294
0 0.34229273715146 0.5959905261198961 0.02758147095570589 0.05523301386770836
0 0.17586225374819958 0.5609219290459376 0.0256637734452168 0.050509146276527875
0 0.30066561867597635 0.15985300436840302 0.036624584233097404 0.03048758700597225
0 0.6918574585081512 0.09409037252826447 0.031180067636357833 0.06155574905006946
0 0.7187033784242386 0.05728135676069505 0.015128092531467274 0.01438980832062502
0 0.6620985195197464 0.7305532429692366 0.02578217261537965 0.05207164627652787
0 0.267621856027929 0.46479377108590303 0.02758147095570589 0.05523301386770836
0 0.6201999751281126 0.9945001080918752 0.023650987552445456 0.010999783816249576
0 0.20668620125868867 0.5663185970739585 0.02781826929603195 0.05835801386770836
0 0.12089041121673234 0.5456047471502083 0.025663773445216753 0.050509146276527875
0 0.3743715313426012 0.6076553779435072 0.02578217261537983 0.05207164627652787
0 0.15741990706754744 0.5542537017473612 0.027818269296031862 0.05835801386770836
2 0.349328600228359 0.8535120853904516 0.12239706348717308 0.07147756933854196
0 0.22549540084377012 0.5675362581681253 0.025545374275053767 0.04894664627652787
0 0.3932991300978458 0.6104355390376739 0.021946777594401647 0.04262391109416672
0 0.4871834591328511 0.182131313923299 0.020170790041956366 0.019186411094166723
5 0.9810702640093044 0.45652286302895917 0.03785947198139113 0.03379442496187508
0 0.22969395830765854 0.3656471030578821 0.03482528589277143 0.02732621941479172
0 0.19232770333328106 0.5620850387533334 0.027581470955705845 0.05523301386770836
0 0.735204716806521 0.07950184887691034 0.022420374275053768 0.04887391109416668
0 0.30869898715146 0.5952086229095142 0.027344672615379827 0.05210801386770836