0 0.451687160622879 0.6552998587284972 0.03303975897699054 0.03944430800445424
0 0.5113490278147341 0.4723879087364513 0.028343168617910842 0.03782726400381797
0 0.03648538320092838 0.4434232833386361 0.05793976502711464 0.02254770934118149
0 0.4834881691088901 0.2923640540658606 0.025154536104353652 0.02685340133672707
0 0.03346946750988379 0.42463692067154524 0.05793976502711464 0.02254770934118149
0 0.5228480465542819 0.9131765407383604 0.02990566861791084 0.03784544533736352
0 0.43284677791292997 0.5363225920591791 0.025172716822512698 0.029978401336727245
0 0.11994680211342681 0.6014363253500902 0.061073855386194253 0.024146572008272395
5 0.4850117032683361 0.9705526887332697 0.03935339149054791 0.05045453333863605
5 0.48811099483363857 0.5721242794000424 0.02990566861791084 0.03784544533736352
5 0.39657397638867836 0.3249487400540884 0.03462043969514968 0.04258748933799979
0 0.04782688329912424 0.5084033933402269 0.057939765027114655 0.02254770934118149
5 0.6454296329063408 0.25596457208781415 0.033048849336070066 0.04100680800445433
0 0.04870812724900003 0.49122498400699965 0.054814765027114645 0.022511346674090583
0 0.04773597970832806 0.5240283933402269 0.05636817466803503 0.020967028007635946
5 0.4829705395221991 0.2470424633990879 0.03462043969514959 0.04258748933799979
1 0.5113888926688981 0.7341248400699968 0.058376102262936415 0.09754770934118148
1 0.38724390730322933 0.4514112427195885 0.053624969749379046 0.08655566534054522
5 0.4653063165513663 0.19448962806331527 0.04402271077238851 0.04738407733927241
5 0.46175913573501115 0.13272542472945165 0.059656801131468026 0.04912839067472689
5 0.360723876561629 0.040918638048997744 0.03620112041330899 0.04573067067154524
5 0.7067994458434697 0.04807080342931377 0.06735112646343318 0.028906797342454115
0 0.5260988916869395 0.08581460940481489 0.0704852168225127 0.03050566000954502
0 0.621751759271578 0.16271401141785974 0.039307939695149584 0.04264203333863614
0 0.625117653787188 0.12134412408495063 0.05653180113146803 0.049092028007636034
0 0.8907881055825859 0.11662245078767626 0.04863748789975162 0.03493862133990877
0 0.7458614249626226 0.18290942743472263 0.05481476502711473 0.022511346674090583
0 0.7433182079437181 0.08287306476763172 0.053252265027114734 0.02249316534054513
0 0.8726107982046021 0.017966774785130916 0.07040340359079593 0.016443160009545016
0 0.740506825331965 0.028930452100540828 0.05794885538619425 0.024110209341181466
0 0.23148024151398888 0.365999359365044 0.05637726502711464 0.022529528007636034
0 0.10928253376666246 0.4200499653484993 0.06731476502711464 0.022656797342454203
0 0.11074958499632645 0.43647439668204474 0.05950226502711464 0.022565890674726852
0 0.24591440447455898 0.5708686727004985 0.0704852168225127 0.03050566000954511
0 0.2879155521134268 0.6033908187062254 0.05794885538619425 0.024110209341181486
0 0.05074735021983284 0.5435960060073178 0.06419885538619427 0.0241829346753633
0 0.043430274789672006 0.45834884933959064 0.05952044574527389 0.02569089067472685
0 0.028537569576428355 0.4081579453373635 0.05707513915285671 0.02569089067472703
0 0.04646437119887583 0.47401021200668153 0.06264544574527389 0.025727253341817757