3 0.7771416679586539 0.8760681261627885 0.17057092072720598 0.11207610271317883
3 0.16163749537652153 0.4401279449427828 0.046653756939830336 0.048116127390180986
3 0.3218833829457354 0.4041835456533767 0.06704540252860855 0.0992175524363235
3 0.3458482163805826 0.22447625925618214 0.0960925524363235 0.06684514342930994
0 0.9093600038575114 0.19692324183277723 0.0696907387412331 0.04336807063492083
0 0.6079048187892194 0.5788088016703564 0.038440738741233105 0.0413654796419344
0 0.26222658313030545 0.3395388571889989 0.028665220542635695 0.03451470234403846
0 0.29408785240863694 0.3522798866463631 0.038640997840531634 0.0444904796419344
0 0.04789425895164035 0.8916787553986708 0.03707849784053167 0.04439035009228505
0 0.7570477297988178 0.2790417342746381 0.07926599784053182 0.04709384793281677
0 0.31688979257105776 0.6278015183554808 0.03707849784053163 0.04439035009228505
0 0.385501001698043 0.18847940006459846 0.05044009099298643 0.03435401603912895
0 0.2142084762550736 0.7853217265596154 0.04040375693983034 0.047715609191583755
0 0.8059753855666291 0.24400659778515843 0.07946625693983052 0.05021884793281668
0 0.5325843576504242 0.07868649059615955 0.04519138648947951 0.04957849784053168
5 0.40818542104097294 0.5993878192506449 0.038741127390180985 0.0460529796419344
0 0.7020157641934277 0.5914508991417479 0.046453497840531634 0.044991127390180984
0 0.6851379472591347 0.5512962685123644 0.04322836829088246 0.04322836829088246
0 0.9008070242155771 0.2332612600313745 0.07311612739018117 0.04825582973421945
0 0.5889845519748982 0.072738076808784 0.04519138648947969 0.04957849784053168
0 0.3621288487080091 0.45606741826319575 0.04010336829088228 0.04302810919158375
0 0.18598904843115388 0.5700564744001471 0.03707849784053172 0.04439035009228505
0 0.698493552593207 0.25789672193613694 0.07095285009228505 0.0387807001845701
0 0.8159316625599832 0.7685467203949774 0.04645349784053181 0.044991127390180984
0 0.019940151144332615 0.4173086135105203 0.03179022054263574 0.03471496144333699
0 0.4214597717515668 0.756479626005905 0.0431282387412331 0.04166586829088228
0 0.2754892442967874 0.4118248673680317 0.040203497840531635 0.04459060919158375
5 0.2556519039221098 0.6363940707918043 0.03375323874123311 0.041065090992986344
5 0.15455828963639706 0.04066816548541856 0.07467862739018098 0.04835595928386878
0 0.7627565977851585 0.7727323750830544 0.052803627390180984 0.046954145588778216
0 0.08176022825765841 0.4724781724252489 0.03677810919158371 0.039702850092285046
3 0.14450245527869915 0.5618224722406787 0.0577309592838688 0.07527940468807692
0 0.8637483127722397 0.26520167489848423 0.07614099784053181 0.04689358883351806
0 0.09252563850128967 0.8872625632336651 0.04216651603912895 0.0509407387412331
0 0.5544209824197116 0.16287172347729645 0.0931282387412331 0.04487001387966063
5 0.6594916093484672 0.28373733112772065 0.09947836829088245 0.04683303207825791
0 0.8665009639165724 0.6836117134551472 0.06586483189368764 0.03223031153562204
0 0.6332154133259502 0.07457188464377833 0.044991127390180984 0.046453497840531675
5 0.6106499984588405 0.11102981878921951 0.039903109191583755 0.039903109191583706
0 0.6410024252030261 0.3051512561738632 0.0851154796419344 0.041244366131414
5 0.12231868368401586 0.14310155305463237 0.0819904796419344 0.04104410703211538
0 0.08584905999446267 0.08086117134551471 0.032852072794389134 0.02700259099298643
3 0.9635876264673303 0.23701851327057702 0.03858044108527139 0.06782785009228505
0 0.8284280698689537 0.5856841556201527 0.06540375693983017 0.04931768198597286