0 0.662022754937084 0.6806161365205781 0.051018292553055566 0.044040891490547726
0 0.03104551187093808 0.6960073915887437 0.03081489532659727 0.048610216822512695
0 0.10421090814746588 0.7174596898915414 0.04785692496187503 0.042460210772388506
0 0.7624876950978475 0.29716731138500485 0.04429682028847228 0.09087043969514977
0 0.13478614807947967 0.5875767471713296 0.055778527735416715 0.047193162567786474
0 0.8966030023716328 0.9566326940949539 0.060720600873680294 0.058157933645025396
0 0.4801051801832994 0.9215507296101322 0.04476829255305557 0.04400453005422946
0 0.27781271551816034 0.7570802052132437 0.06231946846486114 0.0597295240041051
0 0.1851524368328131 0.737304036398941 0.052798998100138925 0.05342498184962743
0 0.11773050712128544 0.8283335573779841 0.055814895326597294 0.04875566256778683
0 0.303704374712466 0.8288143046475096 0.055814895326597204 0.04875566256778683
0 0.13112216631559104 0.9001403796848869 0.04629442496187504 0.042451120413308986
0 0.058938041790556304 0.8872772862025494 0.052398954597152825 0.036237481849627426
1 0.3598069447165978 0.721442166182024 0.1377195119678473 0.07735336123992678
0 0.804862258736806 0.5735207331261736 0.050292247150208524 0.0799693011314682