0 0.26422971289094993 0.5493083026900036 0.039473676882026076 0.05127908008391273
0 0.252426096769608 0.7051914497855741 0.039410009885831696 0.049716580083912554
0 0.20724754243471438 0.5715394228158724 0.045787343878220546 0.053315176764564674
0 0.2203418141463632 0.861832536093264 0.04266234387822054 0.05307837842423879
0 0.24168491494466596 0.7776584456363893 0.0362850098858317 0.04947978174358649
0 0.2571719465793275 0.6269480506154111 0.0362850098858317 0.04947978174358649
0 0.051898081026639266 0.009457510372962202 0.02745383794672147 0.018915020745924403
0 0.22648424555137572 0.013279404769240416 0.043906508897248564 0.026558809538480832
0 0.25122030730064304 0.10402003609326407 0.07241351087441492 0.056890462657336105
0 0.364197809772101 0.08377654584152636 0.06342051285158128 0.06555506763635795
0 0.10734829049472912 0.19436346140793623 0.0703416749048598 0.04427206348717307
0 0.04979577566598149 0.2688199323636421 0.088964340912471 0.042567853529129354
0 0.02438326948733665 0.6267391761398647 0.0487665389746733 0.053670374275053764