0 0.531226830055326 0.4605667448690977 0.040700243102595124 0.03215918977951393
0 0.5866989020815934 0.4767197281515978 0.0392196302577247 0.03368532218833344
0 0.7757359893730088 0.73533558120948 0.0376571302577247 0.03364895459715278
0 0.17978275949939676 0.6143028086049654 0.03757524310259504 0.03208645459715278
0 0.23960481682634302 0.5922290932742363 0.034286468792335614 0.02888871941479181
0 0.16487813376422775 0.5255669637152085 0.03897396879233552 0.028997822188333446
0 0.2378276328597166 0.551513174296285 0.03757524310259504 0.03208645459715278
0 0.7616801334255434 0.7647321404800353 0.0407821302577247 0.03372168977951393
0 0.22805980721540461 0.633417137727153 0.035848968792335525 0.028925087005972294
0 0.1168600356186786 0.561212869775382 0.040700243102595034 0.03215918977951393
0 0.3543036454113311 0.8663231695466322 0.03296298620519007 0.06319098423243048
0 0.17623835764494594 0.5774567720358335 0.035848968792335525 0.028925087005972294
0 0.2769765055426679 0.938832642761146 0.029756099050060315 0.06155574905006915
0 0.7679931676854256 0.4950190525241326 0.04719590456798421 0.03699216014423623
5 0.6808959594085398 0.4554460998268409 0.04398901741285464 0.03535692496187508
5 0.5348331869073025 0.406678678664688 0.044070904567984216 0.03691942496187508
5 0.7652654788575592 0.8007969270491675 0.04727779172311415 0.038554660144236405
0 0.07224357643728148 0.5468769596311459 0.04596095318850331 0.043205792553055566
0 0.16216813433005464 0.7265300516711113 0.03296298620519007 0.06319098423243048
0 0.32102747795304803 0.8147054649494795 0.03164614767057934 0.06784211664125017
0 0.518734637609415 0.8631105166205908 0.02268722749876275 0.04578527868534721
0 0.45416312528494307 0.9725247706109377 0.028193599050060313 0.054950458778124656
0 0.43709845601763775 0.969554006268264 0.03477114767057934 0.06089198746347187
0 0.8110028612629906 0.49523791128159794 0.0510578889641522 0.0511273953265972
0 0.8483611776350484 0.2301584251493063 0.04036605042954129 0.05556032218833336
0 0.7669363579836302 0.3659309645682298 0.03140048620519007 0.06315461664125
0 0.9140636635015543 0.39438588573038275 0.03485303482570927 0.06947735182361114
0 0.8620474621220732 0.38691757142583405 0.027702276119281777 0.05214438145888885
0 0.9490262409548883 0.2645717523716328 0.0315642605154494 0.06627961664125
5 0.9140879969477822 0.3192949667524313 0.04307497060135788 0.07747168977951394
5 0.9779059147447496 0.14634908244375083 0.035344357756487456 0.07885235182361114