0 0.84609375 0.2703125 0.0296875 0.02109375
0 0.21171875 0.42265625 0.0265625 0.02109375
0 0.840625 0.234375 0.025 0.01875
4 0.2765625 0.42890625 0.04453125 0.0265625
0 0.43984375 0.38671875 0.025 0.01953125
0 0.953125 0.3015625 0.03046875 0.0203125
0 0.25859375 0.24765625 0.0234375 0.01953125
0 0.171875 0.24375 0.0296875 0.0234375
0 0.05546875 0.25390625 0.028125 0.02109375
0 0.0125 0.25703125 0.02265625 0.0203125
0 0.66796875 0.3125 0.02890625 0.02265625
0 0.81953125 0.30234375 0.0296875 0.02109375
0 0.2140625 0.24453125 0.02890625 0.02265625
0 0.309375 0.45546875 0.0265625 0.01875
0 0.3265625 0.42734375 0.0234375 0.01875
0 0.37265625 0.4203125 0.03359375 0.021875
0 0.325 0.425 0.02265625 0.01875
5 0.55 0.13828125 0.01875 0.0515625
0 0.55703125 0.03125 0.01171875 0.034375
5 0.296875 0.246875 0.0328125 0.028125
0 0.42578125 0.4203125 0.0265625 0.021875
0 0.7375 0.275 0.034375 0.02734375
5 0.778125 0.3421875 0.03125 0.02578125