0 0.109375 0.446875 0.0328125 0.025
0 0.61328125 0.40546875 0.0296875 0.0234375
0 0.3390625 0.3984375 0.0328125 0.025
5 0.89375 0.29921875 0.028125 0.07109375
0 0.8171875 0.33125 0.040625 0.0265625
1 0.03125 0.409375 0.0625 0.03828125
5 0.6359375 0.321875 0.0375 0.02890625
0 0.79140625 0.4203125 0.0296875 0.025
5 0.7203125 0.321875 0.0375 0.02890625
0 0.9109375 0.11328125 0.0140625 0.05234375
0 0.9359375 0.06171875 0.0140625 0.05859375
0 0.89921875 0.22578125 0.01796875 0.05390625
0 0.671875 0.75078125 0.01015625 0.04375
0 0.828125 0.0546875 0.02265625 0.04921875
0 0.63984375 0.95078125 0.01484375 0.05625
0 0.78203125 0.2125 0.01484375 0.05390625
0 0.63984375 0.88125 0.0140625 0.0578125
0 0.5421875 0.95234375 0.0125 0.05625
0 0.55703125 0.9484375 0.01171875 0.053125
0 0.62109375 0.88203125 0.01484375 0.059375
0 0.59296875 0.946875 0.0140625 0.0546875
0 0.46640625 0.75859375 0.01640625 0.0640625
0 0.60859375 0.95078125 0.01328125 0.0578125
0 0.52265625 0.95234375 0.0140625 0.0609375
0 0.6625 0.959375 0.0125 0.06015625
0 0.625 0.94921875 0.0125 0.05546875
3 0.15390625 0.94296875 0.06640625 0.0765625
0 0.575 0.94609375 0.01484375 0.04921875
5 0.9140625 0.02421875 0.01484375 0.03671875
0 0.93671875 0.1984375 0.01640625 0.0609375