3 0.85 0.91796875 0.071875 0.1546875
3 0.459375 0.33671875 0.08515625 0.0453125
3 0.5546875 0.48515625 0.07890625 0.040625
0 0.20390625 0.7390625 0.0203125 0.0640625
0 0.58671875 0.66875 0.034375 0.03125
0 0.2359375 0.7734375 0.03046875 0.0703125
0 0.2734375 0.44140625 0.0328125 0.05546875
0 0.40703125 0.25859375 0.0296875 0.02421875
0 0.4140625 0.29453125 0.0359375 0.0296875
0 0.275 0.73515625 0.028125 0.071875
0 0.54921875 0.73828125 0.03359375 0.03515625
0 0.20859375 0.865625 0.03046875 0.06640625
0 0.5171875 0.03984375 0.0265625 0.02578125
0 0.58515625 0.7671875 0.03515625 0.0390625
0 0.11328125 0.4578125 0.03984375 0.0328125
0 0.184375 0.63125 0.0171875 0.06875
0 0.18125 0.01171875 0.01484375 0.0234375
0 0.09765625 0.55703125 0.0359375 0.0328125
0 0.2625 0.66953125 0.02265625 0.0640625
0 0.2546875 0.284375 0.01953125 0.06796875
0 0.2375 0.08515625 0.015625 0.071875
0 0.1234375 0.92734375 0.0234375 0.04921875
0 0.740625 0.92734375 0.03515625 0.0390625
5 0.209375 0.13125 0.015625 0.06875
0 0.565625 0.89375 0.034375 0.04453125
5 0.13359375 0.54453125 0.034375 0.0328125
0 0.5640625 0.115625 0.03125 0.0265625
0 0.10078125 0.5078125 0.040625 0.034375
0 0.21640625 0.359375 0.0171875 0.065625
0 0.246875 0.8375 0.02890625 0.06875
0 0.66015625 0.39375 0.0359375 0.0265625
0 0.753125 0.87578125 0.0359375 0.0421875
3 0.20390625 0.95390625 0.0515625 0.0875
5 0.29140625 0.6390625 0.02109375 0.09375
0 0.65078125 0.9546875 0.0171875 0.06171875
0 0.18125 0.13671875 0.01484375 0.0671875
0 0.16484375 0.975 0.03046875 0.05