0 0.06078668029715506 0.9811575288288921 0.023176684145441183 0.02184214901126431
0 0.10292411552233041 0.9789887414500253 0.02151405459579183 0.020170388367602498
0 0.03929121453488131 0.9282181991274798 0.02191457279438914 0.0264203883676025
0 0.5223306593207806 0.7210027347416359 0.02045220234403846 0.027873627723940687
0 0.17245177283130098 0.792133597634541 0.0218144432447398 0.0248578883676025
0 0.21630549507197974 0.9695048447845493 0.020151813695090493 0.02318612772394104
0 0.038757893281651655 0.8030378826676194 0.020352072794389144 0.026311127723941043
0 0.23823055984680436 0.9671939457732851 0.021814443244739756 0.0248578883676025
0 0.570072954198965 0.5100052505810776 0.02201470234403846 0.027982888367602498
0 0.2628381385012897 0.8744765680493444 0.02045220234403846 0.02787362772394104
0 0.476045944638241 0.6907960646951496 0.023677331893687814 0.02965464901126431
0 0.0028632726744174607 0.8956131487591626 0.0057265453488349214 0.028092149011264313
0 0.5366656647194514 0.8249964660522024 0.020352072794389286 0.026311127723941043
0 0.21800530228866521 0.8216136480028581 0.020151813695090493 0.023186127723940686
0 0.06146420805647632 0.8006723533345242 0.023477072794389132 0.02652964901126431
0 0.5068906361849378 0.45220345825853225 0.026602072794389107 0.02674817029858776
0 0.2648803022886652 0.8183358286930063 0.020151813695090493 0.02318612772394104
0 0.14906793029715507 0.9749843024620042 0.02005168414544114 0.021623627723941042
0 0.6253252513935011 0.7036899125817921 0.02035207279438911 0.026311127723940685
0 0.622625346243999 0.9278704577543291 0.020352072794389286 0.026311127723941043
0 0.19516168029715508 0.9717611134739828 0.021614184145441185 0.0217328883676025
0 0.5662821159837558 0.7754827851099529 0.02035207279438911 0.026311127723940862
0 0.2647394023809503 0.7841247196584986 0.02035207279438911 0.026311127723940862
0 0.014388948957177674 0.8070751726443763 0.020352072794389137 0.026311127723941043
0 0.08456294417681569 0.8892760314267821 0.02035207279438913 0.026311127723941043
0 0.2381769023809503 0.7859821506007482 0.020251943244739844 0.024748627723940864
0 0.0009811964101131662 0.9868555077936702 0.0019623928202263325 0.020279649011264313
0 0.26282884408453067 0.9110314270838517 0.023677331893687814 0.02965464901126431
0 0.21751634408453063 0.9141999857500419 0.020251943244739758 0.02474862772394104
0 0.12708920805647633 0.7960834063007314 0.020251943244739844 0.024748627723940687
0 0.061605107964191254 0.8348834623690315 0.018589313695090492 0.023076867080278875
0 0.5030440314691743 0.9370101469944518 0.02045220234403846 0.02787362772394104
0 0.0866551727390159 0.832354042070444 0.0202519432447398 0.02474862772394104
0 0.28427424507197974 0.964752006785264 0.020151813695090493 0.02318612772394104
0 0.5999430359357693 0.1167087186500925 0.023677331893687814 0.02965464901126431
0 0.5465934862772229 0.4152062028106506 0.02377746144333699 0.031217149011264312
0 0.015022399760056645 0.9306929891042367 0.020251943244739817 0.024748627723940687
0 0.5713794285991121 0.7323501441444604 0.022114831893687813 0.0295453883676025
0 0.6276609045404186 0.8007452290416527 0.02377746144333699 0.031217149011264312
0 0.10486614976005663 0.9244105020936869 0.020352072794389154 0.026311127723940685
0 0.6265582819305996 0.757268380650807 0.020552331893687638 0.029436127723940685
0 0.26131281616832586 0.7283663925549765 0.019951554595791877 0.020061127723940864
0 0.1523302375138406 0.826983845036651 0.02191457279438911 0.0264203883676025
0 0.127631823726465 0.8847088637260845 0.02191457279438911 0.0264203883676025
0 0.5962010649317082 0.3207406547881221 0.023577202344038463 0.028092149011264313
0 0.6796922902547059 0.19512901357052792 0.023677331893687814 0.02965464901126431
0 0.5780203662882976 0.2403483144430481 0.023677331893687814 0.02965464901126431
0 0.08533489976005663 0.9257762601394586 0.020352072794389154 0.026311127723941043
0 0.6581983081487615 0.7247236784212341 0.022114831893687636 0.0295453883676025
5 0.5173205891472852 0.6171346895690989 0.022214961443337167 0.031107888367602497
0 0.29751232958656115 0.8067209854979405 0.020151813695090493 0.023186127723940686
0 0.21703308760612564 0.7882384192901817 0.02035207279438911 0.026311127723940862
0 0.059562944176815694 0.8910242017253698 0.02035207279438913 0.026311127723941043
0 0.039730107964191255 0.8364131113802958 0.020251943244739813 0.02474862772394104
0 0.15189134408453062 0.9187889327838349 0.02045220234403846 0.02787362772394104
0 0.2396380752676245 0.7267710415662407 0.019951554595791877 0.020061127723940864
0 0.040863008951640356 0.8915540794493108 0.02191457279438913 0.0264203883676025
0 0.3683767396733089 0.853874854924008 0.04455103639719456 0.015559298022528622
0 0.17143188850128968 0.8808683157035558 0.020352072794389154 0.026311127723940685
0 0.0611662145348813 0.9266885501162154 0.020151813695090493 0.02318612772394104
0 0.28734439004244916 0.7226573419345579 0.02171431369509049 0.023295388367602497
0 0.2177630752676245 0.728300690577505 0.020151813695090493 0.023186127723940686
0 0.17016168029715506 0.9735092837725705 0.02161418414544114 0.0217328883676025
0 0.6192950107973416 0.16668693931699732 0.02191457279438911 0.02642038836760254
0 0.23940063850128968 0.8761154777042703 0.020251943244739844 0.024748627723940687
0 0.3077570195920985 0.7196744535669553 0.020151813695090493 0.023186127723940863
0 0.621381823726465 0.8501825003289761 0.02045220234403846 0.027873627723940687
0 0.3069805598468044 0.9623864774521689 0.020151813695090493 0.02318612772394104
0 0.6209720111111088 0.8929873593634834 0.020352072794389286 0.026311127723941043
0 0.5406555644702828 0.49572958313248155 0.023677331893687637 0.02965464901126431
0 0.151069323726465 0.8830699540711585 0.020251943244739844 0.02474862772394104
0 0.060331307069027215 0.7455313852655094 0.023276813695090492 0.023404649011264312
0 0.4277574413990385 0.6311750462578177 0.048276813695090584 0.02515281930985207
5 0.5705502228589875 0.3326450750867098 0.023877590992986343 0.03277964901126431
0 0.19549114976005663 0.9180733847613063 0.0202519432447398 0.02474862772394104
0 0.17342398751384058 0.8255088263472175 0.020251943244739844 0.02474862772394104
0 0.36837793723698536 0.9145392033148537 0.04767603639719464 0.015777819309851893
5 0.655306240753043 0.8548100161684179 0.020552331893687815 0.029436127723941042
0 0.0026624147932805806 0.8403082897246552 0.005324829586561161 0.026311127723941043
0 0.6525026133628621 0.8985600161684179 0.02045220234403846 0.02787362772394104
0 0.5472209492617195 0.2355022773162828 0.022114831893687636 0.0295453883676025
0 0.23861009408453066 0.9127249670606087 0.02035207279438911 0.026311127723941043
0 0.3700078932816517 0.7798746262113315 0.04132590684754529 0.013778276735205175
0 0.014730107964191252 0.8381612816788838 0.0185893136950905 0.023076867080278875
0 0.3318756400424491 0.7195434135901984 0.02191457279438911 0.0264203883676025
0 0.599795522831301 0.7622508115930564 0.020552331893687815 0.029436127723940685
0 0.07870177283130098 0.7986892362542451 0.020251943244739824 0.024748627723940864
0 0.21762576805093897 0.8760826267155346 0.02035207279438911 0.026311127723940685
0 0.6646101920173473 0.806716723593771 0.02201470234403846 0.027982888367602498
0 0.129665890660758 0.9257873317950992 0.020251943244739844 0.024748627723940687
0 0.1922333467054243 0.7868615895887693 0.020151813695090493 0.023186127723940686
0 0.17137252930970598 0.9182044247380631 0.020352072794389154 0.026311127723941043
0 0.10604552283130098 0.7967771749901648 0.0218144432447398 0.0248578883676025
0 0.8865457487726076 0.814529951550143 0.039302331893687634 0.030747255447881726
0 0.36449027607050344 0.8417026368549934 0.04455103639719456 0.015559298022528622
0 0.3709789104005147 0.7525855065331625 0.04445090684754529 0.013996798022528623
0 0.368536228414542 0.8149762458895008 0.04132590684754529 0.013778276735204997
0 0.37022793877814486 0.7643042565331625 0.04132590684754529 0.013778276735204997
0 0.0015866209163886164 0.9337851381155009 0.003173241832777233 0.02474862772394104
5 0.535606207595051 0.9386219234775556 0.01702681369509058 0.022967606436617417
0 0.3693570512089311 0.7900308762113315 0.04278827729789594 0.01232503737886681
0 0.10784905228866523 0.8293165233810104 0.018589313695090492 0.023076867080278875
0 0.014287621843851878 0.7479733242535306 0.023276813695090492 0.023404649011264312
0 0.2648826974160182 0.9396645254746975 0.03986353639719455 0.01523151609154354
0 0.013030300747505746 0.9860524784605749 0.022976425046142536 0.01871714901126431
0 0.19643188850128968 0.8791201454049681 0.02035207279438911 0.026311127723940685
0 0.0018502876338122507 0.7516828322993023 0.0037005752676245013 0.01682686708027905
0 0.36928720003691184 0.8032574958895007 0.04445090684754529 0.013996798022528623
0 0.12600996453488128 0.9221542334042535 0.020251943244739844 0.024748627723940687
0 0.9079641779808032 0.5167098105846504 0.05382590684754511 0.014652361884498966
0 0.3663111967977094 0.7404679187859784 0.04445090684754529 0.013996798022528623
0 0.10248162940199104 0.8888007840246722 0.02045220234403846 0.02787362772394104
0 0.024494848089700254 0.5785513348971923 0.04898969617940051 0.01599634059717552
0 0.659831856884457 0.7720521464902488 0.02045220234403846 0.027873627723940687
0 0.36514231570690053 0.892210735245839 0.04455103639719456 0.015559298022528622
0 0.1975926727390159 0.8245965363704606 0.016826554595791875 0.019842606436617415
0 0.4927258976005883 0.8552902534310693 0.02045220234403846 0.02787362772394104
0 0.15057677283130097 0.7936632466458053 0.020352072794389154 0.026311127723940862
0 0.59902356724806 0.72575058288038 0.02045220234403846 0.027873627723940864
0 0.6205924768733825 0.9474563380761601 0.020913277297895938 0.010795388367602498
0 0.3265118098468044 0.9610207194063971 0.021814443244739756 0.0248578883676025
0 0.12498648751384059 0.8288959063007313 0.02035207279438911 0.026311127723940685
0 0.2391491170634899 0.8193573793134247 0.020151813695090493 0.023186127723940686
0 0.001054497226835443 0.8063157019774714 0.002108994453670886 0.02787362772394104
0 0.19402518661867654 0.7346271002324312 0.01848918414544114 0.021514367080279227
1 0.23647110734588242 0.6305516054282112 0.08713905459579188 0.02475933540139543
0 0.014250444176815692 0.8941927603915601 0.02523983189368778 0.029763909654926125
0 0.3636205860649661 0.9280936049240079 0.04767603639719464 0.015777819309852247
0 0.039187492294202556 0.7477876539549428 0.023276813695090492 0.023404649011264312
0 0.08034341842007926 0.7487984968979069 0.022776165946843906 0.015592149011264312
5 0.25859312462162903 0.9649923074056825 0.019951554595791877 0.020061127723940687
0 0.12719293029715506 0.9765139514732682 0.02317668414544114 0.02184214901126431
0 0.0796368098468044 0.9782839011049512 0.023376943244739802 0.02496714901126431
0 0.03505549507197973 0.9821790794493108 0.026401813695090492 0.02362317029858758