3 0.90390625 0.11328125 0.06796875 0.0921875
5 0.71640625 0.85703125 0.03125 0.08515625
5 0.753125 0.734375 0.03359375 0.09296875
0 0.5640625 0.4546875 0.0390625 0.03671875
0 0.6515625 0.76953125 0.0296875 0.0734375
0 0.5609375 0.5125 0.040625 0.03828125
5 0.4484375 0.54921875 0.04375 0.0453125
0 0.503125 0.52578125 0.0421875 0.040625
0 0.50390625 0.47578125 0.0375 0.03671875
0 0.07421875 0.80546875 0.0359375 0.0453125
0 0.515625 0.571875 0.04296875 0.03828125
0 0.36953125 0.578125 0.03984375 0.03984375
0 0.70859375 0.03203125 0.0140625 0.0640625
0 0.1546875 0.5640625 0.0328125 0.0375
0 0.68515625 0.16015625 0.01875 0.0703125
0 0.35703125 0.6625 0.03671875 0.03515625
0 0.5765625 0.55 0.03984375 0.0375
0 0.98515625 0.01484375 0.0296875 0.0296875
3 0.68359375 0.05 0.0234375 0.1
5 0.44140625 0.60234375 0.040625 0.040625
0 0.76640625 0.6265625 0.021875 0.071875
0 0.35234375 0.81875 0.03515625 0.04296875
0 0.68515625 0.95390625 0.0234375 0.06015625
5 0.71328125 0.12578125 0.01640625 0.078125
5 0.13125 0.015625 0.0375 0.03125
0 0.265625 0.1609375 0.0296875 0.06171875
0 0.30703125 0.8578125 0.04296875 0.0546875
5 0.45859375 0.90625 0.03828125 0.0578125
0 0.64765625 0.1765625 0.0203125 0.06953125
0 0.990625 0.17578125 0.01875 0.03359375