5 0.8068784367917015 0.6468982313932594 0.03897396879233561 0.02987159057054072
0 0.47723188036926645 0.6630349234925953 0.035767081637205676 0.02816354135632899
0 0.40470734791840657 0.4447793831697237 0.03272396879233561 0.02958049214211709
0 0.6419483983479479 0.4885506921038451 0.035767081637205676 0.028163541356328814
0 0.4787689676606817 0.4084373147250897 0.0325601944820761 0.026455492142117266
5 0.757083154679526 0.6531332688206468 0.035767081637205676 0.02816354135632899
0 0.9290588947299032 0.37806684057504975 0.034122694482076096 0.02652826674922295
5 0.8680881744672296 0.5297064232877075 0.042672178878243726 0.040954639784752445
0 0.0474536906368888 0.3525599197685416 0.03741146879233552 0.02979881596343468
5 0.9606065451140161 0.516782584164909 0.03897396879233561 0.029871590570540542
0 0.41077588421445366 0.3364210736164298 0.034034163274411534 0.054580492142117173
0 0.6372918758467107 0.5341906778358215 0.03264208163720568 0.028017992142117264
0 0.7504458938253921 0.3621080084815646 0.03272396879233561 0.02958049214211709
0 0.5595697518090222 0.026662987801145566 0.018818599050060315 0.05332597560229113
0 0.6650385018090222 0.023443788463099337 0.020217324739800802 0.046887576926198674
0 0.981078333896454 0.9074075841649091 0.022025486205190247 0.06337329528527036
0 0.8511230817487474 0.6393554050907424 0.03897396879233561 0.02987159057054072
0 0.5438219210763278 0.025854985836674848 0.018818599050060315 0.051709971673349696
0 0.6860857434412793 0.22492053164092835 0.017999727498762753 0.04604024607105863
5 0.955084726932936 0.202210661915168 0.021943599050060315 0.06181079528527036
0 0.6252356953865872 0.025116527400146093 0.017174211894930735 0.050233054800292186
5 0.6619909034363305 0.4077351856937043 0.03897396879233561 0.029871590570540542
0 0.9318275271353347 0.6849354247354495 0.02342421189493038 0.060321069892376046
0 0.6098973004295413 0.026414565139374395 0.0166828889641522 0.05065497146395272
0 0.646889367367426 0.08969366108659846 0.02046298620519007 0.06330052067816445
5 0.893600508817969 0.6279791033953315 0.03576043758467122 0.05777826674922295
0 0.8601262675243962 0.6467676447516603 0.03897396879233561 0.029871590570540542
0 0.5280740903436331 0.02465635887220414 0.018736711894930556 0.04931271774440828
0 0.8229715055386085 0.7597064464470713 0.018245388964152197 0.050727746071058635
0 0.9712828527796464 0.7653292460755677 0.023751760515449406 0.06657106989237604
0 0.9245306835123411 0.7698562342887435 0.016273453188503595 0.04284247146395259
0 0.5762626068519765 0.027197969192150333 0.014792840343633174 0.04433219685684686
0 0.6464113325417169 0.025406548802181555 0.01717421189493056 0.05081309760436311
0 0.4798390654675466 0.21964664247534865 0.02218926051544958 0.06649829528527036
0 0.6259184481001207 0.09301986828252753 0.020135437584671047 0.05705052067816443
0 0.593286332541717 0.025917048078310523 0.02169793758467122 0.051834096156621046
0 0.8779123903188892 0.9114294582338957 0.03526911465389233 0.04840326674922295