3 0.17726393713038585 0.898743866576076 0.08097111827193718 0.14888525025210128
0 0.3044772173219975 0.1841464989915938 0.031079581637205766 0.028638452229572973
0 0.9641885685197643 0.4736153744466208 0.032805855947465545 0.03187271287323483
0 0.4390767831282284 0.6428498736134415 0.03749335594746519 0.032200494804219916
3 0.7936358876053557 0.8250625320078597 0.06600785956550972 0.13071440445914603
0 0.3867131852098219 0.18231656519935274 0.03099769448207601 0.027075952229572976
0 0.7288010244218012 0.6053398938923588 0.03024742198083885 0.0721699309422494
0 0.8558814235627186 0.48667773918111135 0.0407821302577247 0.03554401609154336
0 0.751109793643678 0.6868958964902487 0.033044873360319825 0.06613845222957301
5 0.9084774790806425 0.4579082469747814 0.053773453188503594 0.04579310124083733
0 0.9057342593837958 0.4055644969747815 0.0376571302577247 0.03532549480421991
0 0.46004778663473134 0.08544728301626599 0.03757524310259512 0.03376299480421992
0 0.47713670510906725 0.7107586394528833 0.03790279172311415 0.040012994804219916
0 0.3733853426028813 0.9454064270838517 0.024413501809022263 0.04996714901126431
0 0.976534760288307 0.42492114833183425 0.0407821302577247 0.03554401609154336
0 0.8501504862051901 0.016811897498655016 0.021861711894930736 0.03362379499731003
0 0.7841304177969673 0.12002547074377942 0.023915534825708917 0.07017038836760259
0 0.5069393967660683 0.01188890474968477 0.03749335594746519 0.02377780949936954
0 0.7706886312737776 0.6565146278008154 0.03180992198083885 0.0722791915859112
3 0.5178436765033946 0.15589654080993612 0.10697369629109836 0.08064870248167448
0 0.9165997540682704 0.9121258534113987 0.03724105042954129 0.0570912341605581
0 0.27849556648359947 0.9002903050598942 0.03198034034363308 0.04582595222957266
0 0.27385897613996646 0.8567041960253867 0.038230340343633 0.046262994804219915
3 0.8498339829258297 0.13189740403181743 0.03854460085908258 0.11166947351689642
0 0.7867054618949305 0.02136817553280515 0.02268058344622812 0.0427363510656103
0 0.44345442390140277 0.7413420039352724 0.03798467887824373 0.04157549480421992
3 0.8169152623244719 0.06011110634900387 0.039281585255250565 0.12022221269800774
0 0.6457119696968466 0.01941754546307583 0.03131859905006031 0.03883509092615166
0 0.4708435187675916 0.9048746262113315 0.040693599050060314 0.06355975544788173
0 0.059772226932935914 0.24281593069014792 0.0436548247398008 0.060653276735205174
0 0.9965883528374471 0.4954468157804304 0.006823294325105778 0.04916947351689647