0 0.8956644703083219 0.3478890192728099 0.07751724623907634 0.03861405933798814
0 0.06492190182027249 0.6974068736503538 0.05301735141192578 0.05390717261537983
0 0.6069643685006847 0.16697551907231728 0.0805513180258309 0.035725857678314196
0 0.20356320150370336 0.5647575491655187 0.03721049498543509 0.04647318091374952
0 0.9724696965556454 0.25165171408400666 0.055060606888709174 0.03610436597668398
0 0.8056435608996949 0.18715427404669474 0.09153428213245363 0.03811715186945537
0 0.03210104163285806 0.7265149558088588 0.023284387305303113 0.050095088382282424
0 0.19845581584775288 0.6583182950163338 0.041897994985435096 0.04682837842423861
0 0.16625576662654043 0.46658108090910516 0.04203438730530311 0.05151587842423862
0 0.08206027454409923 0.559870984853153 0.04699467194503919 0.06124607593472771
0 0.4973249440483629 0.13926676139864744 0.07935253087881229 0.048107458508151166