0 0.04765625 0.165625 0.04765625 0.03828125
0 0.11171875 0.16328125 0.03671875 0.03359375
0 0.3953125 0.1765625 0.040625 0.03125
0 0.7265625 0.76171875 0.021875 0.0859375
0 0.725 0.93828125 0.02421875 0.08515625
0 0.1171875 0.27890625 0.03828125 0.0359375
0 0.17734375 0.171875 0.0390625 0.03359375
0 0.31015625 0.1140625 0.04375 0.03828125
5 0.3859375 0.30625 0.0625 0.046875
0 0.23359375 0.17265625 0.046875 0.03359375
0 0.334375 0.17734375 0.03671875 0.03359375
0 0.4984375 0.0140625 0.05078125 0.028125
0 0.58984375 0.12265625 0.05390625 0.0484375
5 0.734375 0.09765625 0.05859375 0.0375
0 0.83046875 0.3578125 0.05 0.04140625
0 0.66640625 0.29140625 0.04765625 0.034375
0 0.984375 0.19765625 0.03125 0.0359375
0 0.9546875 0.0171875 0.0375 0.034375
0 0.696875 0.7828125 0.02421875 0.0953125