0 0.0171875 0.353125 0.03359375 0.0265625
0 0.796875 0.41484375 0.034375 0.0265625
5 0.57578125 0.35234375 0.0375 0.0296875
0 0.38125 0.43359375 0.03515625 0.02734375
0 0.45546875 0.88359375 0.01484375 0.05859375
0 0.640625 0.9421875 0.01484375 0.06484375
0 0.93359375 0.0578125 0.0171875 0.065625
1 0.5140625 0.396875 0.0640625 0.0453125
0 0.54140625 0.94453125 0.0140625 0.05703125
0 0.59140625 0.93984375 0.01484375 0.05859375
0 0.5578125 0.94140625 0.01328125 0.0578125
0 0.2953125 0.56953125 0.03359375 0.02265625
0 0.47109375 0.75 0.0234375 0.075
5 0.72109375 0.31484375 0.04140625 0.03125
0 0.6078125 0.93984375 0.015625 0.06484375
0 0.43125 0.71953125 0.0140625 0.0546875
0 0.3859375 0.621875 0.03671875 0.04921875
0 0.671875 0.73984375 0.01796875 0.05
0 0.63828125 0.87109375 0.01796875 0.06328125
0 0.6203125 0.871875 0.0203125 0.065625
0 0.52265625 0.94296875 0.015625 0.06640625
0 0.57421875 0.93828125 0.01328125 0.05859375
0 0.6234375 0.94296875 0.01484375 0.0640625
0 0.6609375 0.95078125 0.01796875 0.06796875
0 0.81796875 0.3234375 0.03671875 0.03046875
0 0.859375 0.31953125 0.03671875 0.04375
0 0.89921875 0.3359375 0.01953125 0.05
5 0.90546875 0.2609375 0.02109375 0.06953125
5 0.9140625 0.0921875 0.021875 0.07890625
0 0.8828125 0.1875 0.0140625 0.065625
0 0.90625 0.17578125 0.015625 0.06484375
0 0.934375 0.19609375 0.02265625 0.065625
3 0.153125 0.93359375 0.08125 0.07578125