0 0.3663801713659799 0.165113527589923 0.025923882573423464 0.034725686364518005
0 0.3015952823450645 0.8437168886500295 0.024479781743586494 0.03616064060688373
0 0.19992419333808226 0.9509716660707745 0.022917281743586492 0.03603309484924892
0 0.37949882986019795 0.6559137418342281 0.0256870842330974 0.031600686364518
0 0.3036853815245163 0.46342361077024236 0.0256870842330974 0.031600686364518
0 0.23197875412596294 0.9740263998599172 0.025923882573423464 0.034725686364517824
0 0.19750623650353816 0.46418927212991123 0.025687084233097447 0.031600686364518
0 0.19097709105835275 0.8511949356156119 0.025687084233097447 0.03160068636451783
0 0.26476920455945896 0.21970569061658182 0.027249584233097403 0.03172823212215255
0 0.18944897323079093 0.2489310628865759 0.027249584233097444 0.03172823212215263
0 0.29881290184623344 0.8804356386500295 0.02424298340326043 0.03303564060688373
0 0.19131023900233787 0.08950826546195145 0.025805483403260433 0.03316318636451805
0 0.3385554437622895 0.5841823919840093 0.02556868506293446 0.030038186364518004
0 0.18983821430772124 0.3267849959171141 0.029048882573423463 0.03498077787978708
0 0.19345215684383285 0.12348465273485507 0.02545028589277143 0.028475686364518006
0 0.23628959105835276 0.8548937625870134 0.025805483403260433 0.03316318636451783
0 0.1879582508251926 0.20636092561367234 0.025805483403260433 0.033163186364518
0 0.3214915400187343 0.954606462287451 0.029048882573423463 0.03498077787978708
0 0.18561600744995524 0.7870846381909875 0.02556868506293446 0.03003818636451818
0 0.37918321160842894 0.4318544885002483 0.0256870842330974 0.03160068636451818
0 0.2617552228065837 0.6329390142540035 0.028930483403260522 0.03341827787978709
0 0.3386397993660113 0.5000784589534712 0.0237693867226084 0.026785640606883553
0 0.6442600694872358 0.6578739519956474 0.057433991701630306 0.020216647274843423
0 0.3374045730117207 0.7342301894086338 0.025923882573423464 0.034725686364518005
0 0.6571385777856056 0.6746468638143581 0.0527464917016303 0.01983401000193972
0 0.7301500252960945 0.6758902415443642 0.05118399170163031 0.019706464244305267
0 0.18761437010264692 0.9059462084944293 0.024006185062934414 0.029910640606883733
0 0.4005907346294384 0.7613983383504671 0.0256870842330974 0.03160068636451818
0 0.1931650464662263 0.29325501879593135 0.022088487552445368 0.025095594849248927
0 0.19330641781827304 0.9894287750048492 0.021354781743586536 0.021142449990301772
0 0.3406335489418041 0.8783468512273448 0.0256870842330974 0.03160068636451783
0 0.13364003296976446 0.7364630137949615 0.04420028589277143 0.030006235456132478
0 0.7306711661678879 0.6586389686655468 0.05118399170163031 0.01970646424430509
0 0.339001116578162 0.8168991681968064 0.027723180913749524 0.037978232122152636
0 0.3996831205268542 0.5451515850164872 0.025923882573423464 0.034725686364518005
0 0.004841618664365378 0.6503984837891424 0.009683237328730755 0.02895391848667046
0 0.00932145880889019 0.7050062354561325 0.01864291761778038 0.023469193032477874
0 0.3722755578648737 0.8031076062283145 0.032410680913749525 0.03836086939505634
1 0.6737457373287308 0.6940823900271553 0.09552598755244546 0.031090245458072197
1 0.8543804306900349 0.696250152155127 0.11931868506293455 0.0376909318225902
0 0.7610564831795459 0.6933486795758721 0.050947193361304245 0.016581464244305087