0 0.6298357434412793 0.21314667607544555 0.02334896879233561 0.02965464901126431
0 0.5767749412027158 0.11335412570712844 0.0231851944820761 0.02652964901126431
0 0.7024178296010408 0.35626860936348353 0.024911468792335613 0.029763909654926035
0 0.6804997274987628 0.007559542739135006 0.025157130257724702 0.015119085478270011
0 0.7367585300760107 0.3232868645592636 0.024911468792335613 0.029763909654925945
0 0.6860580879687838 0.1488385216162996 0.02655585594746519 0.03143567029858776
0 0.5838924796464694 0.27908838635079014 0.024829581637205854 0.028201409654925947
0 0.30866226481086273 0.5931608660718728 0.056986984396167804 0.017995883171822415
0 0.8199837036387292 0.8639939920311029 0.025075243102595124 0.03288890965492612
0 0.5955127323600028 0.3511983331324815 0.024829581637205677 0.028201409654926034
0 0.5703877431025951 0.003961790267295731 0.025075243102595124 0.007923580534591463
0 0.7499048247398008 0.011823748739492268 0.026801517412854636 0.023647497478984536
0 0.5864054845077094 0.6262747427874075 0.023103307326946165 0.02496714901126431
0 0.818932458727112 0.7840879707437793 0.026719630257724704 0.03456067029858776
0 0.7630267017181653 0.16619563039870547 0.024911468792335613 0.029763909654926035
0 0.6193374932141367 0.641222399592342 0.019896420171816587 0.023186127723940686
0 0.8113855523501051 0.6999314920311029 0.02836401741285428 0.03623243094224939
0 0.7337320273624772 0.25057598423743277 0.024829581637205677 0.028201409654926034
0 0.38262206524040404 0.6428770067852639 0.056986984396167804 0.017995883171822415
4 0.593998899252459 0.5018538969944519 0.03049972749876275 0.04727919158591121
5 0.7177341338757695 0.07997390713391057 0.028282130257724702 0.03466993094224948
0 0.762378248529662 0.12389886975504374 0.024911468792335613 0.029763909654926035
0 0.7637570420617983 0.2100548910423672 0.0247476944820761 0.026638909654926036
0 0.8340174689038772 0.6230740610888534 0.03773901741285464 0.03688799480421991
0 0.7145294052453528 0.4377535561451749 0.024665807326946166 0.025076409654926125
5 0.7665035837849123 0.24750026072053632 0.025075243102595124 0.03288890965492604
0 0.9785105998410002 0.5364213770445108 0.0429788003179997 0.017995883171822415
0 0.5867508067611193 0.1840108331324815 0.022032130257724703 0.03423288836760259