0 0.4562897609694092 0.5548763556478394 0.027817465153609788 0.03763970234403846
0 0.3654390385594054 0.3524207865540781 0.03094246515360961 0.03783996144333708
0 0.46143610715587774 0.6798262908730147 0.03406746515360979 0.03804022054263569
0 0.3894891852861788 0.7047948149317081 0.0309424651536097 0.03783996144333699
0 0.4175000794810636 0.5651920943890725 0.030942465153609787 0.037839961443337164
0 0.41652287812245187 0.42509802051494905 0.03261409255827132 0.041065090992986344
0 0.47791915807470076 0.053154366906606375 0.030887901451278843 0.0362774614433371
0 0.4550099700477512 0.33885083744924216 0.027708337748947896 0.03451470234403846
0 0.45895837086605784 0.2501190044758202 0.027708337748947896 0.03451470234403846
0 0.3907565633238127 0.8307763240310069 0.030887901451278843 0.03627746144333699
0 0.33111863537884606 0.6028305991694344 0.03584821996293312 0.04439035009228505
0 0.9672297004939713 0.5110963633628621 0.0655405990120574 0.02461807063492074
0 0.3235714862898199 0.40913066394425907 0.0293799651536097 0.03773983189368781
0 0.5876861270261436 0.8197225007751925 0.0261458377489479 0.034414572794388934
5 0.37328376569391464 0.2407323149317082 0.054017866604888456 0.07361677513842757
0 0.9617982057045988 0.6133097054355826 0.06789682813030104 0.02461807063492074
0 0.9643205157787327 0.52858425201181 0.06477182813030105 0.024417811535622214
0 0.9608334172300115 0.563259640660758 0.06164682813030105 0.02421755243632351
0 0.06278781994723467 0.9011224090070137 0.061537700725639424 0.021092552436323332
0 0.43217273700761005 0.8508292057401246 0.034176592558271324 0.041165220542635696
0 0.9597892724021545 0.5782035202104072 0.06482639183263217 0.025980311535622035
0 0.21129724181693352 0.8712475370155033 0.05216270072563942 0.020491775138427926
0 0.9684784592055689 0.4930274838132128 0.0630430815888623 0.024417811535622037
0 0.7755357795737308 0.4365433536452546 0.07425595553496293 0.02814358883351815
5 0.3768031576113646 0.5881580274547794 0.053963302902557686 0.07205427513842758
5 0.28306311441227183 0.8635165777316345 0.0840674651536096 0.041244366131414266
5 0.323236702709374 0.6910315060169797 0.042261911069925696 0.04947836829088246
0 0.3343775885515562 0.7858433582687331 0.03272321996293313 0.04419009099298634
0 0.9593974028020412 0.5445597054355826 0.05377976442797028 0.022154404688076924
0 0.963514473127794 0.5951907611111087 0.06638889183263216 0.02608044108527139
0 0.9673772780337092 0.6323403076873361 0.06524544393258154 0.026380829734219447
0 0.8911583234906135 0.608440535169802 0.06795139183263217 0.02618057063492074
0 0.8929291546161398 0.5918840908453282 0.06956845553496294 0.027843200184570094
0 0.759191560876742 0.6411702968899944 0.05210813702330856 0.01892927513842757
0 0.4824306865521232 0.9447003192506449 0.03579365626060227 0.04282785009228505