2 0.3306818525575239 0.09958340612487895 0.08863629488495217 0.19582156010845858
0 0.4244802868899204 0.4946737132082754 0.03457498789975162 0.03457498789975162
0 0.06644455221162267 0.6652528161585828 0.031395445745273864 0.02518180718159222
5 0.5740262898167867 0.43929184250037895 0.04717498184962743 0.05183521077238851
0 0.11279685656454463 0.7553692769309713 0.04080680718159235 0.031486349336070064
0 0.09432411251647296 0.707603942622016 0.03767271682251274 0.02990566861791084
3 0.09504887958669109 0.04586701190385668 0.056777240826617836 0.09095225292686623
0 0.008941645301176786 0.9703806776930971 0.017883290602353573 0.031386355386194255
0 0.6452927566392994 0.41001795383850154 0.04084316861791084 0.03773634933607006
0 0.42711038320092837 0.4454685987468949 0.0298693071815924 0.0314227168225127
0 0.04587752215739336 0.7088846414905478 0.031395445745273885 0.02518180718159222
5 0.021949663647941133 0.6587437409248137 0.03922612646343312 0.028352258976990542
0 0.28198669721821185 0.9493288760706496 0.017560204722264317 0.0641624939498758
5 0.09195867838046819 0.44273746672431696 0.04247839149054777 0.05024543969514959
0 0.6603627238545956 0.6398009026088375 0.03773634933607006 0.04084316861791084
0 0.49964845853289336 0.4662038004440971 0.04240566861791084 0.03774543969514958
0 0.3464496938985621 0.7465720356133743 0.01762383723582168 0.0750999939498758
0 0.43119337432213384 0.5494021198241337 0.0314408975406721 0.032994307181592394
5 0.22914610275391561 0.2286845779642436 0.03633747579950315 0.06895907825883123
5 0.28180995609700643 0.8454180808911099 0.017560204722264317 0.0641624939498758
0 0.23772972063314174 0.49905616529826113 0.019131795081344015 0.06573408430895533
0 0.6536148376286051 0.1881838604543598 0.034629530054229286 0.043949987899751575
0 0.7232571127128647 0.8409548573311019 0.030069295081343837 0.0657977168225127
0 0.052672422821323304 0.749550548106406 0.04080680718159235 0.031486349336070064
3 0.3074639410698918 0.8674430718159236 0.024073825135573212 0.10951135538619425
0 0.003477961361563718 0.7008130662567786 0.006955922723127436 0.032876132513557366
5 0.853643528600301 0.987601556592417 0.0376727168225127 0.024796886815165918
0 0.696801756246516 0.15093384532904933 0.036228391490547726 0.05020907825883123
5 0.5478966236347628 0.09615946603694583 0.042551114363184796 0.06274543969514967
3 0.20749121214713062 0.862173788834828 0.030360186571891747 0.11579771682251269
3 0.08233667604277714 0.8880090601084586 0.11178290339440447 0.1459579154946528