3 0.942416728964778 0.2085284639736087 0.11516654207044397 0.0848871285298145
5 0.37549411490971757 0.9433996251646022 0.040231516091543365 0.04015363855894449
0 0.2909673875344233 0.559686203219563 0.032200494804219916 0.036801318025830906
3 0.8231507288879035 0.8449336622451138 0.09691855866619044 0.04804034639736088
5 0.4315755980618695 0.6861841702291795 0.062215776735204995 0.04235263605166182
0 0.24305014951546738 0.1754786877801568 0.032419016091543365 0.03992631802583095
0 0.37501569753799596 0.22297947657652797 0.032200494804219916 0.036801318025830906
0 0.31250852380833893 0.7450925058059877 0.03532549480421991 0.036892246239076346
3 0.2845813576971251 0.3903140775927424 0.050666271539425004 0.07788095909205772
5 0.36318586700340455 0.778533143111291 0.04368429802252862 0.04493206677218975
0 0.2473773805739324 0.08126568652651558 0.03398151609154336 0.03997178213245363
0 0.2896898387555901 0.2961238083924125 0.02863845222957302 0.030460389812585566
0 0.3781449594421654 0.5910702470304992 0.03554401609154336 0.04001724623907634
5 0.5360602743125421 0.8981733563599837 0.04379355866619043 0.04649456677218957
0 0.7046642647541611 0.4438592440609982 0.03532549480421991 0.036892246239076346
0 0.3792925601787996 0.4959850675636125 0.032091234160558105 0.03523881802583091
5 0.3740755464330447 0.3656299778301692 0.03420003737886681 0.043096782132453625
0 0.3659799151028077 0.07146244068315069 0.03732503737886681 0.043187710345698974
0 0.4830445349562037 0.8981900767348125 0.04357503737886681 0.04336956677218993
0 0.2442462987788332 0.27063206340697743 0.032419016091543365 0.03992631802583091
0 0.29414130003934097 0.638524257059629 0.03554401609154336 0.04001724623907634
0 0.7740205521330279 0.48797896859246226 0.038450494804219915 0.03698317445232178
4 0.6812913747970747 0.7339924990755632 0.10941855866619044 0.04840405925034226
0 0.8029760786161315 0.4560757507249158 0.04324725544788137 0.03868206677218975
5 0.5791000801287407 0.8892901013454189 0.04212179802252862 0.04488660266556721
0 0.6762268163829859 0.761912910595761 0.0722791915859112 0.03017088479802066
0 0.3749503595387105 0.15514711889639604 0.03409077673520518 0.04153428213245362
0 0.8885857966851463 0.45388877658916327 0.05105975544788173 0.038909387305303154
5 0.22282403889147612 0.4883136569013445 0.04368429802252862 0.04493206677218957
5 0.3300845178562542 0.5616040558851301 0.030637994804219915 0.036755853919208194
0 0.3309700386393746 0.4181723046314888 0.03398151609154336 0.03997178213245363
0 0.9555437037421821 0.4971590549606931 0.05105975544788137 0.038909387305303154
0 0.4993140271625336 0.952460039587794 0.040340776735204996 0.041716138558944495
0 0.07667030473091795 0.44975595909205773 0.03387225544788164 0.03840928213245363
0 0.5488223542660557 0.9468836409997199 0.03198197351689647 0.03367631802583091
5 0.3341707203379287 0.6646381276718847 0.03420003737886681 0.043096782132453625
0 0.913870383928127 0.30259070104148494 0.044591234160558456 0.03560253087881238
0 0.5965775212104489 0.7712902591046931 0.0629041915859112 0.029898100158284535
0 0.152681147673882 0.41064564647650315 0.03710651609154336 0.04006271034569906
0 0.19281338284284633 0.7392707516493526 0.07173288836760254 0.02235838479802066
0 0.07542378704989071 0.7218211757059629 0.051420388367602564 0.021767351411925873
0 0.16089747528160725 0.5504439323698804 0.06377827673520509 0.04239810015828453
0 0.36271852128732346 0.013672672736462022 0.0316870425746469 0.0071592821324536204
0 0.9572215461809431 0.3093097139736087 0.045935212873234835 0.032522994985435004
3 0.9850516152386938 0.5531422819994397 0.029896769522612488 0.030034492478152687
5 0.19572521539425017 0.7697622337026641 0.0818727128732347 0.033568669437756785
3 0.23147278319149295 0.37785353002088257 0.05524451089576328 0.07645485141192587