3 0.7753057374180983 0.07382262407124118 0.07293075973923244 0.14764524814248237
0 0.15661915624464515 0.775372373449814 0.03958069724005649 0.031506865177646406
0 0.5874094602224047 0.6841564445850444 0.03640115016215582 0.028236315963434677
3 0.7289234354689336 0.2358002196064351 0.04546823295387128 0.10047518899896399
0 0.10837475080748363 0.609514087055884 0.03958069724005649 0.031506865177646406
3 0.971144140217757 0.39245251820147425 0.05771171956448597 0.060796258891340126
5 0.6606740417995997 0.3124761896226458 0.04028980925276535 0.0721318651776464
0 0.2206196063273707 0.5448629280407092 0.04276024431795715 0.03477741439185813
0 0.41666494317957137 0.30898527833115946 0.03651024431795715 0.034486315963434676
0 0.7291390385498934 0.7408879799455172 0.02291139448011279 0.06039384449948208
5 0.2590174533225459 0.7737306366843804 0.047447744317957154 0.03499573821317572
0 0.8421590101396792 0.8998198701445543 0.018332988635914305 0.06642552067816432
0 0.7280929614402207 0.6361640926419645 0.03064207386326192 0.05607021753501122
0 0.7882936704481047 0.9046743440897064 0.018278441558013548 0.06330052067816468
0 0.7398939374975285 0.32676982196379994 0.02940685633066593 0.07474744292790544
0 0.4521972942352316 0.23930632506417188 0.03661933847375849 0.040736315963434674
5 0.9175491534052714 0.5155304532714968 0.04276024431795733 0.03477741439185813
0 0.8353987211794532 0.781288193965872 0.021621629869616042 0.07594606989237604
0 0.41885296022569996 0.21036584181339485 0.03661933847375849 0.040736315963434765
0 0.808855586438573 0.8732231368937775 0.018332988635914305 0.06642552067816468
0 0.6229479452081662 0.3908580548002922 0.03376707386326174 0.05621576674922295
3 0.1467170872559425 0.07370071153915526 0.0695057508107789 0.13594180810555187
0 0.7840953197994815 0.7985335060003653 0.02164890340856651 0.07750856989237605
0 0.45758341273746694 0.8614360361890423 0.036428423701106105 0.02979881596343468
0 0.8047254196373258 0.7709885488044361 0.02016822402541756 0.08212329528527018
0 0.7874948295387142 0.9484971186968123 0.015843188311602675 0.013227746071058633
0 0.37305881371369687 0.5432361538478881 0.038018197240056485 0.03143409057054072
0 0.7585700251605081 0.23207375207142383 0.03883640340856651 0.07830909057054054
0 0.7097933802733581 0.34928267680236413 0.02948867694751698 0.07943494292790546
0 0.25660060186643907 0.052945101738192314 0.036782979707460584 0.050111315963434724
0 0.5088107219902323 0.929419748761655 0.041225017856907444 0.03626713978475209
5 0.703491976454459 0.9289530601769757 0.019895488635914303 0.06649829528527036