3 0.19432692148229475 0.8827133293962455 0.07401106909549378 0.12411211179556503
0 0.07634000408288592 0.21655507213985134 0.036798369395056166 0.030887901451278843
5 0.5189432527057601 0.5916270602437699 0.05589905575957417 0.05492560217691818
0 0.12394845665826144 0.22840279691210785 0.04512105242559432 0.037410719962933034
0 0.3880756321027559 0.5055754544386545 0.0422511439408634 0.04042659255827132
0 0.08579488135384987 0.2638938636096636 0.036798369395056166 0.030887901451278843
5 0.160477693153164 0.769494077582147 0.05232751666989945 0.08751984736759474
0 0.377026690737268 0.5545486677781657 0.03730855242559432 0.03713790145127867
0 0.40790964210469555 0.4545585914619631 0.03899859818322895 0.03875496515360979
5 0.04067369999030167 0.2599677662420688 0.04681109818322884 0.03902778366526398
0 0.21747621861705513 0.522338824586922 0.034374742124092174 0.07754464664195541
5 0.16414431134027221 0.6285962590704927 0.052710153942803026 0.09220734736759476
0 0.5798171087648967 0.632926672039335 0.04888378121376711 0.04533234736759475
3 0.07386832151138974 0.10286459437236992 0.061351830305381404 0.06446429328391083
0 0.1360837289088589 0.8187847494518458 0.042856921820650484 0.06693452885594056
0 0.4557256466466235 0.5502456028947085 0.05070137272903601 0.048511911069925695
0 0.18307081496411617 0.9630183882892529 0.0322384151526907 0.03228671034428636
0 0.16862541981530482 0.8904340601589518 0.03427914727484325 0.05728671034428601
0 0.09280989802374931 0.17795636360966363 0.04512105242559432 0.037410719962933124
0 0.15245596499321118 0.18630706614940157 0.04993609818322886 0.039136911069925694
0 0.7709828243863277 0.22984385597475132 0.042856921820650484 0.06693452885594056
0 0.029401231204068658 0.21569941106992566 0.022990960910325244 0.033521828130301135
0 0.5599041240576703 0.9056647675928311 0.05146664727484342 0.05788691106992587
0 0.5287655654231582 0.855218334290387 0.047959010001939716 0.053090283665263624
5 0.931393779087735 0.11714050324967892 0.05070137272903601 0.048511911069925695
5 0.40233086905670046 0.9260169292109112 0.05640923879011232 0.06117560217691818
0 0.20314226483373163 0.40039933720079385 0.03568215060882318 0.07447421034428636