3 0.29287547240385986 0.17058421195344003 0.06004893019392785 0.13081766046291676
0 0.42192244967898374 0.5142892084387833 0.04448638555165925 0.044225188998963993
5 0.050287183039892235 0.6073180403228716 0.04593979139585782 0.03804796360606986
0 0.43618554708119606 0.4574206242783836 0.04604888555165907 0.04429796360606986
5 0.09857863271558068 0.6581506401990371 0.04435001785690749 0.036412688998963993
0 0.48540825122111125 0.49962308685099616 0.04286933847375849 0.04102741439185813
0 0.4925270503276068 0.4048371257261256 0.047638659090609534 0.04593323821317572
0 0.42592988555495453 0.4188675465281245 0.04604888555165907 0.04429796360606986
0 0.493298617698047 0.45007685111901974 0.04607615909060954 0.04586046360606986
0 0.15985527760273072 0.7700470186112499 0.024555715096963925 0.06515411910658778
0 0.16625350771722833 0.8954280082721677 0.026254582791715643 0.0730393937136938
5 0.08842633685549599 0.7031185378416722 0.03645569724005644 0.03136131596343468
0 0.6715682991130862 0.8359843101769757 0.04023526217486477 0.0690068651776464
0 0.6870385296280302 0.17330237365921103 0.04300570616851011 0.04883991439185813
0 0.04559395455024769 0.6973073395370832 0.04278751785690747 0.03633991439185813
3 0.3927369249189221 0.004548297147297112 0.03640115016215582 0.009096594294594224
0 0.7368572974849378 0.1366349735353765 0.04785684740221221 0.05843323821317572
5 0.5950476728903272 0.07688760008556247 0.04643071509696384 0.06617296360606986
0 0.21133950568533813 0.5038012803980741 0.026172762174864594 0.06835189371369381
0 0.21818774919251638 0.6034010200589919 0.02471935633066593 0.07452911910658777