2 0.6473949734264329 0.7541203215618282 0.13573386137453217 0.1845903327832051
3 0.20915574626635441 0.9677291838135347 0.12087906603337358 0.04962333693238961
0 0.8871568362713032 0.734383548941804 0.038148453188503594 0.0449106809137497
0 0.2216170454527003 0.7714811458461707 0.06430151741285454 0.03911096680652086
0 0.5443640694242756 0.5242687234312836 0.036258404567984216 0.038542281743586496
0 0.5042436804601235 0.4771103035151961 0.050976001809022266 0.05210787427505359
0 0.8404046670039979 0.7402792740466948 0.03814845318850324 0.0449106809137497
0 0.7755742893482649 0.13182815662011826 0.069480340343633 0.04884116431701004
0 0.43460953188503293 0.39061761907696163 0.04275406603337366 0.04370337842423862
0 0.3953776927845954 0.5998751425221784 0.06503850180902235 0.05317346680652104
3 0.8249235091566532 0.834005963258814 0.06132700361804453 0.1011373701258691
0 0.5938727464934971 0.5111049499860668 0.04448034034363317 0.04694677759440182
0 0.3303745697629598 0.7663774035198406 0.07071529172311405 0.04270956348717299
0 0.5526026153312611 0.45697447965506094 0.04620661465389268 0.05019017676456468
0 0.8073631156699452 0.6635634086947106 0.06948034034363318 0.04884116431700995
0 0.42087673903026523 0.7571665016503852 0.08485967887824372 0.04533765601864026
5 0.4625198479184066 0.4292890327692718 0.04785100180902226 0.05187107593472771
0 0.49111291666531354 0.5408534948019079 0.04628850180902226 0.05175267676456467
0 0.42955902023792963 0.7282719070443255 0.07367651741285464 0.03982136182749905
0 0.17535736261772764 0.4126156313240236 0.05229284034363304 0.0475387734452168
0 0.11907306309269747 0.3862908522797295 0.06051477611928182 0.05594326929603186
5 0.04215203697341566 0.34035231286247314 0.051221663274411564 0.05679537427505377
5 0.9779490168470277 0.4174543128392513 0.04410196630594463 0.045834563487172984
5 0.12745760967705155 0.7707725960559522 0.07918288896415207 0.05580155933798814
0 0.11323797941932676 0.7389072894172564 0.06791784034363305 0.048722765146846925
3 0.2907178482570908 0.668200935263427 0.11890048620519007 0.07126153859206372
3 0.2920999638154945 0.7394722840186716 0.17571705223856354 0.11603050954776961
3 0.7428004059227213 0.8833682684476173 0.06157930913596861 0.07625576929603213