0 0.5416331428093393 0.27890625 0.05229284034363317 0.04375
0 0.5292327193581624 0.17265625 0.049004066033373664 0.040625
0 0.2326953182966811 0.7625 0.0502257293077852 0.09375
0 0.5900031230216356 0.1609375 0.04423467887824373 0.0390625
0 0.18398217435568803 0.08203125 0.04332727611928187 0.0515625
0 0.1263733129811558 0.25703125 0.07053822930778511 0.09375
0 0.09194300203616493 0.37734375 0.058044873360319826 0.0640625
0 0.007736177635048374 0.446875 0.015472355270096747 0.053125
0 0.1320213681603955 0.50703125 0.06059001922187686 0.0828125
0 0.18961146087887776 0.615625 0.055077003618044615 0.096875
0 0.23516189902937573 0.76015625 0.05154256784239593 0.0890625