0 0.6513600402288585 0.0525862344895343 0.022279191585911205 0.029545388367602565
0 0.3222074078133406 0.24046755480779253 0.022169930942249484 0.027982888367602588
0 0.7065281414696957 0.10054313324869706 0.021951409654926125 0.02485788836760259
0 0.8923235298372983 0.10796287729661232 0.022169930942249748 0.027982888367602588
0 0.43047763778652487 0.5987392406937205 0.02216993094224957 0.027982888367602498
0 0.9816756069408203 0.09464914028606256 0.02529493094224975 0.028201409654926034
0 0.4620118610513197 0.5557105065331625 0.02238845222957302 0.031107888367602497
0 0.7602212240210996 0.1274062820078598 0.023732430942249395 0.028092149011264268
0 0.9598227502521016 0.010389975775071458 0.02529493094224975 0.020779951550142915
0 0.6439956544591459 0.014632766420519508 0.025294930942249393 0.02820140965492603
0 0.6685253969175774 0.14088390998390216 0.022169930942249394 0.027982888367602588
0 0.4547131772590786 0.4737885171768241 0.02551345222957302 0.03132640965492613
0 0.6707273992633658 0.04887672644376261 0.022169930942249394 0.027982888367602553
0 0.41088032183086753 0.7563385732451244 0.023841691585911207 0.02965464901126431
0 0.3060471762506725 0.1889978899570864 0.022169930942249484 0.027982888367602588
0 0.661434162757019 0.10683669191488736 0.021951409654926125 0.02485788836760259
0 0.2953392691936365 0.14813794317539508 0.02395095222957293 0.031217149011264312
0 0.4647922896477807 0.6740616687859784 0.02562271287323483 0.03288890965492612
0 0.9498575243894166 0.06625634251563553 0.022060670298587583 0.02642038836760254
0 0.6595053120203851 0.20275012545502688 0.02184214901126431 0.023295388367602497
0 0.8705577904809599 0.1110550263078766 0.025294930942249393 0.028201409654926034
0 0.36873284654926025 0.20973672485427874 0.023950952229573018 0.031217149011264312
0 0.8052605724119453 0.12033147334166946 0.022060670298587583 0.026420388367602587
0 0.7818452157232263 0.03247084042194856 0.022169930942249394 0.027982888367602553
0 0.851884564114072 0.023647861457170488 0.022169930942249394 0.027982888367602553
0 0.6270973675844822 0.12101380639727641 0.021951409654926125 0.02485788836760259
0 0.9171817821830868 0.014371414423377615 0.023732430942249395 0.02809214901126429
0 0.4670539121759415 0.7288584294296403 0.02551345222957302 0.03132640965492613
0 0.6965632795851967 0.04785517582334399 0.022169930942249394 0.027982888367602564
0 0.34144372687109115 0.21243003611835914 0.022279191585911205 0.0295453883676025
0 0.7173838779760423 0.04247390713391057 0.022169930942249394 0.027982888367602553
1 0.42330609604505715 0.05832740814231675 0.03260468639013112 0.06602919158591122
0 0.6804898013767232 0.1997126067655935 0.0217328883676025 0.021732888367602586
0 0.8269938247577336 0.02695853175575825 0.022169930942249748 0.027982888367602553
0 0.3959498184766728 0.5540494535669552 0.021951409654926125 0.0248578883676025
0 0.6941427559520847 0.13673735936348352 0.02206067029858776 0.026420388367602587
0 0.715127245308423 0.1336998406740501 0.02206067029858776 0.026420388367602587
0 0.9163237585499747 0.10314433731985542 0.02373243094224975 0.028092149011264313
0 0.6626910241373152 0.013265916440189984 0.022169930942249394 0.02653183288037997
0 0.5096727369336752 0.8106658043035895 0.02551345222957302 0.03132640965492613
0 0.9388928912175942 0.012244729797957299 0.022169930942249394 0.024489459595914597
0 0.49840246514214864 0.6607204346254203 0.025622712873234654 0.03288890965492612
5 0.46216468036117175 0.6028040278204859 0.02562271287323483 0.03288890965492612
0 0.7270916497675689 0.19252853745574144 0.02184214901126431 0.023295388367602542
0 0.871415814114072 0.022282103411398795 0.022169930942249394 0.027982888367602553
0 0.5603186850527487 0.4122340221205027 0.045170388367602496 0.023371798022528624
0 0.7053259104112307 0.19562068646700573 0.0217328883676025 0.021732888367602586
0 0.7734971201823722 0.09271992557124245 0.023841691585911207 0.02965464901126431
0 0.728293880826034 0.09745098423743274 0.0186078883676025 0.021514367080279095
0 0.3338336866422327 0.11482841644019 0.043826409654926034 0.02638753737886681
0 0.4858592704541442 0.503798445269082 0.02551345222957302 0.03132640965492613
0 0.8627945669640635 0.07862493856069268 0.022060670298587583 0.02642038836760254
0 0.7616966066887189 0.03623497878955112 0.02049817029858776 0.02631112772394082
0 0.798644949631683 0.003017013279989078 0.022169930942249394 0.006034026559978156
0 0.8371225776077253 0.0819902391811113 0.023732430942249395 0.02809214901126429
0 0.8830849236527826 0.16670409276773707 0.023513909654926123 0.02496714901126431
0 0.5495461679527992 0.0785474369712088 0.04462408514929379 0.015559298022528579
0 0.9746390031020932 0.06138317221704777 0.02184214901126431 0.023295388367602542
0 0.2748960931950656 0.01347835593241426 0.022169930942249484 0.02695671186482852
0 0.6339425833077085 0.20767792607544555 0.021951409654926125 0.0248578883676025
0 0.7543868512408374 0.006527102452168798 0.022169930942249394 0.013054204904337596
0 0.8845603063204017 0.0755327895494284 0.021951409654926125 0.024857888367602544
0 0.7745354602753446 0.003863783268367521 0.021951409654926125 0.007727566536735042
0 0.5359646331718224 0.019046750833179225 0.04796760643661742 0.018902819309852055
0 0.6884176438154842 0.011973891129980669 0.022169930942249394 0.023947782259961338
0 0.6819491225281608 0.009848662417304139 0.021951409654926125 0.019697324834608277
5 0.47967887035759915 0.9430848203951328 0.02562271287323483 0.03288890965492612
0 0.7092382422063299 0.008919946946179392 0.023623170298587758 0.017839893892358783
0 0.5569105537225119 0.11650090504022362 0.04138982450563198 0.013778276735205087
0 0.7464590088020764 0.18881902940996975 0.020170388367602498 0.02162362772394082
0 0.8254638117682834 0.11734858497406693 0.02373243094224975 0.028092149011264313
0 0.6143567029858776 0.20826243412121723 0.021951409654926125 0.0248578883676025
0 0.9722184794689813 0.1502653557571873 0.021623627723941042 0.020170388367602543
0 0.5641110485267317 0.1521106231092384 0.04138982450563215 0.013778276735205087
0 0.99122289264259 0.14728246738958475 0.01755421471481995 0.01849862772394082
5 0.3423281557196537 0.404710371267653 0.05734260643661733 0.019558383171822413
0 0.8799431341802286 0.2901797975952001 0.0478583457929556 0.01734031930985207
0 0.5527640031020932 0.09088354600571621 0.044733345792955605 0.017121798022528577
0 0.615219352501345 0.3777772586268494 0.044733345792955605 0.017121798022528622
0 0.9012389799731843 0.30282190922759755 0.052655106436617416 0.01923060124083733
0 0.9086151653549092 0.0714954995726715 0.0217328883676025 0.021732888367602565
0 0.9674049293527656 0.2722878212283121 0.051092606436617415 0.019121340597175518
0 0.7422746173323806 0.03916323683532281 0.022169930942249394 0.027982888367602553
0 0.5601283888718056 0.128837014074731 0.044514824505631975 0.013996798022528577
0 0.5683122294689811 0.1785092321437458 0.04462408514929379 0.015559298022528622
0 0.03470777179152656 0.1483064600232431 0.041138452229572964 0.032419016091543365
0 0.5625649740210996 0.14122775343106928 0.044514824505631975 0.013996798022528577
0 0.7523487398605414 0.09341369426067588 0.02206067029858776 0.02642038836760254
0 0.7334023618844989 0.008045861796885512 0.022169930942249394 0.016091723593771024
0 0.5715846949401059 0.1916265911782532 0.042952324505632154 0.013887537378866855
0 0.9280371547112475 0.06856724152689982 0.021951409654926125 0.024857888367602544
0 0.5659302746415181 0.16689974278740755 0.04138982450563215 0.013778276735205087
0 0.5438535428267485 0.04204720825853229 0.044733345792955605 0.017121798022528577
0 0.17517886054711668 0.4281746404612895 0.03982732450563216 0.013669016091543362
0 0.7065984693295225 0.3148623593634835 0.03826482450563216 0.013559755447881638
0 0.9475462613999663 0.15670102605577504 0.021514367080279227 0.01860788836760254
0 0.9784634896084399 0.008344015625777579 0.012685670298587581 0.016688031251555158
5 0.860837855099235 0.34254532692829526 0.051092606436617415 0.019121340597175518
0 0.734658495308423 0.13233408262827842 0.022169930942249394 0.027982888367602543
0 0.9607457479063131 0.09846790897549598 0.022169930942249394 0.027982888367602543
0 0.6822547611478649 0.10145542322545394 0.021951409654925945 0.024857888367602544
0 0.7998410988950487 0.08773749462899294 0.022169930942249394 0.027982888367602543
0 0.8978144231485793 0.018080922469149302 0.021951409654926125 0.024857888367602554
0 0.8123950012605077 0.31217476591631643 0.051092606436617415 0.019121340597175518
0 0.4305433397639963 0.5547707194063971 0.020388909654926124 0.024748627723940864
0 0.0808497063400723 0.44890203972465537 0.0509833457929556 0.017558840597175517
0 0.6687225028499916 0.011484895152866511 0.02216993094224957 0.022969790305733023
0 0.8170285988950488 0.08653562754871387 0.020388909654926124 0.02474862772394082
0 0.9275069130091207 0.16202766442337763 0.02674817029858758 0.02674817029858776
0 0.8088493841802287 0.29515115688180904 0.044514824505632336 0.013996798022528623
0 0.8449950617682834 0.11598282692829523 0.022169930942249748 0.027982888367602543
0 0.035570057328808 0.4300863377471839 0.011920845792955614 0.014827324505632155
0 0.8076264657232262 0.030668039801529934 0.021951409654926125 0.024857888367602565
5 0.7346524135133239 0.3231065480994032 0.060467606436617416 0.01977690445914595
0 0.7819869633774378 0.12431413299659551 0.022169930942249394 0.027982888367602588
0 0.5326921677006977 0.00771771588771436 0.04953010643661741 0.01543543177542872
0 0.9055226523654589 0.1619948134346419 0.022060670298587583 0.02642038836760254
0 0.8611006630091207 0.16667124177900136 0.02474862772394104 0.020388909654926034
0 0.8348659449401058 0.17321617272125084 0.0217328883676025 0.021732888367602586