3 0.85 0.91953125 0.0703125 0.1515625
3 0.4609375 0.33671875 0.08671875 0.0453125
0 0.78046875 0.51328125 0.03359375 0.0265625
0 0.58671875 0.66875 0.034375 0.03046875
0 0.55078125 0.4390625 0.03515625 0.02734375
0 0.23671875 0.77421875 0.0296875 0.07109375
0 0.4125 0.25859375 0.02734375 0.02265625
0 0.21015625 0.8609375 0.03125 0.06328125
0 0.07890625 0.559375 0.03515625 0.03046875
0 0.55 0.7375 0.03359375 0.03515625
0 0.275 0.734375 0.028125 0.07109375
0 0.58515625 0.76640625 0.0328125 0.03671875
5 0.11796875 0.54921875 0.034375 0.0328125
0 0.753125 0.8765625 0.03671875 0.04375
0 0.5625 0.1171875 0.03203125 0.028125
0 0.2375 0.04140625 0.01484375 0.06953125
0 0.26015625 0.6671875 0.021875 0.06484375
0 0.18203125 0.171875 0.01484375 0.059375
0 0.1828125 0.1 0.01171875 0.05
0 0.56640625 0.89296875 0.03359375 0.04453125
5 0.29296875 0.63515625 0.021875 0.09375
0 0.65078125 0.9546875 0.0171875 0.0640625
0 0.58203125 0.29140625 0.0328125 0.02734375
3 0.21015625 0.1359375 0.0265625 0.15078125
0 0.73984375 0.9265625 0.03515625 0.0390625
0 0.1828125 0.015625 0.0171875 0.03125
0 0.24140625 0.165625 0.0171875 0.08046875
0 0.51328125 0.0453125 0.0359375 0.03359375
0 0.2140625 0.01171875 0.0140625 0.0234375
0 0.31875 0.03046875 0.01875 0.06015625
0 0.24609375 0.83125 0.03359375 0.07421875
0 0.16640625 0.97265625 0.0328125 0.0546875
3 0.20625 0.953125 0.05078125 0.09296875