0 0.7296875 0.48984375 0.03984375 0.0296875
0 0.64609375 0.1015625 0.0359375 0.03125
0 0.61484375 0.17578125 0.0359375 0.03125
0 0.6046875 0.03359375 0.03828125 0.03359375
0 0.515625 0.2484375 0.03359375 0.02578125
0 0.61171875 0.14140625 0.0359375 0.03125
0 0.38046875 0.91171875 0.01484375 0.06171875
0 0.8203125 0.60234375 0.03984375 0.02734375
0 0.6734375 0.4953125 0.03828125 0.0265625
0 0.57734375 0.50625 0.03515625 0.02734375
0 0.65078125 0.13203125 0.03359375 0.028125
0 0.41796875 0.07890625 0.0125 0.06640625
0 0.76875 0.60703125 0.03671875 0.02578125
0 0.91953125 0.4640625 0.040625 0.0296875
0 0.8859375 0.590625 0.0359375 0.0265625
0 0.515625 0.2859375 0.034375 0.02890625
0 0.715625 0.61015625 0.0390625 0.028125
0 0.646875 0.059375 0.03671875 0.0265625
0 0.78828125 0.48359375 0.040625 0.0296875
0 0.5140625 0.2140625 0.03125 0.02890625
0 0.63125 0.6171875 0.034375 0.02421875
0 0.60390625 0.10625 0.03515625 0.03125
0 0.4171875 0.1625 0.01328125 0.05546875
0 0.61875 0.503125 0.0359375 0.028125
0 0.5140625 0.1796875 0.02578125 0.0234375
0 0.9296875 0.58515625 0.0328125 0.0265625
0 0.98203125 0.578125 0.03515625 0.03046875
0 0.64375 0.02734375 0.03046875 0.0265625
0 0.60390625 0.00703125 0.0328125 0.0140625
0 0.55625 0.35546875 0.015625 0.06640625
0 0.5765625 0.34921875 0.0140625 0.05625
5 0.18203125 0.5734375 0.04375 0.03671875
3 0.2734375 0.1828125 0.0265625 0.12421875
5 0.415625 0.26328125 0.01796875 0.07421875
5 0.203125 0.7203125 0.0375 0.0734375
5 0.24140625 0.77890625 0.0390625 0.05546875
5 0.30078125 0.92421875 0.025 0.0859375
5 0.4375 0.84765625 0.01484375 0.0703125
0 0.4046875 0.87421875 0.01796875 0.07265625
0 0.2640625 0.015625 0.0171875 0.03046875
0 0.4609375 0.46875 0.04296875 0.06171875
0 0.59296875 0.8625 0.01875 0.08515625
0 0.65078125 0.97109375 0.0125 0.05703125
0 0.67109375 0.975 0.0140625 0.04921875
0 0.6953125 0.9765625 0.015625 0.04609375
0 0.53984375 0.625 0.0390625 0.03203125
0 0.58515625 0.6234375 0.0359375 0.0234375
0 0.8734375 0.47109375 0.03828125 0.02890625
0 0.60078125 0.353125 0.0171875 0.0625
0 0.6234375 0.34453125 0.015625 0.065625
0 0.6421875 0.35 0.015625 0.071875
0 0.66328125 0.3453125 0.01875 0.0578125