3 0.4860562260104995 0.04760507648423654 0.07632723734881744 0.09521015296847309
3 0.5268721300127266 0.05335236378393565 0.08097837468172671 0.1067047275678713
3 0.9357953333863612 0.7411824320914833 0.1284093332272775 0.09484219123481452
0 0.24643338872531548 0.41091093982069493 0.030105670671545237 0.03853481969842587
0 0.35235831409131396 0.642513671394584 0.030105670671545237 0.03853481969842587
0 0.344699260741542 0.521966725541621 0.028543170671545236 0.03839811866166656
5 0.2978146227323152 0.45803065612601906 0.03486589600572705 0.04519492280870363
0 0.34696174208304165 0.5819862745048618 0.03486589600572696 0.04519492280870363
0 0.7445265380728603 0.4721275101312514 0.03949885200509051 0.04091752591898139
5 0.9073050646880898 0.078594249198011 0.07387385200509086 0.04392494872768504
5 0.35612875143217726 0.6977090193210655 0.03170453333863606 0.04179652073518518
0 0.4374187313414996 0.021948310225787873 0.037954533338636055 0.04234332488222215
0 0.2916731633911337 0.40069660975467647 0.03326703333863605 0.04193322177194432
0 0.6794015247453601 0.5208377036751403 0.03637385200509051 0.04064412384546294
5 0.33834871606458794 0.4466639291702784 0.03486589600572705 0.04519492280870363
0 0.37068324212281256 0.8731779110269915 0.03486589600572696 0.04519492280870381
0 0.6326783293682257 0.20194073218601974 0.06905908267027243 0.03257734561740726
0 0.7761674367440874 0.5029872393960663 0.04262385200509069 0.041190927992499834
3 0.09971128803308939 0.2352745357209261 0.14266021467218157 0.05306479434509228
0 0.7864391286998622 0.17597568006523298 0.07071248933799978 0.04052654665416653
0 0.42165791868236296 0.07885242111176008 0.04115225867281787 0.04886672695574066
0 0.34091009472467915 0.3979530270967599 0.03168635200509069 0.040234020735185186
0 0.13035549741404173 0.5837318680960187 0.03482953333863614 0.04206992280870363
0 0.05019528274186018 0.5500786209707409 0.03323067067154524 0.03880822177194432
0 0.06813511871417963 0.3443952574928705 0.0642988573360908 0.0259172425071295
0 0.45567093403881637 0.2463625498581953 0.07054885733609062 0.026464046654166573
0 0.14690446137013466 0.2585172546181484 0.054905676002545346 0.02353453628657398
5 0.5152641100413617 0.25991791046134355 0.0768352200031817 0.030135850801203557
3 0.9722402686982713 0.3964270066908815 0.05551946260345737 0.036581340433610963
0 0.4061163767106798 0.28901823303449153 0.07056703866963616 0.028026546654166574
0 0.2497027447087708 0.28862583671041714 0.06431703866963626 0.0274797425071295
0 0.22891807737904335 0.3170338007066671 0.07058522000318171 0.029589046654166572
5 0.976165794716725 0.2837219551357426 0.04244203866963616 0.025565927992499925
0 0.7938334580283168 0.1393546748814367 0.07381930800445424 0.03923744872768502
0 0.00791468670431645 0.2769336468897222 0.009611357336090785 0.02113270622055552
0 0.9388957980983136 0.6428132826098629 0.0425511266709087 0.034940927992499836
0 0.9674704053548627 0.07411250928277963 0.023764764003817974 0.030175515551388844
0 0.6517828653723619 0.23076906974490866 0.06909544533736352 0.03570234561740726
5 0.9780373773869975 0.3101477540989833 0.04247840133672724 0.028690927992499927
4 0.9797391406946122 0.33963020254384446 0.04052171861077554 0.030253427992499925
5 0.8854851560311804 0.1524514142310202 0.07701703333863605 0.045760850801203554