5 0.6138368036655508 0.38898812901010427 0.05497839149054791 0.052228344866803764
5 0.3994248457218328 0.4544526670333754 0.039317030054229284 0.04534167490485981
0 0.5777099687674203 0.7577407876033417 0.03145907825883114 0.03721083992388792
0 0.7006373668972674 0.40658414729889303 0.05023634933607006 0.04266234387822045
0 0.5164572887366321 0.298322025246052 0.03776362041330898 0.04684050790866543
0 0.5562894867214012 0.8349744496566203 0.03618293969514959 0.043651840912470874
0 0.49337379185989005 0.22396135380123333 0.03778180113146803 0.04996550790866543
0 0.2657749909248137 0.03660463935304655 0.06269089754067192 0.03535917984777566
0 0.5414735286794873 0.9734002796946764 0.03145907825883114 0.03721083992388792
0 0.5401487979100142 0.20868386368706507 0.037727258976990544 0.04059050790866543
0 0.7078610770804807 0.8427126482874762 0.0736283975406721 0.035804848821136305
0 0.8006611345566608 0.6832514180591397 0.06736930718159222 0.033987680836358794
0 0.8664770320973328 0.7187379318993041 0.05338862041330898 0.04747717787060921
0 0.924375890508589 0.7359373607584966 0.06424430718159257 0.03386034684397003
0 0.9640600383438486 0.5758739526595507 0.07049430718159258 0.03411501482874755
0 0.8518549541330891 0.48772801243165176 0.047020445745273774 0.0269100098858317
0 0.9678743429913583 0.5596905371462311 0.06425131401728343 0.033987680836358794
0 0.7055788760706496 0.3161819817855734 0.04556703005422928 0.04559634288963732
5 0.45170444232742835 0.31130484490398475 0.039307939695149584 0.04377917490485981
0 0.49782494252382004 0.1835273547898165 0.050290891490547905 0.052037343878220545
0 0.36841469847574837 0.22589924410568196 0.05644998789975162 0.036667011862998145
0 0.22805734318775 0.13191979794628397 0.05804884933607006 0.042980678859192475
0 0.3842300751355732 0.12500524756572312 0.04545794574527395 0.026846342889637366
0 0.39643463846548566 0.07473333353527825 0.06267271682251278 0.03223417984777566
5 0.14846477107723885 0.01073586463846719 0.07505454215447771 0.012431015817330793