0 0.8016308465945488 0.5547549431239261 0.034720445337363515 0.03068771034569906
0 0.8587888185869128 0.6126871150689654 0.036301126670909054 0.032295674452321774
0 0.22983547322568673 0.7999247583132701 0.02999658267027261 0.02742631802583091
5 0.10479856321614175 0.8666228618367672 0.04098862667090888 0.032432066772189926
0 0.22303094255255074 0.8473991518867795 0.03470226400381797 0.029125210345699058
0 0.0671531125477782 0.8780317232778228 0.031577264003818016 0.029034282132453626
0 0.807089958585322 0.6229055495504168 0.03315794533736351 0.030642246239076344
0 0.1470496978835508 0.8623816427155795 0.033139764003817976 0.029079746239076342
0 0.5415216919557747 0.3416482232113157 0.022511346674090583 0.055323997492717505
0 0.7103507712444587 0.675578256993122 0.03315794533736351 0.030642246239076344
0 0.5013330439608654 0.302966156439126 0.022511346674090583 0.055323997492717505
0 0.515340452617775 0.3752730654520414 0.02243862133990877 0.0490739974927175
0 0.3217138905554142 0.8291696406040086 0.03312158267027261 0.027517246239076344
0 0.5112127425605049 0.7971707975053528 0.03317612667090888 0.03220474623907634
0 0.2754683359325486 0.5050585391920827 0.03155908267027261 0.027471782132453625
0 0.36555753393541207 0.48657897532288674 0.03630112667090888 0.032295674452321774
0 0.2707871898870507 0.8401920571387713 0.034720445337363515 0.03068771034569906
0 0.1904853559436844 0.4205267633278352 0.020857940006363318 0.047466033386094786
0 0.5012228612746845 0.4467616205457487 0.025636346674090406 0.05541492570596294
0 0.31071549260027576 0.49826898159109295 0.03155908267027261 0.027471782132453625
0 0.23923993459582144 0.529012864739761 0.024110209341181486 0.05849446159934022
0 0.18075253588482348 0.8539841210079672 0.03470226400381797 0.029125210345699058
0 0.7091946145369605 0.9764277031530559 0.017460220003181703 0.02393760517284953
0 0.10863482459423061 0.536935361836767 0.03786362667090888 0.03234113855894449
0 0.129429677275639 0.4289099131695506 0.022474984006999675 0.05219899749271768
0 0.22438709392904874 0.5293622057268454 0.02249316534054504 0.053761497492717504
0 0.293038191279457 0.4055359123116207 0.02407384667409058 0.05536946159934022
0 0.6061387226289108 0.29585600158284564 0.022474984006999675 0.0521989974927175
0 0.32210807328136604 0.39231449828414033 0.022474984006999675 0.0521989974927175
0 0.6958860925366424 0.9783850082467632 0.017460220003181703 0.02393760517284953
0 0.30794557594686606 0.40049907132453627 0.024110209341181486 0.05849446159934022
0 0.5561500026655001 0.024778971957674485 0.02207499466899989 0.017823997492717535
2 0.2897881113144554 0.14754155588513002 0.1163340720082724 0.06430184389007838
0 0.1787211526098208 0.4240920325281651 0.022456802673454224 0.0506364974927175
0 0.10984388327500269 0.433029111836767 0.024092028007636036 0.05693196159934022
0 0.07306149860759363 0.4374294553311341 0.02249316534054513 0.053761497492717504
0 0.15765467461013896 0.4211345170887588 0.024110209341181486 0.05849446159934022
5 0.14935073126195783 0.5303049286089567 0.04097044533736342 0.03086956677218975
0 0.0645575605904126 0.563787366851332 0.02407384667409056 0.05536946159934022
0 0.3431836419478206 0.3944907637235465 0.01924089600572696 0.04273306927947216
0 0.2594535319462298 0.4037771840192331 0.022511346674090583 0.055323997492717505
0 0.24690807861236613 0.40731972116625165 0.024110209341181486 0.05849446159934022