0 0.30053813630551834 0.4265219951320313 0.03946429328391084 0.0569045649348082
5 0.7355678676163788 0.64613369683961 0.04538691106992569 0.047638659090609534
5 0.5506150034585611 0.5541076582831259 0.045223219962933214 0.042951159090609536
0 0.5805034001005165 0.5254780978125446 0.037247028855940556 0.03812729139585791
5 0.4709945131620259 0.2182031603117208 0.036339293283910834 0.056850017856907444
0 0.26955594329960925 0.7994918908299603 0.027400802902557687 0.06918637662320534
0 0.29428322413928437 0.06903677759943541 0.01780754809323426 0.06277273538950338
0 0.22368054746026206 0.05621522362167587 0.019588302902557687 0.06905000892845374
5 0.09271076733837715 0.34114142289032723 0.04478671034428625 0.030451159090609536
0 0.2680480732361597 0.30606917329736427 0.033541675497895974 0.06617047077900687
0 0.37564228530972643 0.5563810446455639 0.04187996515360961 0.03664661201270878
0 0.4423312775051782 0.5247668060096498 0.03870040145127866 0.03502956493480802
0 0.5918277913001763 0.6260002491925164 0.04048115626060209 0.04130683847375849
0 0.4364557889379235 0.46943442370440136 0.04042659255827132 0.03974433847375849
0 0.017709572413928433 0.02859260430207109 0.035419144827856866 0.02875229139585782
0 0.27935255083400506 0.943764042209932 0.02562004809323426 0.06290910308425524
0 0.6208902648064883 0.8222479577966586 0.03595734736759475 0.04591251785690744
0 0.32359126742319516 0.015214122566015661 0.0184424651536097 0.030428245132031323
3 0.31911704383206496 0.14043449066780445 0.025912713972483382 0.11600682954530477
0 0.26071416743889364 0.8738197349857615 0.0306349303072194 0.07236592370110628
3 0.055642232322350806 0.9554766582798306 0.056126003628197065 0.08686480032431163
0 0.34926090081830663 0.08213106696669834 0.0212599303072194 0.07220228246740408
0 0.34719491461330476 0.186010043427748 0.021369057711881113 0.0753272824674041
0 0.7331696201482676 0.1558496160764892 0.02685516587924912 0.05356137662320544
5 0.2330108080903992 0.7728027057647685 0.03263393992586625 0.0848931972400564
5 0.8704117037208643 0.012092392251294772 0.03886409255827132 0.024184784502589544
0 0.6642211133552096 0.8558456619365739 0.040699411069925695 0.04755683847375849
5 0.512338665624795 0.9123701716758065 0.043080366604888454 0.07102161201270896
5 0.25403512542092715 0.6849890600668396 0.03392362141421188 0.07710797077900686
0 0.21864326244423574 0.6699913514626973 0.029181557711881113 0.07546365016215581
0 0.026976639933715435 0.3454119115262415 0.04182540145127883 0.03508411201270878
5 0.2903099975529293 0.16045666436891057 0.019479175497895972 0.06592500892845372