0 0.4703125 0.9841033309893057 0.053125 0.03179333802138871
0 0.02109375 0.4219977198475748 0.0421875 0.03462043969514959
0 0.540625 0.8531452642415477 0.0546875 0.044068162567786826
0 0.42734375 0.4977987132082754 0.0421875 0.04243293969514959
0 0.44609375 0.5940015475172309 0.04375 0.042442030054229286
0 0.47578125 0.4566742643397436 0.0453125 0.04401362041330899
0 0.16328125 0.34704369252382006 0.0640625 0.030060204722264318
0 0.43828125 0.4228623457218328 0.0390625 0.04241475897699054
0 0.3984375 0.7390367915653024 0.05 0.04716589149054791
0 0.565625 0.1525094599868216 0.0453125 0.03932612041330889
0 0.42421875 0.6602805324901162 0.0421875 0.04555793969514958
0 0.13046875 0.4101340449831481 0.08125 0.03797269867214013
0 0.0890625 0.3841119004675382 0.065625 0.036319295081344016
0 0.06875 0.35899372579950317 0.05625 0.02845225292686617
0 0.24609375 0.2920567315550398 0.0671875 0.030078385440423537
0 0.8609375 0.7018837878528694 0.06875 0.03789997579950324
4 0.571875 0.2595770714231401 0.09375 0.06148292154477701
0 0.3296875 0.26129306576579936 0.0671875 0.026953385440423538
5 0.38125 0.10768679761542672 0.0546875 0.047193162567786606
0 0.83515625 0.25642129692805565 0.0890625 0.03333065046753827
0 0.2015625 0.6941414063212706 0.0484375 0.04246930113146803
0 0.27890625 0.31646637909571174 0.071875 0.03010565651766246
3 0.6015625 0.023031038245652825 0.040625 0.039298849336070064
5 0.6125 0.07934467075921015 0.0328125 0.042378397540671964
5 0.65390625 0.06005431527482001 0.0359375 0.04708407825883121
0 0.1625 0.31969539734428026 0.0640625 0.030060204722264318
5 0.96015625 0.3048047756544251 0.0390625 0.022102258976990453
5 0.015625 0.3938409035907962 0.03125 0.0314318071815924
5 0.11640625 0.30145848175143153 0.0796875 0.044213608313060516
0 0.16328125 0.74469994252382 0.0578125 0.04564884328594587
5 0.0984375 0.600572692622016 0.0625 0.04723861436318479
0 0.01328125 0.47351476805217674 0.0265625 0.028279536104353475
5 0.4109375 0.03129701443793946 0.046875 0.04871021077238853
5 0.65859375 0.11867533635205887 0.0328125 0.04706589754067196
3 0.70078125 0.10720202604720855 0.040625 0.06742384933607007
5 0.72109375 0.33075770071524363 0.0734375 0.02855224687674198