3 0.11836107654364203 0.9039999330365969 0.15256247334499945 0.08858303327818291
0 0.6072690352085057 0.9087445653451404 0.03326703333863605 0.03963524431795733
3 0.5233513052594125 0.5352855202958346 0.049292022676635835 0.07428297970746059
0 0.6408996952180508 0.8378593210271834 0.03324885200509069 0.03807274431795733
3 0.8269244846435466 0.15584388758684464 0.14120680267345448 0.05245461850553061
0 0.4486534866327288 0.24211794724335176 0.036446577339272326 0.04437729139585782
0 0.23806723858214024 0.6183743043847967 0.045767033338636146 0.03985343262956
0 0.3350513265834129 0.6073083449698755 0.036392033338636144 0.03968979139585791
0 0.2611507499204582 0.5812600880700167 0.04264203333863614 0.03979888555165907
0 0.4590830039783646 0.15132930600964972 0.03637385200509069 0.03812729139585782
0 0.4438852653166826 0.1148832913991531 0.03955339600572714 0.04286933847375849
0 0.48895921861077535 0.4031003116916926 0.036428396005727136 0.04281479139585791
0 0.9469984379376392 0.4427517780097678 0.03482953333863605 0.03966251785690744
5 0.20690179129536537 0.27601920901117927 0.08646475867281786 0.046812544642268694
0 0.25332225795672925 0.3142635028426691 0.06600680800445433 0.0339579886359143
0 0.07712338462763815 0.2860954127440575 0.06920453333863612 0.040262535713814974
0 0.7920318639799555 0.13380129221322729 0.06591590133672706 0.026145488635914305
0 0.8791382285964577 0.5017370401846324 0.03324885200509087 0.03807274431795715
0 0.10388150055700504 0.8058351684261004 0.04729317067154524 0.036755706168510115
3 0.9047136773154101 0.11621259740880281 0.09731135200509086 0.03919095941492108
0 0.3330370299570474 0.3105288023562017 0.06911362667090888 0.032450035713814974
0 0.08362792329727439 0.26411131858825615 0.06288180800445434 0.033903441558013545
0 0.16828418662477468 0.3055936607154626 0.06602498933799979 0.0355204886359143
5 0.32631486262731996 0.2840890332814783 0.07536362667090887 0.03255912986961631
0 0.671137013964047 0.25307521794292825 0.06604317067154533 0.037082988635914305
4 0.027577644295047214 0.5806636189125677 0.05515528859009443 0.03535684740221221
0 0.8461188326305017 0.2515830815804902 0.06904090133672725 0.026200035713814972
5 0.4669649452578216 0.547986117698047 0.031795440006363404 0.047420470779006865
3 0.3270906392027787 0.9558140288172513 0.08370338534372675 0.07800799756436802
0 0.5439599658657335 0.9793667569031541 0.028343176002545434 0.019240923701106284
4 0.016585873965637946 0.5238778307631208 0.03317174793127589 0.03661933847375849
3 0.9466739106460919 0.13500746185714363 0.015897720003181702 0.023710235389503388
0 0.7960739266390922 0.18918822159637627 0.0565227200031817 0.02441934740221221
0 0.7888432293125465 0.13932458929112798 0.06591590133672706 0.026145488635914305
0 0.9440210779758192 0.16161087216556913 0.026780676002545432 0.019213650162155815
5 0.01576935598345531 0.26766874107154626 0.03153871196691062 0.049037517856907444