3 0.790625 0.9579469718833338 0.08125 0.08410605623333253
0 0.4390625 0.24850054312173647 0.0375 0.030560322188333357
0 0.55859375 0.26768891384704907 0.0375 0.03212282218833336
5 0.46796875 0.3397983435585768 0.04375 0.03695579255305557
0 0.42734375 0.28885278618788235 0.040625 0.033758057370694414
0 0.09453125 0.44360648926642376 0.0453125 0.043242160144236055
0 0.5640625 0.6967224504161811 0.0375 0.036810322188333446
0 0.24609375 0.7065091456109377 0.034375 0.07267508700597211
0 0.51796875 0.7573683564763546 0.0390625 0.03997168977951393
5 0.49765625 0.2623643277910074 0.040625 0.033758057370694504
0 0.11796875 0.394152003134132 0.04375 0.041643292553055565
0 0.33515625 0.3453008483082295 0.021875 0.06300914627652787
0 0.690625 0.9715432253018061 0.0328125 0.04607621941479181
5 0.171875 0.8024379350298613 0.0453125 0.08386716014423605
5 0.265625 0.8233699905006947 0.0296875 0.04756598423243048
0 0.49453125 0.30447909260864625 0.0375 0.03368532218833335
5 0.24609375 0.6057278956109376 0.034375 0.08205008700597212
0 0.36171875 0.19591909735829893 0.0234375 0.06773301386770836
5 0.60703125 0.27506630917364633 0.04375 0.033830792553055565
0 0.6984375 0.9287563132577089 0.0375 0.04774782218833344
3 0.29296875 0.5771314233463544 0.05 0.13866376291777768
0 0.546875 0.7924161569131949 0.0390625 0.04309668977951393
0 0.28515625 0.11523083539045162 0.028125 0.08971711664125004
0 0.31328125 0.2666667020317016 0.0234375 0.07085801386770836
0 0.515625 0.9166888050895837 0.0359375 0.04458645459715278
0 0.6140625 0.14476121333395886 0.0375 0.035247822188333354
0 0.18359375 0.8472419419637154 0.040625 0.06813305737069442
0 0.09921875 0.9202780920399654 0.0390625 0.05715918977951375
0 0.125 0.9450969072944446 0.0171875 0.03321254350298623
0 0.5 0.9491376291777783 0.04375 0.06508079255305574
0 0.575 0.06260202355444493 0.046875 0.040153527735416715
5 0.55 0.360457642095556 0.0421875 0.04004442496187508
5 0.35546875 0.01686737699357669 0.0265625 0.017805749050069465