0 0.2899628010884591 0.05107094180046241 0.027926592558271412 0.04138641762490736
0 0.6329291612395617 0.7501200538177303 0.04656746515360979 0.03990183006601846
0 0.6483855248492253 0.8581765615934248 0.043333337748947896 0.03650342799249984
4 0.20010179227242048 0.8010429645618979 0.06728175843752045 0.0977922425071295
0 0.39039194245775494 0.6073981457119437 0.028110131032858733 0.09124971658814811
0 0.09012410234655427 0.7073039435438888 0.04985615626060225 0.044862732139537086
0 0.40106658074700785 0.8684723467487029 0.02260417549789597 0.06740211347787053
0 0.36298861723786074 0.22413658638111045 0.031235131032858732 0.09152311866166656
0 0.7075968337422328 0.8586837009902766 0.0370833377489479 0.03595662384546259
0 0.32397334580795034 0.9894417917531942 0.02814484736759475 0.021116416493611467
0 0.327921746626257 0.9150356969842587 0.03872024881887359 0.08283162384546294
0 0.13338053982534975 0.6300866241282869 0.053963302902557644 0.07326113421305536
0 0.22010174590846673 0.45931408581546257 0.03128969473518968 0.09308561866166656