0 0.33500483918072926 0.770071841449303 0.02519998789975162 0.035102425705962934
0 0.5306157583878153 0.41275813196153377 0.02675339754067192 0.03358538981258548
0 0.5736451583643742 0.824857315189344 0.028343168617910662 0.038318353919208195
0 0.4816333577238853 0.4548152513201482 0.02519998789975162 0.035102425705962934
5 0.31645274355709235 0.26740148251552975 0.028343168617910842 0.03831835391920828
0 0.8883015142415477 0.5148695835982512 0.05789431323171641 0.0157446719450391
0 0.9466947554609491 0.34439194754658925 0.05946590359079629 0.01735263605166191
0 0.9465856711519937 0.32564194754658926 0.05944772287263689 0.014227636051661907
0 0.9399589421310367 0.3953777860263913 0.04694772287263689 0.013863923198680439
0 0.9487390444921686 0.4271589834399666 0.056322722872636885 0.014136707838416385
0 0.469205038834828 0.19888350006650699 0.025145445745273776 0.02572742570596289
0 0.7220498003459012 0.5462740109535666 0.05946590359079629 0.01735263605166182
0 0.054292590260883754 0.06483773832151749 0.06570681323171657 0.015971992478152598
0 0.7530770865484506 0.507083478821113 0.07040340359079629 0.017670884798020658
0 0.8770726018701529 0.33079010029129857 0.050072722872636886 0.013954851411925784
0 0.9488481288011241 0.44590898343996666 0.05945681323171641 0.015790136051661817
0 0.9431793909013727 0.41169310781314594 0.05945681323171641 0.015790136051661817
0 0.9414259933607007 0.3789260719197687 0.056322722872636885 0.014136707838416562
0 0.9413214542312851 0.36095732191976865 0.06257272287263689 0.014318564264907251
0 0.8764140717177277 0.3519065823446099 0.06259090359079629 0.01744356426490725
0 0.9589765868430382 0.3065282346936078 0.06727840359079629 0.017579956584775226
0 0.7448686350476401 0.3049443173009151 0.04382272287263689 0.013772994985435005
5 0.5708448068870048 0.20920958313603272 0.028334078258831143 0.036755853919208284
5 0.3803283703151131 0.09910847209068849 0.0720568071815924 0.03334134890464333
5 0.17863860528799838 0.08309834184501434 0.06885908430895542 0.020750420691397986
5 0.04894201492891879 0.08530936269469688 0.06884090359079617 0.017625420691397987
0 0.052562439498757954 0.17037468448145152 0.047020445745273885 0.026363923198680438
0 0.20751355991206685 0.2111862379258061 0.0532159035907962 0.017170779625171127
0 0.3252732316532357 0.17181619787579366 0.028343168617910842 0.03831835391920828
0 0.3125187015990064 0.1284299107287751 0.04396816861791084 0.03877299498543509
0 0.27714882816063535 0.09273410312778545 0.06573408430895541 0.020659492478152595
0 0.1952130269309713 0.11152721872547619 0.0438409035907962 0.016897994985435094
0 0.19100679508134394 0.0600783789920329 0.0610284035907962 0.01739810015828458
5 0.5297133511827818 0.7948803101747791 0.034647710772388506 0.04787521034569888