3 0.5944992660725421 0.5241065125851969 0.09505905601527206 0.11413641233702024
3 0.5793202560868597 0.6298616347441757 0.06322725334181775 0.06359094155801373
0 0.4600360961170855 0.8546452207823021 0.048910214672181596 0.04147047970746058
0 0.4891026940642698 0.46499633969486975 0.039535214672181594 0.04130683847375849
0 0.5730231607256336 0.4244610685915514 0.03797271467218159 0.0412795649348082
5 0.5154117500795418 0.5770599630716644 0.04740225867281787 0.046130706168510116
5 0.33413009933959065 0.04027084943410242 0.0364102146721816 0.04125229139585782
0 0.288318160009545 0.06529416883313745 0.0364465773392725 0.04437729139585782
0 0.5980071687619046 0.6912667390462467 0.044204533338636054 0.039826159090609534
3 0.9709670280076359 0.1291568823118389 0.058065943984728106 0.06822389448011287
0 0.32849826468013577 0.09350494358990377 0.03648294000636341 0.04750229139585782
0 0.9301447700509067 0.3588404281719236 0.06602498933799979 0.0355204886359143
0 0.8234038740451798 0.31850752882054667 0.07225680800445425 0.03406708279171564
0 0.5243947567234064 0.40890029829901203 0.041134077339272324 0.044459112012708954
5 0.799530022040089 0.28141663190480176 0.07856135200509051 0.03886367694751698
0 0.4952259720719058 0.5211508823085437 0.03477498933799979 0.034975017856907445
0 0.47055214139081547 0.41530998539279873 0.03799089600572714 0.0428420649348082
0 0.6975311700349984 0.24568941193657387 0.06438976400381798 0.029243215096963926
0 0.8960873960454979 0.3195830592593559 0.07541817067154533 0.03724662986961631
3 0.22044886000159086 0.010055064124029262 0.059647720003181706 0.020110128248058523
5 0.5402566614019514 0.49614119967898374 0.04903748400699968 0.052407979707460584
0 0.9667726133831795 0.35038700000659057 0.0613011266709087 0.032313668019063255
0 0.9530368300445435 0.31155632508766845 0.06913180800445459 0.034012535713814976
0 0.8181651274267685 0.6741399200542487 0.04889203333863605 0.039907979707460586
0 0.1518588747612684 0.6943658344165687 0.06604317067154523 0.037082988635914305
5 0.37834372334499944 0.07935094034349291 0.036464758672817864 0.04593979139585782
5 0.7151459313733163 0.28210815300812014 0.09732953333863606 0.040753459414921075
0 0.8554656801002226 0.7234989918889158 0.06309998400699968 0.05265344155801355
5 0.9123412940801782 0.574819984178278 0.06622498400699968 0.052707988635914305
5 0.5589344834102238 0.5567650539810549 0.045839758672817865 0.04610343262956