0 0.06640625 0.18671875 0.0453125 0.0359375
0 0.01328125 0.0734375 0.0265625 0.03828125
0 0.2953125 0.3046875 0.034375 0.03203125
0 0.7 0.7546875 0.02265625 0.08515625
0 0.0140625 0.01796875 0.02734375 0.03515625
5 0.83046875 0.2515625 0.0609375 0.0484375
0 0.8 0.5359375 0.03125 0.084375
0 0.93984375 0.36640625 0.0484375 0.0421875
0 0.959375 0.12578125 0.0578125 0.0390625
0 0.953125 0.0125 0.04140625 0.025
5 0.6734375 0.12734375 0.05078125 0.03515625
0 0.60546875 0.06328125 0.05 0.04375
0 0.07109375 0.01796875 0.0515625 0.0359375
0 0.1421875 0.01328125 0.0484375 0.0265625
0 0.2171875 0.01640625 0.04296875 0.03203125
0 0.325 0.19140625 0.053125 0.0375
0 0.409375 0.0796875 0.0515625 0.04296875