0 0.5309486232844653 0.23622427177160965 0.02413662252816078 0.056226689212119305
0 0.42023926031468567 0.6522305479161188 0.0331074309422494 0.02893048340326061
0 0.5744190259020259 0.5321637338042458 0.03332595222957302 0.032055483403260435
0 0.750812281097806 0.4826695288205795 0.04135697351689647 0.03577247925407558
5 0.16245352950832212 0.8406231547692403 0.03957595222957293 0.03252908008391273
0 0.6504405765224446 0.5523210232215021 0.03488845222957302 0.03217388257342364
0 0.2536255606830027 0.6169470111981548 0.036341691585911204 0.030729781743586492
0 0.125046364657616 0.8560239344382345 0.03332595222957293 0.03205548340326061
0 0.4129295048668039 0.6150857454266079 0.02987317029858776 0.02713118506293455
0 0.4386011302449562 0.723880404969733 0.03132640965492613 0.0256870842330974
0 0.7587108064956288 0.9101083672028618 0.017482430942249393 0.027746491701630304
0 0.5744144000196705 0.27377089334737104 0.022355601240837332 0.052983290041956274
0 0.4605911087055313 0.6452459194918803 0.03466993094224939 0.02904888257342364
0 0.4833787626604741 0.5555555348438641 0.03132640965492613 0.02568708423309758
0 0.35765713284284634 0.7119500126480472 0.037904191585911205 0.0308481809137497
0 0.2790565214625504 0.8121527674219321 0.036341691585911204 0.03072978174358667
0 0.1940327673520511 0.3936996879627195 0.02591764381548418 0.05947008838228225
0 0.5478572538583977 0.309555027995387 0.023699579953513704 0.049976689212119306
0 0.5033520450956624 0.706407639822886 0.03623243094224939 0.029167281743586494
0 0.15033703369569604 0.5101068605780993 0.03645095222957293 0.03229228174358667
0 0.53739390932595 0.665344009324055 0.0331074309422494 0.028930483403260432
0 0.20358662789916782 0.8335793267599204 0.03332595222957302 0.03205548340326061
0 0.34978537663866005 0.45336791804198767 0.03321669158591121 0.030492983403260433
0 0.16456378863937457 0.3990742721958169 0.02380884059717552 0.05153918921211931
0 0.31523006017879956 0.46462564937065565 0.03332595222957302 0.032055483403260435
0 0.3770187740604405 0.7866656701165801 0.03310743094224948 0.028930483403260432
0 0.4037080521330279 0.43828644708628184 0.03623243094224957 0.02916728174358667
0 0.16465589583229656 0.6362549634825287 0.02652964901126431 0.023769386722608487
0 0.1799702673520511 0.3947652804941867 0.02591764381548418 0.059470088382282425
0 0.3535327255337088 0.5968102647226396 0.03310743094224948 0.02893048340326061
0 0.3270023485660726 0.8014511431468783 0.03645095222957302 0.03229228174358667
0 0.22568160509923504 0.38580375497437747 0.023699579953513794 0.049976689212119306
0 0.7779142745646436 0.903940877575824 0.017810212873234654 0.032433991701630305
0 0.2135093870302202 0.39143844833568164 0.022355601240837332 0.052983290041956274
5 0.14002723642947207 0.6883861485454631 0.037904191585911205 0.030848180913749523
2 0.3105218727802623 0.10527396015853638 0.12144866510280768 0.06981743776222679
0 0.10510094335062206 0.5370963356829901 0.027698665102807673 0.06271348755244546
0 0.3563635225478312 0.34527107551052044 0.02413662252816078 0.056226689212119305
0 0.2800955895118947 0.4900642798694868 0.02569912252816069 0.05634508838228243
5 0.9616897969372478 0.43213304209332676 0.045935212873234835 0.03456517676456468
0 0.26536110015555653 0.4927515719860354 0.025699122528160777 0.05634508838228243
0 0.3266049667316325 0.35773610932869937 0.024245883171822413 0.057789189212119306
0 0.14285267960486717 0.4030756105780993 0.02758940445914595 0.061150987552445454
5 0.42709554769355246 0.6941220499907113 0.048153276735204996 0.04405857593472771
5 0.19448587144287996 0.501263734228453 0.04459123416055819 0.03757177759440165
0 0.342792695444309 0.35336791804198764 0.024245883171822413 0.057789189212119306
0 0.2932843683407868 0.3641879414872044 0.02413662252816069 0.056226689212119305
0 0.2807843683407868 0.3651351348485086 0.025917643815484226 0.059470088382282335
0 0.1099144934668376 0.41499619273660426 0.027152361884498967 0.05490098755244528
0 0.37845704383515466 0.34673848712823807 0.021481516091543362 0.04048329004195628
0 0.6341282536062962 0.22919117654085008 0.0272616225281606 0.05646348755244528