0 0.5625664299338433 0.27733325648952645 0.04124771287323483 0.03193183847375849
0 0.8383323463740332 0.6067612524290414 0.03645095222957266 0.03028751785690744
3 0.7088426802628194 0.9524621213449045 0.09816398441265975 0.09507575731019102
0 0.43239261087609276 0.24846614244822277 0.04135697351689629 0.03349433847375849
5 0.7746297513373823 0.39914757548152446 0.04291947351689629 0.03352161201270878
0 0.5075579577543292 0.6948519930968459 0.04157549480421992 0.03661933847375849
3 0.06825442917753868 0.4892864168012473 0.08594820767745462 0.06860572402541773
5 0.5203189457732851 0.3110127812462928 0.0445912341605581 0.03511138555165916
0 0.8243730252225958 0.4148777154974105 0.0445912341605581 0.03511138555165925
0 0.40762220381905684 0.28949056290291797 0.03656021287323465 0.03185001785690744
0 0.1853444681458894 0.7611904646899268 0.042088947033792845 0.0662795649348082
0 0.4548046623296907 0.7557252633893853 0.04335651609154336 0.03977161201270896
5 0.5116048634739828 0.2678394797041652 0.03968521287323483 0.0319045649348082
5 0.2127424844895343 0.6490313839268061 0.04140053218308672 0.0787522913958579
0 0.7210512832683675 0.39351913838773767 0.04291947351689647 0.03352161201270878
0 0.3756612816788837 0.07539110673440778 0.029261165102807674 0.06137387662320544
0 0.08741543051492098 0.8752472362002823 0.04365144703379287 0.06630683847375848
0 0.5921011106239913 0.3247810008074836 0.03332595222957302 0.030232970779006864
0 0.48013171630430396 0.5277639046230874 0.0336537341605581 0.03492047077900686
0 0.6218015021705615 0.9291605835991993 0.04568384059717552 0.05073638555165907
5 0.6600973577739997 0.3815043335991993 0.044481973516896464 0.03354888555165925
3 0.26401358749508236 0.08361093546893364 0.06259782500983527 0.15871252678536124
0 0.05543881083675186 0.8739068786518004 0.042198207677454615 0.06784206493480838
0 0.5846210184373319 0.06261223741480301 0.03332595222957302 0.030232970779006794
0 0.09435238945288334 0.4404631331160272 0.0531685586661903 0.04618525324641087
0 0.3042451035866257 0.045203000403741804 0.03169775025210146 0.07390115016215579
0 0.6028440525388786 0.9765440982096958 0.04379355866619043 0.046021612012708955
0 0.10777684301983861 0.7966000848203105 0.041761165102807675 0.061592064934808025
0 0.6109707149669217 0.14442134496328496 0.04135697351689647 0.03349433847375849
0 0.4837601888127942 0.7890832341683922 0.04201253737886681 0.04286933847375849
0 0.31350049924369533 0.22605357994904657 0.02969820767745457 0.06762387662320543
0 0.3577196648507061 0.018759277189103023 0.02206067029858776 0.025354556006354424
3 0.4408992435437121 0.339350241068251 0.09234031930985206 0.04842959172016936
0 0.4375739676416863 0.912647419233584 0.040887079953513705 0.04909206493480802
5 0.15431298943321287 0.7575199939109201 0.04786905347041022 0.08198638555165907
0 0.36246179517253696 0.018059847805954043 0.021951409654926035 0.023792056006354423
0 0.4522791399570864 0.29965649553247786 0.04135697351689647 0.03349433847375849
0 0.5480179748542787 0.36233950202529963 0.0445912341605581 0.03511138555165916
0 0.3139214803021604 0.32070756087432306 0.03126070767745457 0.06765115016215581
0 0.4147648983318343 0.9591814999967048 0.05571440445914586 0.06027502678536116
3 0.641199528324689 0.2826168202065186 0.09165190445914603 0.06090231818121907