0 0.05356600246401013 0.4931294363049095 0.04176599784053168 0.0446907387412331
0 0.4843909076135124 0.6914449113233655 0.038841256939830336 0.0476154796419344
0 0.15624971390734724 0.5163585803525284 0.04010336829088237 0.04302810919158375
0 0.14234670264858026 0.5564724406238462 0.03687823874123301 0.04126535009228505
0 0.2808503932724264 0.4409103925064593 0.0351154796419344 0.03804022054263569
0 0.19230712985419113 0.5281681654854186 0.04176599784053163 0.0446907387412331
0 0.46924557140088796 0.7488964659191573 0.038841256939830336 0.0476154796419344
0 0.1134206662513857 0.5457747725175339 0.04186612739018099 0.046253238741233105
0 0.9577831330933936 0.4155731122831279 0.06117733189368764 0.03192992288667433
0 0.318219985345147 0.4487135980897003 0.03687823874123301 0.04126535009228505
0 0.49822406770026006 0.6379997362772228 0.03864099784053181 0.0444904796419344
0 0.5573241671742364 0.8624897941122173 0.03707849784053163 0.04439035009228505
0 0.606435888335181 0.698528621225543 0.03884125693983016 0.0476154796419344
0 0.9964394131690668 0.44810620759505093 0.007121173661866464 0.027503238741233105
0 0.5940150339239592 0.7495299167220363 0.0353157387412331 0.041165220542635696
0 0.5799315499630882 0.7990688417681788 0.038841256939830336 0.0476154796419344
0 0.5251789890457749 0.5444907657345872 0.0368782387412331 0.04126535009228505
0 0.21266159777593324 0.4295909631413801 0.03169009099298643 0.033152461443336986
0 0.6262792165282409 0.6164577984311539 0.0353157387412331 0.041165220542635696
5 0.6527103971299377 0.159778199418603 0.046854016039128865 0.05124112739018098
0 0.5159634777870078 0.584304237356957 0.038540868290882456 0.0429279796419344
0 0.24826843074935515 0.4343692982742704 0.03501535009228505 0.03647772054263569
0 0.12843918722776015 0.31496606107419683 0.06752746144333707 0.03389294108527148
0 0.37043212985419116 0.5167533968253959 0.05961483189368781 0.03182979333702498
0 0.034465549040237506 0.4888622409007013 0.00845285009228507 0.03477551819859741
0 0.04571273210594452 0.52971777837763 0.025940738741233038 0.040564443244739935
0 0.4271558058231843 0.8755381115079356 0.04040375693983034 0.047715609191583755
0 0.5444527297895927 0.9064598396087105 0.0368782387412331 0.04126535009228505
0 0.5277751719545983 0.9522427089793268 0.0413654796419344 0.038440738741233105
0 0.21177212137320134 0.3300217597176075 0.06888970234403846 0.03086807063492083
0 0.9759941101144344 0.7148419270579526 0.048011779771131205 0.026441386489479513
0 0.12566104796050334 0.5041985417958654 0.03687823874123301 0.04126535009228505
0 0.9768807356543014 0.6942791031838293 0.04623852869139711 0.028104016039128866
0 0.37865564003322394 0.4981838695275 0.06908996144333716 0.03399307063492074
0 0.07443850940384045 0.5372904464839423 0.045291516039128954 0.05114099784053163
0 0.9140028547157636 0.4301455544481335 0.07720285009228504 0.0391812183831675
0 0.8759182711240328 0.6192872000369118 0.07533996144333699 0.03439358883351815
0 0.3674468321982296 0.5436162854743439 0.06440246144333717 0.03369268198597286
5 0.6980915507382806 0.23139358112772065 0.04372901603912886 0.05104086829088237
5 0.799183681367664 0.20530384562569015 0.07195414558877822 0.0544057001845701
5 0.8520070951550396 0.25839976481173654 0.07049177513842757 0.05586807063492074
5 0.9684658050572171 0.3387207156146155 0.06306838988556578 0.04310725478036197
5 0.881330057059802 0.4589109045404186 0.07544009099298635 0.035956088833518154
5 0.3139051202934672 0.34465715376522627 0.07544009099298643 0.035956088833518064
0 0.09219439928940609 0.15333694864341063 0.03607720234403846 0.028765350092285046
3 0.25384210055371037 0.19083004935400455 0.1427672933370249 0.06672402991878959
0 0.5045184307493551 0.4179480521317817 0.07497901603912886 0.0530434592838688
0 0.6472845265227036 0.5280368460871154 0.04362888648947951 0.04947836829088246
0 0.35937351634367076 0.5645295627722399 0.0708527205426357 0.037218200184570095
0 0.35974375616463794 0.5825483775470645 0.06908996144333716 0.03399307063492074
0 0.34917649598560513 0.6012680991694344 0.06596496144333708 0.03379281153562221
0 0.44153967843300335 0.830686686461793 0.046954145588778216 0.052803627390181164
0 0.6398317743632352 0.570875188159836 0.045091256939830335 0.04801599784053181
0 0.9720096259966798 0.7355048804817252 0.050039572794388934 0.028104016039129043