0 0.5529646040099947 0.33203125 0.03790241439185813 0.0421875
0 0.8855138924708396 0.47734375 0.04266268899896417 0.04375
0 0.9337137979713575 0.45546875 0.03939213978475209 0.040625
0 0.9817745006191725 0.5140625 0.03645099876165503 0.04375
0 0.11491244809519194 0.5046875 0.06061216832079959 0.0265625
0 0.481860083746115 0.1640625 0.037975188998963995 0.04375
0 0.5196127566150286 0.42109375 0.036194365177646404 0.0390625
0 0.7210190529337561 0.53515625 0.03939213978475244 0.040625
0 0.5901670434232434 0.225 0.03804796360606986 0.0453125
0 0.7541954259692855 0.54296875 0.036194365177646404 0.0390625
0 0.5318558914373821 0.38203125 0.039537688998963996 0.04375
0 0.5715112427612896 0.27734375 0.03804796360606986 0.0453125
0 0.8545357202210985 0.46640625 0.04258991439185813 0.0421875
0 0.4646940084770554 0.21484375 0.034704639784752266 0.040625
0 0.7920956863083676 0.5515625 0.034486315963434676 0.0359375
0 0.9942188426374552 0.47578125 0.011562314725089706 0.0390625
0 0.5126156240689866 0.103125 0.03790241439185813 0.0421875
0 0.6765541153825343 0.4359375 0.06388271753501122 0.0296875
0 0.8260896966474499 0.56015625 0.03277826674922295 0.0328125
0 0.9013701406088126 0.68359375 0.06849744292790554 0.028125
0 0.03153486786373358 0.47578125 0.019696069892376145 0.0203125
0 0.9004646503287222 0.44609375 0.036194365177646404 0.0390625
0 0.44976252129733696 0.26328125 0.037975188998963995 0.04375
0 0.07899410297653739 0.23671875 0.04327911910658786 0.0234375
0 0.8873676066960818 0.76875 0.0652996683207995 0.0265625
5 0.3585897892849051 0.78828125 0.04124573821317572 0.046875
0 0.6628940297743924 0.478125 0.06544521753501123 0.0296875
0 0.9762287837033338 0.4625 0.036194365177646404 0.0390625
0 0.6414854867654337 0.10234375 0.03804796360606986 0.0453125
0 0.40607464143738214 0.38203125 0.035976041356328814 0.034375
0 0.5047303494618808 0.1015625 0.0346318651776464 0.0390625
0 0.6690519844891221 0.459375 0.060684942927905536 0.028125
5 0.05857686496824945 0.58671875 0.06446491439185816 0.0421875
5 0.2208500407326471 0.7328125 0.07598461124870504 0.0546875
5 0.16744890487683625 0.6765625 0.06966183664159917 0.053125
5 0.15088418134596893 0.471875 0.07987159057054054 0.0375
0 0.7154839904849781 0.634375 0.07027826674922295 0.0328125
0 0.7861304383752822 0.7421875 0.07674659057054072 0.0375
3 0.7635320004097756 0.79375 0.1213698858558109 0.05625
0 0.9418967489620336 0.84921875 0.06410104135632863 0.034375
0 0.4667576619061496 0.946875 0.05465326674922295 0.0328125
0 0.16960629445670078 0.3203125 0.08299659057054054 0.0375
0 0.08348039578060831 0.215625 0.04513271753501129 0.0296875
0 0.08644057588823217 0.1953125 0.040081344499481995 0.021875
0 0.5287052743977089 0.54921875 0.05047518899896399 0.04375
0 0.9199081631490038 0.49453125 0.03953768899896417 0.04375
0 0.6842745700972639 0.4171875 0.06864299214211726 0.03125
0 0.6864171129013348 0.39609375 0.078163541356329 0.034375
0 0.6957728422231704 0.37890625 0.07816354135632882 0.034375
0 0.39181524234700493 0.428125 0.03968323821317572 0.046875
0 0.42434945243841815 0.33828125 0.04764128742738745 0.05
0 0.6271169257643977 0.14609375 0.05389128742738745 0.05
0 0.5270933469806813 0.06171875 0.04749573821317572 0.046875
0 0.5446596825888232 0.01953125 0.0486943651776464 0.0390625