0 0.04921875 0.37421875 0.03359375 0.02578125
0 0.8796875 0.434375 0.03046875 0.025
0 0.1359375 0.3234375 0.0328125 0.02734375
1 0.2875 0.3984375 0.084375 0.0375
0 0.6046875 0.40625 0.0296875 0.0234375
0 0.3703125 0.440625 0.0328125 0.025
0 0.05625 0.41484375 0.028125 0.0234375
0 0.190625 0.36796875 0.03203125 0.02421875
0 0.009375 0.45390625 0.01875 0.025
5 0.8921875 0.29921875 0.0265625 0.0734375
5 0.6359375 0.321875 0.0375 0.02890625
5 0.72109375 0.321875 0.03671875 0.02890625
0 0.90078125 0.22265625 0.01796875 0.05625
0 0.9359375 0.0609375 0.01328125 0.05859375
0 0.671875 0.75078125 0.0109375 0.04453125
0 0.5421875 0.95234375 0.01328125 0.05703125
0 0.88359375 0.20234375 0.0140625 0.04375
0 0.640625 0.88125 0.0140625 0.05703125
0 0.78203125 0.21171875 0.015625 0.0546875
0 0.5578125 0.95 0.0109375 0.05546875
0 0.62109375 0.88203125 0.01484375 0.05703125
0 0.6421875 0.95 0.0125 0.05625
0 0.91171875 0.1125 0.01328125 0.05234375
0 0.59296875 0.94765625 0.01328125 0.053125
0 0.6078125 0.946875 0.01171875 0.053125
0 0.46640625 0.7578125 0.015625 0.06328125
0 0.82734375 0.053125 0.0234375 0.05078125
0 0.81953125 0.33046875 0.040625 0.02734375
0 0.66328125 0.953125 0.01328125 0.05703125
5 0.91328125 0.02421875 0.0125 0.0484375
0 0.57421875 0.9484375 0.01171875 0.05390625
0 0.62421875 0.94921875 0.01484375 0.0609375
3 0.1515625 0.9421875 0.06796875 0.0890625
0 0.5234375 0.95234375 0.0140625 0.05625
0 0.9375 0.1890625 0.01796875 0.05703125