0 0.6959821574300699 0.5571497636832683 0.04805706677218975 0.04308161465389251
0 0.47371338618467596 0.8503995539360443 0.04493206677218957 0.042917840343633176
0 0.816800774281402 0.47983258989340716 0.048057066772189926 0.04308161465389251
0 0.4885511245061934 0.9034459888071819 0.04497753087881229 0.04448034034363317
0 0.5623405948145151 0.48536769617955666 0.04493206677218957 0.042917840343632996
0 0.4894436862638182 0.8191528759623117 0.04649456677218957 0.042999727498762755
0 0.42394436988733986 0.7110371607880207 0.041716138558944314 0.03962906603337366
0 0.6468687075092121 0.5293014026474203 0.04484113855894432 0.03979284034363317
0 0.8996239829777481 0.5823600463612708 0.04493206677218957 0.042917840343633176
0 0.5343339520989357 0.643627253506503 0.03141513605166182 0.06093085594746519
0 0.7683321820406761 0.4566307852799943 0.04488660266556703 0.041355340343633175
5 0.2185919094751339 0.2888666689286211 0.049755959092057725 0.04785100180902226
0 0.7229203936400163 0.435608956356322 0.048102530878812465 0.04464411465389251
0 0.43332641541413564 0.9515835956591584 0.049665030878812466 0.04472600180902227
0 0.9541667304704656 0.5576599395092943 0.04185253087881265 0.04431656603337366
0 0.4127651774883295 0.7467256772963641 0.04488660266556703 0.041355340343633175
0 0.47813045005387167 0.9398748117379604 0.04493206677218957 0.042917840343633176
0 0.5050399425320243 0.8729396172558843 0.04015363855894431 0.03954717887824373
0 0.40002348508931923 0.7824960809598374 0.035329746239076344 0.034614017412854636
0 0.9113260126029192 0.5287027798529274 0.043233174452321776 0.03814845318850324
0 0.2742589554641481 0.8421311097926525 0.03320495658477522 0.06882524310259512
0 0.6000535434817318 0.5028927108788779 0.043278638558944316 0.03971095318850324
0 0.43420591996648217 0.6800770878572422 0.0416706744523216 0.03806656603337366
0 0.8720505639357029 0.511259652308736 0.04488660266556721 0.041355340343633175
0 0.7475302855641729 0.5817502939864216 0.05127299498543501 0.04637038896415202
0 0.8618906507661522 0.645962200929255 0.049665030878812286 0.04472600180902227
0 0.10473606565156249 0.8775374225466657 0.03950042069139799 0.07071529172311415
5 0.3471441214701855 0.10661633367337071 0.0550344924781526 0.06840916327441153
0 0.2999923928485934 0.7619965524657063 0.029898100158284535 0.06241146879233561
3 0.17800138407310484 0.6919440812985215 0.06765416442319183 0.12679487336031983
0 0.2787946574300698 0.579013634102912 0.0280628155185485 0.05295458163720568
0 0.42184334613466345 0.9709068057450665 0.03625574874635866 0.01282090456798457
0 0.7847494215493278 0.053260123814605057 0.03150606426490725 0.06405585594746528
0 0.5706879553976411 0.3593407847141674 0.04479567445232178 0.038230340343633
0 0.46890020256115417 0.9622001910911739 0.04911946159934022 0.025976001809022264
0 0.45384951557242026 0.8896634497976013 0.04837531551854859 0.05401911465389268
0 0.5503310251393316 0.6568299383776406 0.03481292069139794 0.07046963025772471
0 0.5126180764721152 0.6393049236783195 0.03463106426490725 0.0642196302577247
0 0.49351873548503067 0.6254847631174414 0.03825616943775678 0.08157090456798421
0 0.5727826866595296 0.6626738246282592 0.04110838479802048 0.07235967887824372
0 0.5897201340731048 0.6703668159218319 0.04124477711788863 0.07704717887824372
0 0.8220385405787379 0.6215287669626286 0.05467077962517095 0.05590916327441153
0 0.6084236361181689 0.37608454941348846 0.049710494985435005 0.04628850180902226
0 0.6506422283588946 0.39961390264742036 0.048238923198680436 0.049331614653892505
0 0.6939449136317689 0.14460549807943607 0.03981866943775678 0.08165279172311406
0 0.805593118962903 0.06074839722035341 0.03467652837152997 0.0657821302577248
0 0.828894226643035 0.06420758989340712 0.042716348904643556 0.07400406603337355
0 0.9889990008579298 0.11120101933747781 0.013545674452321776 0.03659259724103801
5 0.44764187813410306 0.01616615332478887 0.045341243731793844 0.03233230664957774
5 0.5444821227238268 0.10719510854945709 0.041335705331134065 0.08017217887824382
5 0.2903341803248164 0.1556170776804769 0.06183006175762475 0.08748671189493056
5 0.336359453352577 0.6649234786304167 0.0394094924781526 0.06759029172311415