0 0.6390625 0.65234375 0.03359375 0.0296875
0 0.3859375 0.628125 0.0296875 0.02578125
0 0.7578125 0.5703125 0.03515625 0.03359375
0 0.07578125 0.61953125 0.03359375 0.025
0 0.871875 0.6890625 0.03515625 0.03046875
0 0.45390625 0.55 0.0390625 0.02890625
0 0.9796875 0.72421875 0.03984375 0.03203125
5 0.6890625 0.4 0.03671875 0.02890625
5 0.66875 0.56796875 0.03828125 0.028125
0 0.90390625 0.16171875 0.01328125 0.0578125
0 0.78515625 0.421875 0.04296875 0.028125
0 0.41015625 0.94921875 0.0140625 0.06015625
0 0.246875 0.76796875 0.0171875 0.0609375
0 0.42421875 0.81953125 0.01875 0.06953125
0 0.62890625 0.825 0.0125 0.05
0 0.59296875 0.953125 0.01640625 0.06796875
0 0.575 0.95546875 0.0140625 0.06953125
4 0.50625 0.66484375 0.05078125 0.03359375
5 0.5828125 0.5546875 0.0390625 0.03359375
5 0.81796875 0.471875 0.04296875 0.05703125
5 0.8828125 0.20078125 0.0203125 0.0671875
5 0.909375 0.0390625 0.0203125 0.078125
0 0.8 0.14609375 0.02890625 0.05546875
0 0.7484375 0.29921875 0.0140625 0.046875
0 0.86328125 0.39453125 0.01953125 0.065625
0 0.8484375 0.296875 0.01796875 0.04921875
0 0.903125 0.29375 0.01875 0.0625
0 0.82578125 0.41640625 0.03984375 0.04375