5 0.73984375 0.575 0.04296875 0.03203125
0 0.571875 0.428125 0.0328125 0.028125
0 0.7828125 0.421875 0.0390625 0.0265625
0 0.63125 0.5578125 0.0359375 0.028125
0 0.68828125 0.5546875 0.03203125 0.02578125
0 0.09375 0.61640625 0.034375 0.02578125
5 0.68984375 0.40078125 0.03984375 0.02890625
0 0.41015625 0.95078125 0.01484375 0.05859375
5 0.74375 0.7 0.03515625 0.0265625
5 0.9859375 0.7125 0.028125 0.0328125
0 0.3578125 0.97890625 0.0140625 0.0421875
0 0.90390625 0.16171875 0.01328125 0.0578125
0 0.93125 0.55078125 0.03515625 0.02421875
0 0.246875 0.765625 0.01875 0.0625
0 0.425 0.82265625 0.0171875 0.0671875
0 0.628125 0.82734375 0.01484375 0.0515625
0 0.5921875 0.95234375 0.01796875 0.06796875
0 0.57578125 0.95390625 0.0171875 0.06875
5 0.5890625 0.64765625 0.03984375 0.03125
0 0.74921875 0.2984375 0.01796875 0.053125
0 0.8 0.15 0.02890625 0.0484375
0 0.903125 0.296875 0.01640625 0.06328125
0 0.8265625 0.41328125 0.03828125 0.03984375
0 0.83515625 0.453125 0.03515625 0.05234375
0 0.85 0.29453125 0.01953125 0.04375
5 0.9078125 0.0375 0.02109375 0.075