0 0.01875 0.45078125 0.02890625 0.0234375
0 0.60390625 0.40546875 0.03359375 0.0265625
0 0.13828125 0.57265625 0.0296875 0.0234375
0 0.90234375 0.58671875 0.03203125 0.025
0 0.63125 0.334375 0.03203125 0.02890625
0 0.45625 0.88984375 0.01484375 0.0609375
5 0.878125 0.55703125 0.034375 0.02734375
0 0.45859375 0.96796875 0.0140625 0.05546875
0 0.54375 0.9515625 0.0140625 0.05703125
0 0.6453125 0.95 0.0125 0.05703125
0 0.5765625 0.9453125 0.015625 0.05625
0 0.89765625 0.628125 0.0359375 0.025
0 0.559375 0.9484375 0.0125 0.0515625
0 0.63671875 0.328125 0.0296875 0.0265625
0 0.49375 0.9515625 0.0140625 0.05625
0 0.625 0.9484375 0.0125 0.05859375
5 0.72890625 0.31953125 0.03984375 0.0296875
0 0.25390625 0.56484375 0.03203125 0.02578125
5 0.69765625 0.49453125 0.0453125 0.046875
5 0.34921875 0.53203125 0.04609375 0.02734375
0 0.63984375 0.87734375 0.0140625 0.06171875
0 0.6234375 0.878125 0.015625 0.06171875
0 0.67265625 0.74609375 0.0125 0.0453125
0 0.4671875 0.7578125 0.01640625 0.07421875
0 0.66328125 0.95625 0.01484375 0.0578125
0 0.609375 0.94765625 0.0140625 0.0671875
0 0.59375 0.9484375 0.01328125 0.0546875
0 0.52578125 0.94921875 0.01484375 0.059375
0 0.6546875 0.5875 0.02265625 0.04296875
5 0.7609375 0.61171875 0.03671875 0.034375
5 0.846875 0.6234375 0.03515625 0.03671875
0 0.703125 0.57734375 0.02890625 0.059375
0 0.8203125 0.32734375 0.0390625 0.03125
0 0.86328125 0.32109375 0.03984375 0.04140625
0 0.7859375 0.209375 0.01640625 0.05546875
0 0.8296875 0.0609375 0.02734375 0.046875
0 0.93515625 0.059375 0.01796875 0.0625
5 0.92109375 0.2328125 0.01953125 0.07734375