0 0.88671875 0.5703125 0.034375 0.0515625
0 0.9828125 0.0203125 0.034375 0.03125
3 0.90625 0.11953125 0.103125 0.1171875
5 0.42421875 0.56328125 0.0453125 0.04921875
3 0.7109375 0.7671875 0.03828125 0.11953125
0 0.571875 0.50390625 0.03359375 0.034375
0 0.8765625 0.2375 0.04140625 0.0328125
0 0.896875 0.284375 0.03828125 0.0296875
0 0.92578125 0.32578125 0.0296875 0.025
0 0.56640625 0.45078125 0.03125 0.03359375
0 0.6609375 0.9375 0.02890625 0.06640625
0 0.57265625 0.55234375 0.0296875 0.0296875
0 0.94453125 0.28203125 0.0296875 0.02578125
5 0.9703125 0.33125 0.0390625 0.0296875
0 0.353125 0.59453125 0.040625 0.03671875
0 0.69609375 0.91171875 0.02734375 0.0671875
0 0.4984375 0.53515625 0.04140625 0.03984375
0 0.746875 0.17734375 0.015625 0.06640625
0 0.78125 0.12265625 0.0171875 0.0640625
0 0.2625 0.1640625 0.0296875 0.06640625
0 0.309375 0.8609375 0.0390625 0.05
5 0.778125 0.446875 0.02109375 0.0859375
5 0.76484375 0.61875 0.02265625 0.08046875
0 0.734375 0.78671875 0.0234375 0.06328125
0 0.9921875 0.2890625 0.015625 0.0328125
0 0.3515625 0.8140625 0.03515625 0.04609375
5 0.134375 0.01875 0.034375 0.0375
5 0.4578125 0.90390625 0.040625 0.06015625