0 0.004540491612184743 0.8675559921980838 0.009080983224369486 0.022611984396167628
0 0.003881961459759583 0.824546298620519 0.007763922919519166 0.020967597241038048
0 0.05261735978599848 0.8959985747398008 0.02511817466803503 0.0216226944820761
0 0.2381569675098838 0.4368293718899817 0.026671584308955422 0.020142081637205676
0 0.18301845297374847 0.7801389586155703 0.023555674668035032 0.021540807326946167
0 0.00655296438662582 0.7113878793532136 0.01310592877325164 0.01965075870642714
0 0.17833497727244113 0.9135279907277457 0.02510908430895542 0.020060194482076098
0 0.008179096900183144 0.6903760165083433 0.016358193800366287 0.021377033016686652
0 0.44692797951193636 0.4172925570998037 0.02668067466803503 0.021704581637205855
0 0.08567932377984083 0.9891653985750904 0.025090903590796177 0.0169351944820761
0 0.09608660041622456 0.6778970279283041 0.026671584308955422 0.020142081637205676
0 0.27068312119887583 0.4877677521477066 0.028252265027114642 0.02334896879233561
0 0.08749180865453032 0.9462785357302202 0.02668976502711464 0.02326708163720568
0 0.13282002771653825 0.40864573891872347 0.02510908430895542 0.020060194482076098
0 0.15126900410521663 0.7300227719354103 0.02198408430895542 0.019896420171816587
0 0.1792480374790956 0.8909126843053107 0.025127265027114643 0.0231851944820761
0 0.508251298891973 0.4884958497274289 0.025145445745273953 0.0263101944820761
0 0.15232296487760516 0.6831887155129752 0.02198408430895542 0.019896420171816587
0 0.14201568219109723 0.9772695861597616 0.02510908430895542 0.020060194482076098
0 0.00557627166641404 0.7785344357756487 0.01115254333282808 0.01956887155129756
0 0.25047113602959875 0.33509977555345494 0.026671584308955422 0.020142081637205766
0 0.025562039620394928 0.30768302521477064 0.02510908430895541 0.020060194482076098
0 0.005712627052608306 0.7324406857756488 0.011425254105216612 0.021131371551297563
0 0.18140751864135193 0.3854029907277458 0.02510908430895542 0.020060194482076098
0 0.18667978415944592 0.6881152329258298 0.026671584308955422 0.020142081637205857
0 0.17506907670670707 0.9375829664174862 0.02510908430895542 0.020060194482076098
0 0.08958154948114813 0.85573542288535 0.02510908430895542 0.020060194482076098
0 0.1857439980550924 0.7146367893482648 0.02354658430895542 0.019978307326946342
0 0.0027734585328933444 0.9377866050429542 0.005546917065786689 0.02244821008590847
0 0.05938603113438381 0.672847679782755 0.028252265027114642 0.02334896879233561
0 0.05834116072107489 0.71811923620519 0.02354658430895542 0.019978307326946342
0 0.18119233256043957 0.8253695714604404 0.02354658430895542 0.019978307326946165
0 0.14489121819725487 0.8859861668924562 0.021974993949875808 0.01833392017181623
0 0.02252287715080417 0.4270914444820761 0.026671584308955408 0.020142081637205676
0 0.14659916394252873 0.8610680540475858 0.02354658430895542 0.01997830732694652
0 0.007529657106837602 0.6442413229307785 0.015059314213675203 0.019732645861557076
0 0.839883093973317 0.4402309266149363 0.028252265027114733 0.02334896879233561
0 0.543621172330344 0.45361956071784826 0.02981476502711473 0.02343085594746519
0 0.051695209220264396 0.920176381162236 0.02354658430895542 0.01997830732694652
0 0.22438535900043158 0.386092387493814 0.028243174668035033 0.021786468792335523
0 0.15287397336361627 0.3198255783578454 0.028261355386194252 0.024911468792335523
0 0.1411253478821418 0.9949888130369267 0.02037613251355732 0.0100223739261466
0 0.05378040486734241 0.8304145183173656 0.02510908430895542 0.020060194482076098
0 0.1965967022863774 0.3268059187014785 0.02823408430895542 0.020223968792335612
0 0.2428843323640478 0.6988756705105008 0.02042158430895542 0.019814533016686654
0 0.14932470902387268 0.7955658847802806 0.02511817466803503 0.0216226944820761
0 0.09217528435583763 0.8128895036180446 0.02511817466803503 0.0216226944820761
0 0.6360541120254937 0.4162634028705036 0.02668976502711473 0.023267081637205856
0 0.7575751089022356 0.3491721573930594 0.028252265027114733 0.02334896879233552
0 0.7171586662802198 0.44552153493725066 0.028252265027114733 0.02334896879233561
0 0.052885525378847185 0.8499048247398008 0.02510908430895542 0.020060194482076098
0 0.22801487392935033 0.29953741180407356 0.028243174668035033 0.021786468792335523
5 0.3419814042781672 0.4563373677061103 0.02980567466803503 0.02186835594746519
0 0.1626610220591975 0.6524709820213186 0.02198408430895542 0.019896420171816587
0 0.18484002820751758 0.7356895957706999 0.02510908430895542 0.020060194482076098
0 0.08943610373587427 0.88073542288535 0.0251090843089554 0.020060194482076098
0 0.14476395317014018 0.9078611668924562 0.02354658430895542 0.01997830732694652
0 0.05717811563973094 0.7837032926276252 0.026671584308955422 0.020142081637205857
0 0.24510081733693317 0.7208735012431955 0.018859084308955422 0.019732645861557076
0 0.08932701942691885 0.8994854228853499 0.02511817466803503 0.0216226944820761
0 0.11153940447455897 0.5739874559020368 0.012754530054229284 0.04440509724103805
0 0.09399231441006692 0.7692213907731744 0.02510908430895542 0.020060194482076098
0 0.05352587481311312 0.8741645183173656 0.02198408430895542 0.019896420171816233
0 0.24694057328886151 0.6732991383983252 0.02199317466803503 0.021458920171816588
0 0.24497355230981852 0.7427485012431955 0.02198408430895542 0.019896420171816587
0 0.005639904179971364 0.7574406857756488 0.011279808359942727 0.021131371551297563
0 0.789242744539051 0.4133508440732193 0.025118174668034853 0.0216226944820761
0 0.0959502450300303 0.7013345279283041 0.0235465843089554 0.019978307326946342
0 0.24939795277735674 0.6538907191310198 0.02198408430895542 0.019896420171816587
0 0.10364158782499684 0.3195898829712583 0.02510908430895542 0.020060194482076098
0 0.008379084799934735 0.6208447665083433 0.01675816959986947 0.019814533016686654
0 0.047407164138920446 0.9855966632744115 0.02354658430895541 0.019978307326946165
0 0.060691018543156075 0.31421298620519006 0.02510908430895542 0.02006019448207601
0 0.4631569675098838 0.4486211222286661 0.028252265027114733 0.02334896879233561
0 0.09309288974203189 0.7894929471956095 0.02354658430895542 0.019978307326946342
0 0.23468497122231696 0.899288428312417 0.022002265027114644 0.023021420171816586
0 0.33209279899016886 0.5441272947753317 0.023710210772388506 0.04810330732694616
5 0.6249711662802199 0.4406901927845954 0.03137726502711473 0.023512743102595123
0 0.055870145693960246 0.7398714054724954 0.02354658430895542 0.019978307326946342
0 0.14944742887144752 0.7744721347802805 0.02354658430895542 0.019978307326946165
0 0.050629175551797814 0.5661063568519765 0.01433521077238853 0.04761198439616763
0 0.979604124125742 0.468653576999049 0.028252265027114733 0.02334896879233561
0 0.17315205270260198 0.9965889345882243 0.02192954215447771 0.006822130823551475
0 0.050650338806955485 0.9654479375846711 0.02198408430895542 0.019896420171816587
5 0.09759157572474843 0.28488733435073926 0.0282340843089554 0.020223968792335522
0 0.14294237793637107 0.9523105297373263 0.02510908430895542 0.020060194482076098
0 0.05384612090428824 0.28181324400710617 0.026671584308955422 0.020142081637205857
0 0.7232268590986275 0.4770990835577697 0.028243174668035033 0.02178646879233561
0 0.05924513056864973 0.6970664297827549 0.02510908430895542 0.020060194482076098
0 0.1857308833973201 0.5825645957707 0.011173849336070064 0.04119821008590829
0 0.1438372574248663 0.9328202233148912 0.021974993949875808 0.018333920171816585
0 0.2479808985226306 0.62880883197589 0.02511817466803503 0.0216226944820761
0 0.19253591618202393 0.3531637008136541 0.02823408430895542 0.020223968792335522
0 0.1809105314289714 0.8738070714604405 0.02198408430895542 0.019896420171816587
0 0.09660423000291565 0.723250471505869 0.02510908430895542 0.020060194482076098
0 0.1452796419815271 0.28191614258219666 0.02668067466803503 0.021704581637205768
0 0.0508008506126163 0.8052507440071063 0.02354658430895542 0.019978307326946165
0 0.1870383324622437 0.7608124265033946 0.02354658430895542 0.019978307326946342
0 0.05651049512822617 0.7641310990500603 0.02510908430895542 0.020060194482076098
0 0.1810696127128647 0.8464633214604405 0.02511817466803503 0.0216226944820761
0 0.12704831332991243 0.05745505314307477 0.028343168617910842 0.03897396879233552
0 0.12400758821778028 0.5801113031430748 0.012754530054229284 0.04440509724103805
0 0.2130655430382405 0.5855601209854706 0.011192030054229285 0.044323210085908296
0 0.15058372375639972 0.5791596347802805 0.011173849336070064 0.04119821008590829
0 0.20135133821778028 0.5841647173219975 0.011173849336070064 0.04119821008590811
0 0.049224194193149745 0.9419285504295413 0.02198408430895541 0.019896420171816587
5 0.01880752469147614 0.3940742265942516 0.021965903590796178 0.016771420171816587
0 0.1755746333973201 0.5820323292623566 0.011182939695149673 0.042760710085908114
0 0.14906563379010357 0.8400971347802806 0.021974993949875808 0.018333920171816585
0 0.2344168056294682 0.945382178312417 0.022002265027114644 0.023021420171816586
0 0.03050250703208285 0.6674265174128545 0.012727258976990442 0.03971759724103805
0 0.0020603862259904776 0.9143081614653893 0.004120772451980955 0.02236632293077854
0 0.09491901015534081 0.7442623343507393 0.02510908430895542 0.020060194482076098
0 0.23195942614097298 0.9647905975797222 0.01572499394987581 0.018006371551297563
0 0.16229792857685993 0.5805550384437537 0.011192030054229285 0.044323210085908296
0 0.05468437471491725 0.8093617118949306 0.02354658430895542 0.019978307326946165
0 0.424690927791293 0.0753983061952925 0.01280907220870695 0.05378009724103801
0 0.22553372678146183 0.5916839682265087 0.011192030054229285 0.044323210085908296
0 0.22868898039569913 0.9896268232694627 0.01573408430895542 0.01956887155129756
0 0.08890483861056375 0.837725729307785 0.026671584308955422 0.020142081637205676
0 0.40392078455222935 0.9589544346439951 0.014353391490547906 0.050736984396167625
0 0.180390440186129 0.29157110357261606 0.026671584308955422 0.020142081637205857
0 0.07325360929501915 0.5727624706013579 0.012754530054229284 0.04440509724103805
0 0.1495883294371816 0.7502533847802806 0.0188409035907962 0.016607645861557073
0 0.10445413320092838 0.44857802012638803 0.026671584308955422 0.020142081637205676
0 0.17714466111385835 0.9837995471501809 0.025127265027114643 0.0231851944820761
0 0.0027098260193360204 0.9596616050429543 0.005419652038672041 0.02244821008590847
0 0.18210993794663383 0.8019730150380052 0.02510908430895542 0.020060194482076098
0 0.2278304623435224 0.9988850969581247 0.015679542154477664 0.002229806083750674
0 0.22923194028432486 0.3589942989592033 0.026671584308955422 0.020142081637205857
0 0.08578386290925644 0.9711966485750905 0.026671584308955422 0.020142081637205676
0 0.006026244440855117 0.30744068577564876 0.00949317466803503 0.020803822930778537
0 0.00921942213395225 0.6013544600859083 0.0184388442679045 0.021458920171816588
0 0.9938575216664141 0.4365780613952168 0.007957945745273776 0.025409435775648782
0 0.001878579044398123 0.9775894114653892 0.003757158088796246 0.023928822930778536
0 0.14838437773997937 0.8228686912027158 0.02510908430895542 0.020060194482076098
0 0.15217297395279145 0.7089699655129752 0.02198408430895542 0.019896420171816587
0 0.17728101650005262 0.9603620471501809 0.02510908430895542 0.020060194482076098
0 0.23936844692362427 0.7658993962002413 0.02041249394987581 0.018252033016686653
1 0.341907639643836 0.73766925486124 0.02081246974937896 0.08700203301668666
0 0.08839123332256535 0.926006979307785 0.028261355386194252 0.024911468792335256
0 0.037325199654098765 0.5693165660333736 0.01433521077238853 0.0476119843961678
0 0.23378100137474211 0.920341234734852 0.022002265027114644 0.023021420171816586
0 0.23089689589035198 0.8787712104245925 0.012627265027114642 0.02253009724103805
5 0.007454661644430756 0.6700225729307785 0.014909323288861511 0.019732645861557076
0 0.004731389152856716 0.8011497421980838 0.009462778305713432 0.021049484396167627
0 0.00615753376666245 0.8488878793532137 0.0123150675333249 0.022775758706427496
0 0.004472313919087611 0.8925559921980838 0.008944627838175222 0.025736984396167627