3 0.23346477522774345 0.058019382927255926 0.10182044954451311 0.10088602076024666
3 0.4398684764167191 0.5773118468811511 0.0832688569862416 0.06112318380210837
0 0.8094716482864179 0.6127134249792219 0.043497028855940555 0.03921900889724857
0 0.3134721567239384 0.5001843196951138 0.040262901451278844 0.03596667490485981
3 0.6708778519224643 0.9403145711779886 0.061160733209776906 0.11937085764402297
0 0.660773709541678 0.770950394827435 0.04140873920022674 0.06877917490485981
0 0.5728545912075089 0.5553479580595772 0.041825401451278665 0.03603034190105418
5 0.15053564710529158 0.506062952090897 0.04667659255827141 0.04090884288963732
0 0.927822344202734 0.6065827831918984 0.03708333774894825 0.03427684091247087
0 0.4320014458314979 0.33211209342111003 0.04193452885594055 0.039155341901054186
0 0.45723211352484566 0.23690968136783147 0.04382441106992552 0.04859400889724856
3 0.02584570426901847 0.4716813404181794 0.05169140853803694 0.05586268083635879
0 0.646763317160892 0.589653973876908 0.04840278366526398 0.0456600098858317
0 0.26617800527265956 0.5326811433073793 0.040262901451278844 0.03596667490485963
5 0.6169443863055184 0.45778454996063134 0.050729175497895795 0.06759867688202607
0 0.48491068022240136 0.27324377079742773 0.04059028366526398 0.04534167490485981
0 0.7793873665200705 0.2868074995800705 0.04146330290255769 0.0703416749048598
0 0.7401041225105203 0.3587488251695023 0.03984623920022692 0.06871550790866543
0 0.706262280415585 0.9245820722037529 0.03047123920022692 0.06833350593149916
0 0.831443429041275 0.20756300996019386 0.044642866604888455 0.07203150889724856
0 0.3569145556433285 0.9588536655505007 0.041825401451278846 0.03603034190105418
3 0.6869095904897188 0.9931676571475437 0.04366071996293321 0.013664685704912572
3 0.2916988496450295 0.4515730647521979 0.09404266587924912 0.0568813527754692
0 0.7114855599893157 0.43894831973229487 0.03521330290255768 0.0700870069200823
0 0.32931040001569845 0.8755809091247102 0.04344246515360961 0.037656508897248385
0 0.7395559962869849 0.44165682566379394 0.038556557711881115 0.07646434091247087
0 0.8547172379342823 0.2132055149031097 0.036339293283910834 0.05765067391627667
0 0.4579662011889756 0.5295428503411922 0.03541171034428618 0.031088173916276673
3 0.5761706303998866 0.05711870509382766 0.03801092068857255 0.06083934091247101
0 0.3299677529952249 0.050216153193211 0.03757441106992569 0.04833934091247101
0 0.6481596037365627 0.9081320598464633 0.026909729581580066 0.05570617193911005
5 0.8815277637949981 0.1399736033441228 0.05908731252120454 0.08354201186299806
0 0.8713045040915333 0.4775372703403171 0.04905754809323426 0.0644100098858317
5 0.8038144476455965 0.3042324215191808 0.056344258437520625 0.0943521778706093
4 0.6292137848463903 0.06162713296443696 0.031160719962933216 0.04339717292769345