5 0.2463655219206878 0.7317192322484611 0.08988070616851021 0.05154256784239593
5 0.7957830949731709 0.7809790100652236 0.0272170649348082 0.03889208163720568
0 0.6199864338539663 0.925224734284626 0.03511138555165907 0.043989017412854284
5 0.749621161125795 0.7873009311415513 0.035165932629559825 0.047114017412854634
0 0.733425191157567 0.6866801334255435 0.07102161201270896 0.04430992198083885
0 0.537165620133679 0.5275894957045868 0.042951159090609536 0.04596095318850324
5 0.7126472666456821 0.8485593357095358 0.03670115909060954 0.04563340456798457
3 0.3647530576345028 0.6568276956137298 0.11479888555165915 0.048165262324471846
0 0.48083379951682803 0.535224933289258 0.04454093262956001 0.04760534034363317
5 0.3603052909954113 0.7327727199239893 0.09599433847375849 0.04405761646291495
0 0.5076787175358912 0.4729362952296171 0.03979888555165907 0.04423467887824373
0 0.8517718165629565 0.6141323467908121 0.06614319724005639 0.033126760515449584
0 0.30283903328147826 0.31351478686187406 0.04451365909060954 0.046042840343633
0 0.15387365341186193 0.39625312302163557 0.049146612012708826 0.043163501809022266
0 0.1780752179429283 0.6642694606517352 0.07562729139585782 0.03986808344622812
0 0.4558843924548134 0.4889198213488989 0.04454093262956001 0.04760534034363317
0 0.7805703413164276 0.17686139812486457 0.06945911201270896 0.0442280348257091
5 0.1491905129922341 0.7539837358665058 0.07568183847375849 0.04299308344622812
3 0.9820593344198641 0.5729607129150427 0.014553423701106283 0.028861984396167807
5 0.36129504667745416 0.7655033327688596 0.08185001785690753 0.03863313206674697
0 0.800928516645682 0.8439327114447046 0.03667388555165942 0.044070904567984216
0 0.10528219480771976 0.3628950684082227 0.0570682061685102 0.049822937584671045
0 0.7222892735455408 0.9222048756236273 0.03313978246740419 0.020469630257724702
5 0.9602991570653099 0.47809527024198895 0.06167388555165907 0.04538109905006031
5 0.9136846245946106 0.020761842210455843 0.04607615909060954 0.041523684420911686
0 0.1714777593354908 0.14790083220303268 0.0570682061685102 0.049822937584671045
5 0.05878370130383681 0.7462331908640314 0.08047843262955987 0.04948874491161739
0 0.2629939143722059 0.7628497235420338 0.07568183847375849 0.042993083446227945
0 0.7434758957012242 0.4238935283825894 0.058603432629560005 0.0483423247398008
2 0.7643945474882331 0.6116867774780782 0.25300799756436804 0.09599633197589004