0 0.22213191882984215 0.1899317045469524 0.03036933847375849 0.03958069724005649
5 0.3494286245913153 0.4088708449698755 0.036728432629559826 0.04593979139585791
0 0.265833100241586 0.27591406899529325 0.03031479139585782 0.036455697240056394
5 0.2609951903369023 0.5807788469984704 0.03349433847375849 0.039635244317957154
5 0.4007359801112024 0.34858218141503916 0.03195911201270896 0.041170470779006776
5 0.30344001460720127 0.4604703011383857 0.033576159090609535 0.04432274431795715
3 0.9315460547885384 0.14625860755507256 0.13690789042292337 0.08055234496658023
0 0.9677743628218402 0.8286483677013422 0.06445127435631974 0.03554776217486477
3 0.22435075811437954 0.36182034131642754 0.046485262174864594 0.06797843262955983
0 0.7800473790555421 0.4099507349890569 0.04281479139585773 0.03667388555165907
0 0.41769342937985365 0.4694168327950109 0.03036933847375849 0.039580697240056396
0 0.15639346509366864 0.542748787338668 0.05536933847375849 0.04001707386326192
5 0.5115851201237931 0.8788406513832671 0.041415932629560004 0.046021612012708955
0 0.3492143904196278 0.35182595820040036 0.03193183847375849 0.039607970779006775
5 0.3096046452908918 0.18684188636573335 0.030423885551659157 0.04270569724005644
0 0.9365722942352317 0.24388758401612218 0.044268197240056394 0.030451159090609536
5 0.46418305113509045 0.1778918060096497 0.03193183847375849 0.039607970779006775
0 0.9344581895261234 0.4361705414024484 0.04593979139585791 0.036728432629559826
0 0.7524951233734992 0.443254158690163 0.03968979139585791 0.03661933847375849
0 0.3719986943940921 0.7617094728108971 0.06918637662320544 0.026200035713814886
5 0.5535135215037649 0.8632605158316078 0.03979888555165907 0.04286933847375849
0 0.6830496481302657 0.404610444403978 0.03500229139585791 0.03653751785690744
0 0.4584737568932683 0.8805492017075786 0.04136138555165925 0.0428966120127086
0 0.5265612836786295 0.9309389395327141 0.030260244317957152 0.0333306972400564
5 0.3022417532431156 0.5261362114468112 0.033548885551659156 0.04276024431795715
5 0.8035174756436803 0.8143518628300784 0.07395569724005639 0.030969356330665932
0 0.3536740194784652 0.29391800081407415 0.03028751785690744 0.03489319724005648
5 0.30475882710637753 0.580796437907861 0.03354888555165925 0.04276024431795715
0 0.350451382301953 0.4674645949698755 0.03031479139585782 0.036455697240056394
0 0.7266765117645322 0.7101922426996946 0.0645534237011061 0.029243215096964016
0 0.8980117694751699 0.7658131769541076 0.06773297077900686 0.03242276217486477
3 0.35181505924947 0.5455895949698755 0.04157957386326192 0.05539661201270896
0 0.47901412783443087 0.9380207824706993 0.03664661201270878 0.04125229139585755
0 0.6474975263750288 0.6959445564166868 0.06603410308425524 0.024582988635914304
0 0.9728300555976697 0.8699864338539663 0.054339888804660674 0.03379434740221221
0 0.8075407280793122 0.7314439054437522 0.0677056972400564 0.030860262174864594
0 0.054234901376676484 0.46560168060096496 0.03349433847375851 0.039635244317957154
0 0.48267709577406387 0.7449293015454228 0.07222955600635447 0.021567082791715642
0 0.9834961128234877 0.3399171043086617 0.03300777435302464 0.02099433847375849
0 0.9845331917582367 0.913545519081314 0.03093361648352655 0.03494774431795733
0 0.1292388555165918 0.41974766396187346 0.03511138555165916 0.042787517856907445
0 0.6449179971540356 0.7272491034945874 0.06759660308425505 0.024610262174864773
3 0.9777194456152035 0.48769608523393815 0.044561108769593 0.02905230032431163
0 0.030208840499058098 0.6113778307631208 0.03958069724005646 0.03036933847375849
0 0.7665572179330424 0.7563854042259361 0.0834670649348082 0.03894549756436803
5 0.9698794693560245 0.8035938206234416 0.06024106128795097 0.04018071509696384
0 0.5533107443113666 0.9859576761400334 0.034538641233702094 0.009975017856907442
0 0.88825098578995 0.7886467049572848 0.06460797077900686 0.03236821509696384
5 0.21048627028594885 0.9106669444006826 0.08371252678536116 0.053007997564368026
0 0.8913552516215578 0.25014726664568204 0.04117047077900686 0.03195911201270887
5 0.03353621225099958 0.8020028307631207 0.039471603084255104 0.024119338473758488
4 0.9844603693163094 0.541506877847612 0.03107926136738115 0.024119338473758488