0 0.85 0.290625 0.03203125 0.02265625
0 0.221875 0.22421875 0.03046875 0.02265625
0 0.1015625 0.22109375 0.0265625 0.021875
5 0.81328125 0.35859375 0.03515625 0.02421875
0 0.0609375 0.21875 0.02734375 0.02109375
0 0.63125 0.775 0.01328125 0.05625
0 0.17890625 0.2203125 0.0296875 0.021875
0 0.26484375 0.22890625 0.02421875 0.01953125
0 0.01875 0.21953125 0.0265625 0.02109375
0 0.721875 0.4328125 0.02890625 0.02265625
0 0.61484375 0.7046875 0.01171875 0.05390625
0 0.63203125 0.6703125 0.0109375 0.0390625
0 0.65234375 0.715625 0.01484375 0.0578125
0 0.8109375 0.32421875 0.028125 0.021875
0 0.60625 0.0546875 0.0109375 0.04921875
0 0.6125 0.78203125 0.0109375 0.05625
0 0.67578125 0.10546875 0.0125 0.04453125
3 0.140625 0.40390625 0.0609375 0.03359375
0 0.55703125 0.13828125 0.01484375 0.05234375
5 0.62265625 0.028125 0.0125 0.05546875