3 0.8625 0.59765625 0.06015625 0.08515625
3 0.87421875 0.25078125 0.0640625 0.04296875
0 0.6375 0.97265625 0.0296875 0.0546875
5 0.84921875 0.37578125 0.03984375 0.0375
0 0.5296875 0.57109375 0.03671875 0.034375
0 0.55 0.5203125 0.0375 0.034375
0 0.91015625 0.44296875 0.03828125 0.03203125
0 0.21171875 0.6703125 0.03671875 0.03984375
0 0.41875 0.5734375 0.03671875 0.0359375
0 0.6953125 0.81640625 0.021875 0.06171875
0 0.98125 0.0328125 0.03671875 0.03046875
0 0.5859375 0.55234375 0.03984375 0.034375
5 0.909375 0.3375 0.03671875 0.03046875
5 0.92421875 0.2953125 0.04375 0.03203125
0 0.3546875 0.5953125 0.0390625 0.0359375
5 0.53359375 0.4671875 0.040625 0.0359375
0 0.90703125 0.146875 0.0359375 0.0484375
0 0.28125 0.6234375 0.040625 0.0421875
0 0.18359375 0.72265625 0.03984375 0.040625
0 0.746875 0.7265625 0.025 0.0671875
0 0.7609375 0.63671875 0.01875 0.06484375
3 0.9609375 0.24921875 0.07734375 0.04453125
0 0.70078125 0.05859375 0.01796875 0.0890625
0 0.7125 0.69765625 0.02109375 0.0703125
3 0.97265625 0.340625 0.0546875 0.03671875
0 0.79609375 0.4609375 0.034375 0.040625
0 0.66796875 0.896875 0.02734375 0.065625
5 0.4734375 0.2671875 0.03671875 0.05625
0 0.0109375 0.80703125 0.02109375 0.03828125
0 0.26015625 0.16796875 0.0296875 0.0640625
0 0.3453125 0.82109375 0.0359375 0.04296875
0 0.7203125 0.8171875 0.025 0.065625
0 0.7203125 0.18984375 0.01953125 0.05390625
0 0.69453125 0.91171875 0.021875 0.0546875
5 0.66875 0.97109375 0.02734375 0.04609375
5 0.86796875 0.3015625 0.0484375 0.03046875
3 0.84765625 0.02578125 0.05546875 0.0515625
5 0.13203125 0.01875 0.0390625 0.0328125
0 0.3 0.86171875 0.0390625 0.0546875
5 0.44921875 0.91015625 0.0375 0.05390625
3 0.7703125 0.77734375 0.05859375 0.12265625
3 0.97890625 0.1921875 0.0421875 0.03671875