0 0.7814348699694179 0.5290631344493966 0.03272396879233561 0.030859020735185184
0 0.8185254341937691 0.5401564593316188 0.034450243102595125 0.03412072177194432
0 0.8502125254419134 0.4746483279932853 0.02779080732694652 0.025761417624907423
0 0.892457579150815 0.5521185085776834 0.031243355947465544 0.03228481969842587
0 0.8979097190194782 0.4780364596144427 0.03428646879233525 0.030995721771944318
0 0.8313872823393182 0.5043946165889335 0.031161468792335258 0.03072231969842587
0 0.7854063969932108 0.45328188444939654 0.027790807326946342 0.025761417624907423
0 0.65925881331984 0.0898557885491654 0.017754066033373483 0.04199201036759255
0 0.49460217605316864 0.7307850019797675 0.0233423247398008 0.059589613477870354
0 0.5280764173467414 0.7509799247884711 0.01808161465389251 0.04824201036759242
0 0.5048768554972394 0.8941441644208787 0.023669873360319827 0.06583961347787053
0 0.6437975876300996 0.08536377818157284 0.02071529172311415 0.039140412441111085
0 0.5952672393730087 0.7717701698874988 0.02317855042954129 0.05646461347787017
0 0.17567179161157237 0.6314624878889811 0.019889776119281777 0.0530662114043519
0 0.6169230698785608 0.34357681936911916 0.034450243102595125 0.03412072177194432
0 0.4950791316165212 0.8414880561268046 0.02137038896415202 0.05164041244111104
0 0.5040280857095356 0.775560259755462 0.02309666327441153 0.05490211347787035
5 0.07544930009085704 0.17769435598499983 0.03757524310259504 0.0343941238454629
0 0.15996490445644265 0.6316579775213885 0.018081614653892554 0.04824201036759259
0 0.9801323988022332 0.42165861197078514 0.006980340343633174 0.04416010311027776
0 0.662690434759596 0.7282245129130079 0.042092324739800804 0.06123002591898139
3 0.5779059989839472 0.728655156928008 0.06526423111680746 0.1472454383600926
0 0.11267714665452652 0.6204573459002312 0.020217324739800802 0.05931621140435191
0 0.5156749146332079 0.8228843190862951 0.019889776119281777 0.0530662114043519
3 0.46190361996941787 0.5011077724321288 0.091587713703953 0.11533105702175916
0 0.2962188234966054 0.21819965320481421 0.03741146879233552 0.031269123845462946
0 0.2449838721171244 0.20743851899175877 0.03930151741285446 0.03765582488222217
0 0.196669202849819 0.20085703685222184 0.03609463025772479 0.03581992280870363
0 0.11936307440111656 0.178396985014259 0.03617651741285455 0.03738242280870363
0 0.03872722806458969 0.1595697811027777 0.03757524310259504 0.0343941238454629
0 0.28077752996446903 0.3031802459474994 0.02968085594746528 0.03214811866166665
0 0.04726790988350956 0.4758194976909258 0.026631099050060315 0.0629880155513888
0 0.05774066316286991 0.6054482090952776 0.023506099050060313 0.06271461347787036
0 0.09353207824630379 0.506551379312083 0.03905585594746528 0.03296832488222208
5 0.13621422320334964 0.5157794078229626 0.043661468792335525 0.03181592799249984
0 0.12908339665452653 0.6218927067862035 0.021943599050060315 0.06257791244111104
0 0.14450367876670214 0.6271659671537959 0.025068599050060314 0.06285131451462966
0 0.20751269109117404 0.5180930549955087 0.02309666327441153 0.054902113477870176
0 0.2230148603584794 0.5218038153631014 0.023506099050060313 0.06271461347787036
0 0.26019063376422774 0.5462467407637032 0.034286468792335614 0.030995721771944318
0 0.29427902872127365 0.5547229135724068 0.035848968792335525 0.03113242280870363
0 0.23069016225835876 0.6449091246939347 0.026631099050060315 0.0629880155513888
0 0.24611044437053436 0.6501823850615273 0.026631099050060315 0.0629880155513888
0 0.2782235815256641 0.651422256315092 0.023424211894930557 0.06115211347787035
0 0.2934391457500154 0.6606017666826846 0.0233423247398008 0.059589613477870354
0 0.31132600859488563 0.6637363286054161 0.023506099050060313 0.06271461347787018
0 0.32949947648271005 0.6614021405281474 0.017999727498762753 0.04667951036759259
0 0.34851614936805997 0.5681011998589808 0.03757524310259504 0.03439412384546294
0 0.5035566106971636 0.3203163936856934 0.03741146879233561 0.031269123845462946
0 0.7389242226375228 0.3668078507547208 0.034286468792335614 0.030995721771944408
2 0.28448911239464436 0.9062560192745828 0.11873671189493056 0.06949087672018521