0 0.3547502334999474 0.95078125 0.04240566861791084 0.0375
0 0.35570367944161296 0.84609375 0.04085225897699045 0.0390625
0 0.3539230108237022 0.80859375 0.04084316861791084 0.0375
0 0.19358793617910824 0.375 0.043940897540671965 0.0328125
0 0.33173335167376117 0.4859375 0.04081589754067192 0.0328125
0 0.31762241734136454 0.88046875 0.03927157825883114 0.0359375
0 0.4628889446651193 0.73828125 0.034565897540672096 0.0328125
0 0.2739572131100796 0.4921875 0.043949987899751616 0.034375
0 0.215377098648699 0.49453125 0.04552157825883123 0.0359375
0 0.4277952854169825 0.48046875 0.03769998789975162 0.034375
0 0.31161785703651423 0.92265625 0.04237839754067192 0.0328125
0 0.45471789636232157 0.8109375 0.0314227168225127 0.0296875
0 0.3158872005188519 0.85078125 0.03769998789975162 0.034375
0 0.3872844357863248 0.634375 0.023773843285945874 0.0578125
0 0.12800384279496652 0.38203125 0.04081589754067196 0.0328125
0 0.24902486992232956 0.36953125 0.0392443071815924 0.03125
0 0.30214532474278977 0.36875 0.04395907825883123 0.0359375
1 0.6136964239806639 0.47421875 0.02697156615858276 0.0703125
0 0.4047874939498758 0.0171875 0.022074987899751618 0.034375
0 0.4666042971244474 0.70546875 0.03769089754067192 0.0328125
0 0.34786442924522126 0.97578125 0.03448408430895542 0.01875
0 0.45919631810349043 0.775 0.0361283975406721 0.0328125
0 0.3871793757760621 0.48203125 0.04239657825883114 0.0359375
0 0.31337125457718623 0.95546875 0.036137487899751616 0.034375
0 0.412302616504484 0.6375 0.023773843285945874 0.0578125
0 0.08347259279496652 0.38203125 0.037690897540671967 0.0328125
5 0.8314697312604522 0.440625 0.04553066861791066 0.0375
0 0.0794850504440971 0.50234375 0.043959078258831205 0.0359375
0 0.3841674843837102 0.3671875 0.0376818071815924 0.03125
0 0.6859658128389331 0.2734375 0.023773843285945874 0.0578125
0 0.556412206568976 0.83359375 0.022202252926866173 0.05625
0 0.12717714099956845 0.37421875 0.03925339754067196 0.0328125
0 0.9403952793668584 0.49765625 0.02844316256778683 0.0546875
5 0.8297976260706497 0.2875 0.04882838544042371 0.0671875
5 0.7966260568870047 0.22578125 0.04882838544042354 0.0671875
5 0.7520442890312198 0.0828125 0.033267017953980904 0.078125
5 0.6055465389330239 0.14765625 0.02855224687674216 0.0734375
0 0.431833866504484 0.6375 0.02698065651766246 0.071875
0 0.36857079722264324 0.640625 0.02851588544042354 0.0671875
0 0.3458600050681656 0.63125 0.03323065651766246 0.071875
0 0.32635602614540443 0.6359375 0.030114746876741982 0.0734375
3 0.7001076644144983 0.82421875 0.04920109016268803 0.13125
0 0.6924684021178582 0.98828125 0.026698855386194254 0.0234375
0 0.5459610407797356 0.9171875 0.023810204722264316 0.0640625
0 0.653949761020094 0.67890625 0.036410198672140126 0.08125
5 0.5651826976901815 0.7296875 0.023810204722264316 0.0640625
0 0.35589457698228494 0.87890625 0.04401362041330899 0.0453125
0 0.4779083940246306 0.365625 0.040815897540672094 0.0328125
0 0.4341447584860111 0.36328125 0.045530668617910844 0.0375
0 0.03270952351312577 0.38515625 0.04243293969514968 0.0421875
0 0.1271276649054777 0.5 0.04559430113146812 0.0484375
0 0.388376698770336 0.01640625 0.02362839754067201 0.0328125
0 0.36025169877033597 0.01640625 0.029878397540671918 0.0328125
0 0.4515175690854491 0.1265625 0.028588608313060603 0.0796875