0 0.521875 0.35859375 0.0328125 0.02578125
0 0.89453125 0.39140625 0.03515625 0.02578125
0 0.76484375 0.54921875 0.028125 0.021875
0 0.50625 0.39921875 0.0359375 0.02578125
5 0.715625 0.2953125 0.03515625 0.028125
5 0.44453125 0.446875 0.0375 0.02734375
0 0.43359375 0.3140625 0.0359375 0.02890625
0 0.575 0.6 0.03125 0.0234375
5 0.95078125 0.56328125 0.0359375 0.028125
0 0.65390625 0.35 0.03515625 0.02578125
0 0.9453125 0.60078125 0.034375 0.02578125
0 0.67734375 0.7328125 0.0109375 0.04453125
0 0.81015625 0.30078125 0.03984375 0.02734375
5 0.3296875 0.58671875 0.0421875 0.03203125
0 0.91953125 0.0234375 0.0125 0.046875
0 0.6296875 0.8703125 0.01484375 0.06015625
0 0.55234375 0.9484375 0.01171875 0.05625
0 0.65546875 0.9390625 0.0125 0.05859375
0 0.6046875 0.9390625 0.0140625 0.05390625
0 0.58515625 0.9375 0.0109375 0.05
5 0.1828125 0.409375 0.0390625 0.03515625
0 0.5375 0.95078125 0.0140625 0.05859375
0 0.65 0.86484375 0.01484375 0.059375
0 0.80703125 0.02265625 0.01875 0.0453125
0 0.6359375 0.93671875 0.0125 0.05703125
0 0.5703125 0.9453125 0.0125 0.0578125
0 0.61953125 0.934375 0.0109375 0.05703125
0 0.4734375 0.75703125 0.015625 0.06015625
0 0.70703125 0.5875 0.0359375 0.0265625
0 0.87265625 0.16015625 0.01171875 0.0453125
0 0.67578125 0.93828125 0.0125 0.059375
0 0.615625 0.5578125 0.025 0.0203125
0 0.88203125 0.240625 0.0234375 0.06484375
5 0.92109375 0.15234375 0.0171875 0.0703125
3 0.92890625 0.4359375 0.07109375 0.040625
3 0.1609375 0.9671875 0.0625 0.065625
5 0.7625 0.515625 0.046875 0.03828125
5 0.76875 0.29375 0.040625 0.0359375
0 0.7703125 0.1796875 0.01484375 0.06015625