0 0.1482789106723137 0.48486543032481644 0.03724744292790545 0.029170674452321597
1 0.8924677123677247 0.4203012296790429 0.08990156203449332 0.054108489970870186
0 0.9123927605484792 0.5117840360263913 0.038955492142117264 0.03234113855894431
0 0.7722878372652809 0.6219666812492533 0.03568494292790554 0.029125210345699058
0 0.8923073163777195 0.0887246207452697 0.02671235731976367 0.07099446159934023
0 0.4363844547192389 0.9492783051602143 0.020025709677128488 0.06143760517284953
0 0.44600351137704874 0.8265083948936575 0.01958906203449331 0.05206260517284918
5 0.689201471259065 0.3622399917532368 0.04037244292790554 0.029261602665567033
0 0.8708154600914131 0.06438385029129857 0.020171258891340214 0.06456260517284948
0 0.6488031796978483 0.7940810251393315 0.016172963606069856 0.04572167695960409
0 0.617799274611615 0.9237147008452945 0.021733758891340216 0.06460806927947224
0 0.2925254086053991 0.6710349478757938 0.04222604135632881 0.035557066772189574
0 0.26366620037601274 0.7881231594751339 0.02627570967712849 0.06161946159934022
0 0.6020287253974034 0.9272943419115214 0.023296258891340217 0.06465353338609496
0 0.7427695810600279 0.2506743544479336 0.02427656203449331 0.0521989974927175
0 0.7841309433421901 0.0996741441022347 0.0349957382131759 0.0478297462390763
0 0.8695504048813454 0.2423042618114965 0.024494885855811076 0.0568864974927175
0 0.8245396577768297 0.3544010965303749 0.044225188998964174 0.04497753087881238
0 0.7840045490093239 0.37040418124925323 0.04080909057054072 0.03863660266556703
0 0.8426433025239806 0.23372488367739344 0.020860463606069857 0.045858069279472155
5 0.8687927336650617 0.15806565413136456 0.028129308105551587 0.06791492570596289
5 0.8617143260976292 0.3267929220780532 0.0311815334984459 0.06644335391920828
0 0.8961685628630628 0.22358535405222227 0.026566808105551943 0.06786946159934022
5 0.8913869793218356 0.004434818092337945 0.03285104135632864 0.00886963618467589