0 0.1832399899778507 0.33490780809015186 0.04126535009228509 0.036650131541796235
0 0.3919980189737896 0.5266725609327493 0.03794009099298652 0.03334312101845249
0 0.05906440546326928 0.49936369219219684 0.04126535009228507 0.036650131541796326
0 0.6102344841177546 0.3761966058687215 0.04126535009228505 0.03665013154179615
0 0.459604626005905 0.44334485046587524 0.0413654796419344 0.03821263154179633
0 0.4285932603359163 0.35642097411516377 0.04126535009228505 0.036650131541796235
0 0.26645420574012446 0.38454451606736423 0.033152461443337077 0.03150760523343692
0 0.7785281994186031 0.5921114902531152 0.03627746144333699 0.031689615756780753
0 0.8305376897009955 0.399947106080483 0.04126535009228505 0.03665013154179615
0 0.33704639652085416 0.8497684266895298 0.030667811535622126 0.0656095894484217
0 0.4868077621908428 0.9297759031531811 0.025679922886674155 0.06064907366340577
0 0.5053074383167196 0.9325900900131188 0.02557979333702498 0.05908657366340577
0 0.43995254858803745 0.9200515636341724 0.02870479333702498 0.05926858418674961
0 0.3557277429125114 0.9226220977644524 0.028704793337024893 0.059268584186749254
5 0.7310767126799548 0.3123399612433328 0.04439035009228505 0.03683214206513998
0 0.6705130451919514 0.48009587961683203 0.03158996144333699 0.03141659997176518
0 0.5141011613233655 0.4067024241998684 0.029927331893687636 0.029763094710093262
0 0.32239241363971727 0.8233802319370845 0.024979016039128953 0.04971157366340577
0 0.45625866903838813 0.920658508386618 0.027042163787375628 0.057615078925077515
0 0.8571421576227376 0.4949109955853742 0.03974242288667433 0.06146812101845249
0 0.3911843815614594 0.9158869793768357 0.023216256939830336 0.046495568401734036
0 0.9232678053709842 0.48327627459515654 0.03804022054263569 0.034905621018452494
0 0.009461330970837133 0.31389590002823486 0.015964961443337103 0.030506547355046633
0 0.40625866903838814 0.9235706767601173 0.025579793337024804 0.05908657366340577
0 0.8997370751107411 0.32820163772110134 0.026341256939830516 0.04667757892507769
0 0.42281511336286215 0.9202713715125628 0.02557979333702498 0.05908657366340577
0 0.47418066086194005 0.5802610215407975 0.03617733189368764 0.030127115756780752
0 0.9256442288759672 0.6162329877634536 0.023877590992986343 0.032524073663405775
0 0.8206806307862671 0.33514115343552964 0.04575259099298634 0.033798147326811724
0 0.8136469856589141 0.21413070342141222 0.028704793337024626 0.05926858418674961
0 0.9872823496308598 0.07948414568419623 0.012218200184570094 0.06920502630835926
0 0.9672027822351413 0.21063543514673508 0.030767941085271387 0.06717208944842143
0 0.912415152685492 0.21538311930524978 0.03485466378737527 0.05807010523343692
0 0.8646308898855656 0.32946800610871785 0.04871690468807692 0.05576415258848364
5 0.9429747378183823 0.24862825881014095 0.0374184592838688 0.07378611049510883
0 0.8956653485511256 0.06380520875367124 0.04120479333702498 0.059996626280124386
5 0.7191508042912501 0.4741497165050047 0.04957849784053181 0.044917657850155376
5 0.7646239905961595 0.49329455865484917 0.05114099784053181 0.045008663111827475
5 0.8118296576227376 0.49755014817385773 0.0525032387412331 0.04197466837349921
0 0.3518667674326302 0.6792284135353504 0.028704793337024893 0.05926858418674961
0 0.37978221391657246 0.7172975609327492 0.03369268198597286 0.06422909997176518
0 0.5811549467977093 0.7328106269154089 0.024878886489479512 0.048149073663405775
0 0.5185071476005884 0.8602145610739236 0.02890505243632351 0.06239358418674925
0 0.5006385271502376 0.8596986215831499 0.030667811535622036 0.0656095894484217
0 0.47319584516426483 0.9235637005082277 0.02578005243632351 0.062211573663405774
0 0.5229757996677715 0.9362310295038926 0.030367422886674156 0.06092208944842135