3 0.21015625 0.88359375 0.0671875 0.15
3 0.1078125 0.525 0.07890625 0.059375
3 0.265625 0.725 0.040625 0.09765625
3 0.21484375 0.18359375 0.0328125 0.134375
0 0.41640625 0.284375 0.03515625 0.028125
0 0.72734375 0.2171875 0.034375 0.02734375
0 0.40625 0.37890625 0.03515625 0.03515625
0 0.30546875 0.29765625 0.02890625 0.053125
0 0.51796875 0.39375 0.03515625 0.028125
5 0.640625 0.52890625 0.0375 0.02890625
0 0.5421875 0.7421875 0.034375 0.0375
0 0.040625 0.44765625 0.03515625 0.03125
5 0.3515625 0.45 0.0375 0.04609375
0 0.58046875 0.67578125 0.03125 0.03046875
0 0.565625 0.4453125 0.03828125 0.02890625
5 0.90703125 0.228125 0.0390625 0.028125
0 0.16875 0.71484375 0.02109375 0.07578125
0 0.18515625 0.45625 0.01484375 0.06328125
0 0.56953125 0.11953125 0.03515625 0.028125
0 0.59609375 0.34140625 0.034375 0.028125
0 0.57578125 0.77421875 0.0328125 0.03828125
0 0.2203125 0.02109375 0.0140625 0.04140625
5 0.1078125 0.4234375 0.034375 0.03046875
0 0.25625 0.6296875 0.02421875 0.071875
0 0.76015625 0.46328125 0.03203125 0.02578125
0 0.7296875 0.94453125 0.03671875 0.04140625
3 0.83984375 0.9328125 0.06015625 0.12890625
0 0.24609375 0.015625 0.0140625 0.03125
0 0.98203125 0.34765625 0.0359375 0.0296875
0 0.20390625 0.97890625 0.0296875 0.0421875
5 0.1875 0.16328125 0.01796875 0.078125
0 0.52265625 0.04140625 0.040625 0.02890625
0 0.7671875 0.990625 0.02734375 0.01875
5 0.11328125 0.47109375 0.05 0.03671875
0 0.2578125 0.17578125 0.021875 0.06171875
5 0.18671875 0.0125 0.01875 0.025
0 0.16953125 0.98046875 0.0203125 0.0390625
0 0.103125 0.9203125 0.03125 0.065625
0 0.2359375 0.72578125 0.03359375 0.0765625
0 0.29296875 0.6109375 0.02421875 0.07578125
0 0.00703125 0.51015625 0.01328125 0.0328125