0 0.6750244345904158 0.47348459261398795 0.04560502591898139 0.04201253737886681
0 0.8116256073991195 0.5172013776470662 0.045741726955740705 0.04357503737886681
0 0.8437538936856935 0.5738009389111467 0.0473042269557407 0.04368429802252862
0 0.26910733378921226 0.3690059981584146 0.04220662384546294 0.038669016091543364
0 0.16255524594749943 0.3048728063204018 0.048593324882222164 0.040668558666190346
0 0.5844759299722674 0.6100233901323133 0.045331623845462944 0.03888753737886681
0 0.27709478251689734 0.44255275880207634 0.046894123845462946 0.038996798022528624
0 0.3471186502836094 0.9234257003879875 0.03712814458064795 0.06937271287323483
0 0.5245211888792576 0.9187485440872563 0.0368547425071295 0.06624771287323483
0 0.330233946654952 0.9168097136295394 0.036991443543888815 0.06781021287323483
0 0.39651305754092414 0.9377502803415012 0.03134703628657398 0.05654493094224975
0 0.4288566658349982 0.9524354932147361 0.030057938360092608 0.05956067029858758
0 0.23469266903902702 0.41939948206687117 0.04472603110277769 0.049715776735205
0 0.4465226194636556 0.9591061102950151 0.03712814458064795 0.06937271287323483
0 0.3842142154103696 0.4244197538583978 0.03581992280870363 0.036669473516896464
0 0.3077827482100909 0.9175691842964442 0.040663247690925795 0.07427873416055811
0 0.5317883017914801 0.7888096718111971 0.04447175287472209 0.08230975544788173
5 0.35682123873745286 0.45744542130699395 0.050155824882222075 0.04077781930985207
1 0.5169951955236562 0.6285987914893661 0.08175713939685174 0.06472877153942509
1 0.2446130561268045 0.5505402214232096 0.0977922425071295 0.07050887797604233
5 0.35099302935935134 0.2932026048471335 0.05226512902925915 0.047137079953513794
0 0.2526143179549995 0.2692409449401059 0.0504292269557407 0.04390281930985207
0 0.41261651116958153 0.9443116367781187 0.03712814458064813 0.06937271287323483
0 0.379765054949026 0.9326967935830531 0.03501884043361105 0.06301345222957302
0 0.3622358023571279 0.9275886765027741 0.03712814458064804 0.06937271287323483
0 0.36155300570296134 0.8576585887555901 0.03712814458064804 0.06937271287323483
0 0.3432425031110632 0.8524958413534801 0.0352922425071295 0.06613845222957267
0 0.3321991134313875 0.717394221675311 0.031073634213055534 0.053419930942249394
3 0.8064635474561556 0.9992176580654423 0.10580023213953708 0.001564683869115413
0 0.1593250647974535 0.10819990211335744 0.03869064458064804 0.06948197351689642
0 0.21004752620180533 0.1288291123887021 0.02298773213953691 0.04974862772394082
0 0.2859764562205555 0.02931506746826664 0.04070291244111104 0.021481516091543373
0 0.3093537505656479 0.1722673919738988 0.03617123732333329 0.0584352128732347