3 0.1625 0.06998917167251123 0.071875 0.13997834334502246
5 0.3625 0.4725787889635211 0.040625 0.02883411201270878
0 0.58515625 0.7413485596630978 0.034375 0.02716251785690744
0 0.05703125 0.5888482658283125 0.0328125 0.027135244317957153
0 0.41875 0.31534694156130894 0.034375 0.03028751785690744
5 0.415625 0.5450889886392096 0.0421875 0.02886138555165907
0 0.15390625 0.48715730641339156 0.0359375 0.02718979139585791
0 0.76796875 0.2342513056059079 0.0296875 0.06614319724005649
0 0.42421875 0.21993898417498273 0.034375 0.03966251785690744
0 0.45703125 0.24670998985702558 0.034375 0.034975017856907445
0 0.2640625 0.06257827191739254 0.028125 0.03955342370110611
0 0.35859375 0.026646500407037095 0.0203125 0.05329300081407419
0 0.2578125 0.10487486607319389 0.034375 0.041225017856907485
0 0.7578125 0.798491083609085 0.0171875 0.06748750892845372
0 0.709375 0.3618365633165456 0.021875 0.06288182954530477
0 0.5359375 0.44611392614003337 0.040625 0.038209112012708955
0 0.8140625 0.8107904862068729 0.0171875 0.06280000892845372
0 0.428125 0.8729958003276067 0.0328125 0.02557274431795733
0 0.7421875 0.34017006899858854 0.0265625 0.06608865016215582
0 0.47421875 0.9487537309285718 0.0390625 0.03193183847375849
0 0.83515625 0.048703543431043286 0.03125 0.0630454707790068
0 0.7296875 0.2591382573101912 0.028125 0.07861592370110611
0 0.7984375 0.13059447159637627 0.03125 0.06304547077900682
0 0.6875 0.9840933928618505 0.015625 0.008085235389503254
0 0.7546875 0.9079206306869857 0.015625 0.07371023538950325
3 0.784375 0.8988086834469293 0.028125 0.17549092370110628
0 0.44296875 0.09226795170757861 0.03125 0.04429547077900679
5 0.803125 0.053950150979525255 0.0375 0.07252956493480818
0 0.81015625 0.8944524200542487 0.0171875 0.07217500892845372
5 0.8078125 0.9726183303626742 0.01875 0.02688978246740419
5 0.7609375 0.16562403653118443 0.0328125 0.06932274431795715
0 0.45625 0.044379876626500725 0.0375 0.052217064934808155