3 0.40712916573241886 0.663377415937321 0.09119882697140155 0.046330654678545004
3 0.8396709855768186 0.7668349392107329 0.11163887272903601 0.048129512014635625
0 0.3616254760339209 0.7044933119430481 0.03979582363742162 0.02856135200509069
0 0.7955061395196218 0.6768099232177326 0.03654327787978708 0.026962489337999784
0 0.35193174057778853 0.7467535372772298 0.030038186364518004 0.023764764003817974
0 0.4993805675491901 0.6997683545910489 0.03979582363742153 0.02856135200509069
0 0.4611791948201539 0.7470433439290487 0.03848841515269079 0.03166817067154533
0 0.39542664906251945 0.7493694599379574 0.03667082363742171 0.028524989337999785
0 0.6121995608812302 0.732797935908686 0.030165732122152632 0.025327264003817972
0 0.053461387103725735 0.4637801419875915 0.038488415152690705 0.03166817067154533
0 0.5576541637755648 0.32054393125400366 0.036925915152690794 0.031649989337999784
0 0.1626785666311061 0.9425216653007741 0.020726830305381406 0.06268181333545471
0 0.5240761313538498 0.25381096459263974 0.03730855242559432 0.03633748933799978
5 0.5058855301265052 0.6583257419239581 0.03979582363742153 0.02856135200509069
0 0.0562198542229688 0.516042075986637 0.04343100666795978 0.0348477146721816
0 0.251262318757138 0.813487598623502 0.020726830305381406 0.06268181333545435
0 0.06736477725156728 0.5611818533179552 0.04174096091032524 0.03326703333863605
0 0.44265310905476074 0.9548740252625942 0.043431006667959696 0.0348477146721816
0 0.5963032360358607 0.650249065245095 0.039795823637421714 0.02856135200509069
3 0.8361290765123595 0.0675566596117298 0.07710411818710838 0.1351133192234596
0 0.49590539693648755 0.8762035852562308 0.03667082363742154 0.028524989337999785
0 0.37240128742268486 0.03703363928232053 0.03507637272903601 0.047238626670908904
0 0.1694703137561682 0.8401960966343196 0.021109467578285024 0.06736931333545434
0 0.0019618863548196987 0.4872454613303637 0.0039237727096393974 0.03797271467218159
0 0.560093250748906 0.22373256592141272 0.03769118969849785 0.041024989337999786
0 0.4181943404280073 0.6999325339354121 0.039795823637421714 0.02856135200509069
5 0.09209345240619767 0.4781602679821827 0.036925915152690704 0.031649989337999784
2 0.22060057392728574 0.3190023492998197 0.079048997584104 0.2225840720082724
0 0.4146686646936487 0.08337228994272991 0.038456464244305086 0.05039998933799979
0 0.729400715452253 0.05239227323364095 0.03925368969849785 0.04104317067154524
0 0.5524417946703728 0.6999314392505038 0.04005091515269079 0.03168635200509069
0 0.15075213572659987 0.8209012039704104 0.021492104851188642 0.07205681333545436
5 0.26534027845951524 0.6697103266231839 0.027487013335919564 0.06900453866963616
0 0.539559286335423 0.7430092772517765 0.03992336939505616 0.03012385200509069
0 0.2391933981444355 0.9900228266231839 0.013520366061076317 0.012645450668363622
0 0.2318899207333887 0.639659747294729 0.021492104851188642 0.07205681333545436