3 0.364635107954966 0.42932858441327343 0.08539488433001133 0.09045345048646727
3 0.5081171067183483 0.8173388733734994 0.07814358883351816 0.07471935633066593
3 0.3646329989202658 0.027434847805954045 0.054265997840531634 0.04308752678536122
5 0.1771422933370249 0.06083986282348773 0.07371690468807693 0.05435230925276531
5 0.4982825154208201 0.24983377353565506 0.07155362739018098 0.04495003571381497
0 0.0596391224529355 0.3217755884737585 0.042227072794389156 0.025709112012708778
0 0.5174282433647115 0.49988832061355576 0.040003238741233106 0.03971706493480802
0 0.5874718306570701 0.42385370048317206 0.04176599784053163 0.04286933847375849
0 0.6799723203211537 0.8078525994275119 0.048015997840531635 0.042978432629560005
0 0.42338504009782235 0.12834851136079042 0.04489099784053181 0.04292388555165916
0 0.5584246807493551 0.4576832297041653 0.04489099784053163 0.04292388555165907
5 0.5290222871631617 0.729521273535655 0.05154151603912886 0.04928297970746058
0 0.7096283443798471 0.8809452260507171 0.0446907387412331 0.039798885551659426
0 0.6025146421926924 0.4881071152558244 0.04509125693983016 0.04604888555165907
0 0.644118756164638 0.6136934963432568 0.04332849784053163 0.04289661201270896
5 0.4662545720191968 0.5902990864418683 0.045091256939830335 0.046048885551659244
0 0.584584267423405 0.5736355121715693 0.04489099784053163 0.04292388555165907
5 0.71697195866556 0.2770622954497523 0.07876535009228505 0.03571140340856669
0 0.6387477405869343 0.7368991712621789 0.05144138648947969 0.047720479707460586
0 0.43273306831856895 0.48124168627971253 0.04332849784053181 0.04289661201270896
0 0.6868524645256561 0.3428685275928448 0.07740310919158375 0.03880912986961631
0 0.18926937229605198 0.6884739391223815 0.06802810919158367 0.038645488635914306
0 0.6174852074289422 0.6608315491032003 0.045091256939830335 0.046048885551659244
0 0.07653792334809953 0.2323273047885384 0.05931444324473982 0.0244466209411625
0 0.842694760945 0.7045617784036237 0.047815738741233106 0.03985343262956
5 0.7077366610095984 0.3034338806770999 0.0804279796419344 0.03730117694751698
5 0.19165178361941743 0.25072452313191324 0.07503957279438911 0.02628185633066602
0 0.38470087677187215 0.2431689419617554 0.04997901603912895 0.0492557061685102
3 0.3293916155131052 0.2812223210205928 0.07698160703211539 0.08094208279171564
0 0.20624401218161764 0.30794668790456564 0.08451470234403846 0.028007997564368024
5 0.4876720897563688 0.42523319399035026 0.04801599784053181 0.042978432629560005
2 0.14637885641380655 0.27490631696340306 0.2067296637873756 0.05979556006354425
5 0.8989903215577716 0.42616977150376484 0.09499112739018116 0.04535913879807012
0 0.8816862122093042 0.7528453197994815 0.05592862739018116 0.04467730032431163
5 0.9368371822905146 0.6149010348964454 0.06696625693983016 0.04643071509696384
0 0.8121435587578449 0.31306007101729755 0.07564035009228505 0.03565685633066602
0 0.24313873072166858 0.0190711485373027 0.045652461443337164 0.03045115909060952
0 0.6222449537283145 0.5524423506453278 0.05144138648947969 0.047720479707460586