0 0.11973699683519796 0.45861890601864025 0.03329073212215254 0.02736798340326043
0 0.15447891652981655 0.3991380848577974 0.028475686364518006 0.02545028589277143
0 0.7025171591129509 0.635546752298307 0.035108323637421536 0.03061138257342346
3 0.21877937214930787 0.7588333161864654 0.04980855242559432 0.03948947510489074
0 0.7620995821415493 0.5950294186899094 0.035108323637421536 0.03061138257342364
0 0.018478417278722604 0.15978939709557058 0.012978232122152567 0.025828794191141168
0 0.16791979213379057 0.34503092531467217 0.028475686364518006 0.02545028589277143
0 0.07196956334561788 0.3299960759347277 0.03003818636451805 0.02556868506293437
0 0.0667245986422708 0.16111602137062433 0.03172823212215257 0.027249584233097444
0 0.02766196970431692 0.19620049377622267 0.025733323637421635 0.029900987552445368
0 0.12080606288657592 0.21490479481584107 0.03172823212215255 0.027249584233097403
0 0.02563682622249549 0.27601804834032606 0.008163186364518026 0.02391109668065212
0 0.1966504410756238 0.4116506628671175 0.030038186364518004 0.025568685062934547
0 0.3552112086636071 0.746655392745893 0.035108323637421626 0.03061138257342346
0 0.24636352758992303 0.3929015854824973 0.025350686364518003 0.02521348755244528
0 0.5743921591129507 0.6258380203449392 0.03341827787978709 0.02893048340326061
0 0.12981427212991123 0.23965634108157471 0.03198332363742162 0.030374584233097402
0 0.11218049091614424 0.1948407485501075 0.03003818636451805 0.02556868506293446
0 0.1691629119878887 0.493420881123531 0.03431109818322886 0.039867983403260435
0 0.15210360243529264 0.303458731953368 0.028475686364518006 0.02545028589277143
0 0.11189267486476631 0.43861405933798814 0.03172823212215255 0.02724958423309758
0 0.10749273304023647 0.2705744543589663 0.030165732122152546 0.02713118506293446
0 0.04932864411004125 0.5091857458508151 0.017538186364518028 0.024621491701630305
0 0.18770600471110574 0.38768036660138394 0.03172823212215255 0.027249584233097403
0 0.0558982821318509 0.2852988825734235 0.03003818636451803 0.02556868506293446
0 0.07600297228939076 0.4459879288391571 0.03172823212215257 0.027249584233097403
0 0.16983272062240082 0.4445573286340201 0.028475686364518048 0.02545028589277152
0 0.13056331334561788 0.3344360448158411 0.031855777879787085 0.0288120842330974
0 0.04067202379690117 0.24144213879720083 0.03172823212215257 0.02724958423309749
0 0.2640610816825073 0.4384984280139646 0.028603232122152634 0.027012785892771517
0 0.2737867680470253 0.46252792386477964 0.028475686364518006 0.02545028589277134
0 0.23067488364905966 0.3528918921211931 0.023660640606883554 0.023532588382282338
0 0.23923668274067406 0.3721746883869267 0.028475686364518006 0.02545028589277134
0 0.3989932885099466 0.6932945170209468 0.0353634151526907 0.033736382573423464
0 0.08065890819486685 0.3508413722004613 0.028475686364518048 0.02545028589277143
0 0.08560111289627427 0.46845492468997224 0.03341827787978711 0.02893048340326061
0 0.0913576789476522 0.22509601099766213 0.03003818636451805 0.02556868506293446
0 0.09880338819098751 0.24972915809323268 0.028475686364518048 0.02545028589277134
0 0.04883521016141921 0.26535323547785294 0.03003818636451803 0.02556868506293437
0 0.07193735456132454 0.42471658008391255 0.03172823212215257 0.02724958423309758
0 0.030483693950561712 0.2973485966806521 0.014540732122152566 0.025947193361304244
0 0.09588516652981657 0.39469811597668397 0.03172823212215257 0.027249584233097403
0 0.08644729621667649 0.12689530933798818 0.028475686364518048 0.02545028589277143
0 0.19119740865390883 0.47800936867597627 0.028603232122152544 0.027012785892771517
0 0.17783731288657592 0.21922636452679148 0.028603232122152544 0.02701278589277143
0 0.10529198850024826 0.41482136182749907 0.03172823212215259 0.02724958423309758
0 0.0795755428826966 0.10929341224241758 0.02809304909161443 0.02076278589277143
0 0.20533978592487276 0.4324959591328511 0.03172823212215263 0.027249584233097403
0 0.057780162277752775 0.13714572510489073 0.026913186364518026 0.025331886722608398
0 0.03435799304217614 0.31627619543589663 0.019228232122152567 0.026302390871793247
0 0.6154624088230867 0.975868834757551 0.02582891848667046 0.04826233048489783
0 0.2545904868332583 0.41759393216314944 0.025350686364518003 0.025213487552445457
0 0.13491674712506208 0.11193408278320494 0.022098140606883466 0.023414189212119307
0 0.03933240652787691 0.3391692437762227 0.025350686364518028 0.025213487552445367
0 0.07463269349151977 0.1819021180512764 0.03003818636451803 0.02556868506293446
0 0.1447854389495919 0.28038808485779737 0.03003818636451805 0.02556868506293437
0 0.048437113186138345 0.11780372925407559 0.026785640606883487 0.0237693867226084
0 0.1380090225889532 0.3590691919114117 0.028475686364518006 0.02545028589277134
0 0.08351335697722052 0.20509116431701005 0.026913186364518026 0.025331886722608398
0 0.046459251377125865 0.3598961408717932 0.03172823212215257 0.027249584233097403
0 0.0801002830499348 0.5247165800839125 0.03376896424430513 0.05224958423309758
0 0.9460748089728679 0.9560288861211305 0.04145391848667046 0.05127908008391273
0 0.06246675971207558 0.4038120842330975 0.03172823212215257 0.027249584233097403
0 0.2960293324314133 0.21187765104426282 0.02388378121376693 0.04528918921211931
0 0.17960594653563558 0.5547727782191016 0.02401132697140156 0.04685168921211939
0 0.12330892273873437 0.31214664772027045 0.03172823212215255 0.027249584233097403
0 0.30237544303247776 0.08036754191605607 0.02857128121376693 0.0456443867226084
0 0.10911797441542266 0.5758297168065211 0.027391418486670593 0.05021348755244546
0 0.2712036441100413 0.5259984280139646 0.02375623545613248 0.0437266892121194
0 0.14591711743820213 0.37985528859206374 0.023660640606883464 0.023532588382282338
0 0.053139170322838415 0.5273320946060597 0.022098140606883487 0.023414189212119397
0 0.11605453213185091 0.2898572506246999 0.026785640606883467 0.0237693867226084
0 0.6549087065375752 0.6420326280232533 0.028475686364518006 0.02545028589277152
0 0.26246637289821395 0.5331005329929864 0.025573826971401557 0.04697008838228243
0 0.27935111289627423 0.4831364217901871 0.030165732122152632 0.02713118506293455
0 0.059739856687356443 0.5511247921165487 0.03172823212215257 0.02724958423309758
0 0.3723524584944292 0.28132731328668037 0.029336555759574168 0.0550193867226084
0 0.06374260410228258 0.30530372925407556 0.03172823212215257 0.027249584233097403
0 0.22410537456520388 0.5387343037389108 0.023883781213767018 0.0452891892121194
0 0.10376221303635713 0.1678046518694554 0.03198332363742162 0.030374584233097447
0 0.2015606948686456 0.5478958161864653 0.02375623545613248 0.0437266892121194
0 0.16264210289433462 0.4230491815384495 0.028475686364518006 0.02545028589277134
0 0.2493764415346657 0.5344378900466007 0.02375623545613248 0.0437266892121194
0 0.054622437741643895 0.3838072375524454 0.03003818636451803 0.02556868506293437
5 0.3615582218303488 0.3488341219999686 0.033354376063015945 0.06619368506293437
0 0.1330976083543464 0.5652241035291293 0.025573826971401516 0.04697008838228243
0 0.21264171608047294 0.540971309962688 0.025573826971401557 0.04697008838228243
0 0.09773548258119452 0.15104320435896632 0.03172823212215257 0.027249584233097444
0 0.16436487318807802 0.17783176992073182 0.028730777879787082 0.02857528589277143
0 0.08909316152884673 0.36856166846619487 0.03003818636451803 0.02556868506293437
0 0.15398548258119452 0.15530557448483517 0.023660640606883464 0.023532588382282338
0 0.14386118348958007 0.13590437904893854 0.021970594849248924 0.02185168921211931
0 0.3528049751643287 0.365252027393909 0.02181109818322886 0.038920790041956366
0 0.1674248109297219 0.5577318348577973 0.025573826971401516 0.04697008838228243
0 0.023006420612702493 0.17721369543589663 0.018973140606883498 0.023177390871793248
0 0.13856738985797748 0.2612828873473083 0.03172823212215255 0.02724958423309749
5 0.04507170774552323 0.48557064709557063 0.013105777879787107 0.027391294191141214
0 0.10012561168832627 0.5798068217855429 0.025318735456132436 0.043845088382282425
0 0.23537771441348304 0.5341535475151334 0.02700878121376693 0.04552598755244528
0 0.1781716369830395 0.36599462075056877 0.03172823212215255 0.02724958423309749
0 0.16119156001163798 0.31967572780418313 0.033545823637421625 0.030492983403260433
0 0.1669317637949615 0.19976596950581332 0.02209814060688351 0.023414189212119307
0 0.1822217950087285 0.244403963282036 0.019355777879787085 0.027864890871793245
0 0.03179136031120041 0.21825309253146719 0.030420823637421636 0.03025618506293437