1 0.03125 0.42421875 0.06171875 0.04296875
0 0.71328125 0.4328125 0.0328125 0.0265625
0 0.3765625 0.45234375 0.028125 0.025
0 0.38125 0.40625 0.034375 0.0265625
5 0.58515625 0.50625 0.0234375 0.02109375
0 0.68203125 0.60078125 0.03203125 0.02890625
0 0.15546875 0.496875 0.03203125 0.02421875
0 0.303125 0.49375 0.0328125 0.02578125
0 0.20625 0.61953125 0.03203125 0.02578125
0 0.44296875 0.49375 0.03359375 0.02890625
0 0.528125 0.4171875 0.03046875 0.02421875
0 0.86796875 0.4578125 0.03203125 0.0265625
0 0.628125 0.98984375 0.01171875 0.01875
0 0.17421875 0.575 0.03359375 0.02421875
5 0.79296875 0.48515625 0.03671875 0.0265625
0 0.5296875 0.990625 0.01171875 0.01875
0 0.54765625 0.9890625 0.01171875 0.021875
0 0.9296875 0.12890625 0.0140625 0.059375
0 0.578125 0.990625 0.01171875 0.01796875
0 0.81328125 0.39375 0.04140625 0.0265625
0 0.90234375 0.62734375 0.028125 0.025
0 0.54609375 0.6328125 0.03828125 0.028125
0 0.4453125 0.94609375 0.0140625 0.0578125
0 0.45859375 0.82109375 0.0140625 0.05703125
5 0.1890625 0.44921875 0.03671875 0.03125
0 0.60859375 0.9359375 0.0125 0.059375
0 0.6265625 0.9375 0.01953125 0.07109375
0 0.6625 0.8078125 0.015625 0.0453125
0 0.596875 0.98671875 0.0140625 0.0265625
0 0.61171875 0.98671875 0.0140625 0.0265625
0 0.5625 0.98984375 0.01640625 0.01953125
0 0.51171875 0.9859375 0.0125 0.02734375
0 0.47890625 0.9875 0.01328125 0.025
5 0.60703125 0.4671875 0.0375 0.0296875
0 0.8546875 0.3890625 0.03515625 0.03828125
0 0.821875 0.128125 0.03515625 0.05078125
0 0.77734375 0.2703125 0.0140625 0.06015625
5 0.89140625 0.35546875 0.021875 0.0671875
0 0.80234375 0.5328125 0.03515625 0.0375
0 0.9296875 0.2609375 0.01953125 0.071875