0 0.17812267911683008 0.685516299683431 0.03587359818322886 0.03845474623907634
0 0.10253287669123576 0.6516928806413855 0.03925368969849794 0.041670674452321775
0 0.13716283926855097 0.692189848508932 0.03431109818322886 0.03840928213245363
0 0.24518276229714947 0.6436266648854103 0.0375636439408634 0.04006271034569906
0 0.5713146986616675 0.6576303627612039 0.03625623545613248 0.043142246239076344
0 0.584659334726623 0.7731417024946472 0.03807382697140156 0.04631271034569906
0 0.6940505680567236 0.6838171265512575 0.03638378121376693 0.044704746239076346
0 0.7050674295758721 0.7899989303913234 0.03638378121376693 0.044704746239076346
0 0.3005083778991838 0.5347313865138803 0.03431109818322886 0.03840928213245363
0 0.5784414145729626 0.7161559166012699 0.03625623545613248 0.043142246239076344
0 0.11047356713863973 0.46116716904204524 0.06572059484924893 0.022176528371529967
0 0.6998220780586634 0.7353341624446348 0.03144118969849785 0.04144335391920819
0 0.5900957470043758 0.9068945768678265 0.03638378121376693 0.044704746239076346
0 0.21178020199564734 0.6853200713910432 0.03431109818322886 0.03840928213245363
0 0.5634706345671436 0.5615366127612039 0.03431109818322895 0.03840928213245363
0 0.2076827622971494 0.6447178034443546 0.03612868969849794 0.04157974623907634
0 0.7080806013965224 0.8556921265512575 0.03300368969849785 0.04148881802583091
0 0.23011612956617372 0.5453937533652123 0.030548369395056164 0.03050585391920819
0 0.3346282863839147 0.5306061761681813 0.03431109818322886 0.03840928213245363
0 0.19408329259283252 0.4493371072844205 0.05934304909161443 0.0204321719450391
0 0.26417226517208736 0.5404872930195133 0.03418355242559432 0.036846782132453626
0 0.6834481657809105 0.601899536817814 0.03118609818322895 0.038318353919208195
0 0.5691943471444587 0.6028746666012699 0.034566189698497854 0.04153428213245362
0 0.1747427165395149 0.6441100496834309 0.037436098183228864 0.03850021034569906
0 0.7106793139738377 0.8971211086045688 0.03105855242559432 0.036755853919208194
5 0.5504777163703369 0.16253081142842038 0.03950878121376711 0.04479567445232169
0 0.10363286214736822 0.6939485768013196 0.03093100666795978 0.03519335391920819
0 0.07544421820650485 0.6556135025072825 0.02155600666795978 0.03492056927947225
0 0.9217774710814428 0.528400886184676 0.07209814060688373 0.02392088479802048
0 0.42188865457102287 0.6690261669969813 0.07248077787978709 0.028608384798020657
0 0.4193217639641394 0.6471738990502927 0.07222568636451801 0.025483384798020658
0 0.41863623775134223 0.6291824169969813 0.07873077787978708 0.028790241224511348
0 0.41906680138682423 0.6056767208370473 0.06454073212215264 0.026818564264907252
0 0.4104412294163925 0.5863500593168494 0.06922823212215264 0.026954956584775223
0 0.4085918159306917 0.5636938093168493 0.07560577787978709 0.028699313011266093
0 0.5023422027445534 0.4458494282797524 0.06607128121376693 0.045568564264907255
0 0.5910844200329743 0.8614456845479586 0.04001896424430527 0.051045674452321776
0 0.7157333468545947 0.9494421265512575 0.04107128121376693 0.04484113855894449
0 0.6787767701730572 0.5542660188711255 0.03651132697140156 0.04626724623907634
0 0.6773579203228384 0.5081040727111914 0.04081618969849785 0.041716138558944314
0 0.029144334557445205 0.3186590717867547 0.008035640606883488 0.02205685642649069
3 0.1876902871328207 0.30386548291124116 0.1313136439408634 0.04279055674305985
5 0.2890291307741217 0.43247856472712565 0.06884559484924893 0.022267456584775226
5 0.7006690350067888 0.160510007192643 0.071013872729036 0.04882995658477531
5 0.7676013145535658 0.19380222882111306 0.07490414727484325 0.058295884798020656
5 0.9192912313732465 0.22932688869195833 0.09786341515269079 0.03402331050398359
5 0.8682703495603548 0.3717704529568656 0.08029327787978709 0.028835705331134064