5 0.215625 0.39140625 0.0265625 0.02109375
0 0.6171875 0.528125 0.02890625 0.0234375
0 0.84296875 0.6015625 0.03046875 0.02421875
0 0.62109375 0.41015625 0.034375 0.0265625
0 0.640625 0.56953125 0.0234375 0.02109375
0 0.76953125 0.4859375 0.034375 0.025
5 0.17578125 0.56328125 0.04140625 0.025
5 0.7234375 0.3109375 0.0375 0.0296875
0 0.8140625 0.475 0.0328125 0.03828125
0 0.459375 0.88671875 0.01328125 0.06171875
5 0.69765625 0.47265625 0.03828125 0.02890625
0 0.64375 0.8734375 0.0140625 0.05859375
0 0.93203125 0.05546875 0.015625 0.05859375
0 0.8828125 0.196875 0.01328125 0.04765625
0 0.88671875 0.29609375 0.02109375 0.04453125
0 0.66484375 0.95078125 0.0125 0.05859375
0 0.82734375 0.0515625 0.02109375 0.04453125
0 0.5296875 0.94453125 0.0125 0.059375
0 0.57890625 0.940625 0.01484375 0.05
0 0.6265625 0.94375 0.01171875 0.05625
0 0.625 0.87578125 0.0140625 0.05625
0 0.5453125 0.9453125 0.0109375 0.0546875
0 0.78984375 0.39375 0.03359375 0.0265625
0 0.6453125 0.9421875 0.0171875 0.0609375
0 0.46953125 0.7546875 0.015625 0.0609375
0 0.59609375 0.940625 0.0140625 0.053125
0 0.78125 0.20703125 0.01484375 0.05078125
0 0.61171875 0.94140625 0.01328125 0.05546875
0 0.56171875 0.94140625 0.0125 0.05546875
0 0.93671875 0.43828125 0.034375 0.0265625
0 0.67421875 0.73984375 0.01015625 0.0421875
0 0.39921875 0.84765625 0.01328125 0.05
3 0.15859375 0.940625 0.06875 0.08828125
0 0.8203125 0.321875 0.03515625 0.03125
0 0.93359375 0.18828125 0.0171875 0.06796875