0 0.5508851435982495 0.8514517100433509 0.033297178878243724 0.04088260523343692
0 0.611868072703636 0.46946523365028714 0.034859678878243726 0.040973610495108656
0 0.7103519968321812 0.8179020046263874 0.033297178878243724 0.04088260523343692
0 0.6430174168924563 0.18699363886960665 0.03674972749876275 0.04731461575678066
1 0.6773536318396045 0.5449349414863252 0.06083568068726599 0.09077618942018653
0 0.0745085928300239 0.5448721552193195 0.059122694482076035 0.028367194681858266
0 0.07591064054603175 0.5270399131118273 0.06232958163720579 0.0301117052052021
0 0.0620318470138954 0.4405563815417962 0.06561835594746528 0.03341871572854575
0 0.06781817955561234 0.49151964206514 0.06874335594746528 0.03360072625188941
0 0.2788585781307028 0.594938586605824 0.07844590456798431 0.04039675782192056
0 0.07853435153645116 0.5622416657426632 0.07836401741285455 0.038834257821920556
0 0.15441850011154165 0.6577886551487324 0.07260534034363304 0.047845236775233245
0 0.1288917983933764 0.43821960779368574 0.07844590456798431 0.04039675782192056
0 0.053236701152338375 0.4213513552334369 0.06421963025772479 0.03645271046687384
0 0.06457699287545242 0.4593973868034681 0.07195024310259504 0.03534523677523325
0 0.06695836442674993 0.47511339206513997 0.07030585594746527 0.03369173151356151
0 0.07723080110690986 0.507645171004335 0.06249335594746528 0.0332367052052021
0 0.2547682236535756 0.3879150418816133 0.057723968792335524 0.03140118942018653
5 0.7223319391665507 0.5709205888131369 0.0448078889641522 0.05245714206513998
5 0.6667625333553711 0.28339820200966886 0.04620661465389268 0.049423147326811724
5 0.6562887008136541 0.23216192570130958 0.04324538896415202 0.052366136803468064
0 0.6581643820667471 0.11933570200966884 0.07877345318850323 0.046646757821920605
0 0.5810939490046317 0.17949268103356858 0.0432453889641522 0.052366136803468064
0 0.7414781710763277 0.08913923877078461 0.07046963025772471 0.03681673151356135
5 0.7523404279737326 0.058617280864159405 0.07030585594746519 0.03369173151356135
3 0.16739097014707263 0.9350413998870606 0.09348440637700661 0.08956229991529555
0 0.9026923100404798 0.1483762728304773 0.056652791723114146 0.0406851841585147
0 0.7642306755988834 0.21118854401833903 0.0622476944820761 0.0285492052052021
0 0.39138955562946565 0.6466669575536894 0.08329717887824381 0.043794773606936135