3 0.3601184686692245 0.7909451230064233 0.11003859621281213 0.11660823138263901
0 0.9069328186926656 0.3648806647064576 0.06736930718159222 0.032813806420763925
0 0.4541224778426066 0.6981198837399996 0.04241475897699036 0.04004442496187508
3 0.03513404498314808 0.12966866299402774 0.06912270472226432 0.0656626740119445
0 0.5246248336215844 0.460509474545694 0.037727258976990544 0.03993532218833344
0 0.5163310654712118 0.5122719962971871 0.03614657825883114 0.03677395459715278
0 0.4103270260472085 0.6913256762930552 0.04085225897699054 0.04000805737069442
0 0.43925041500367357 0.4249915082650343 0.03773634933607006 0.04149782218833344
5 0.5010787701934761 0.5766981722089927 0.04401362041330899 0.04633079255305574
0 0.8556470537637468 0.2793438614198257 0.07044885538619425 0.025074041603125076
0 0.5423345083878153 0.4155599972471176 0.03773634933607006 0.04149782218833344
0 0.8624964965821544 0.24793020725951315 0.07358294574527377 0.026709276785486225
0 0.31027546642972925 0.28187990074184005 0.07045794574527386 0.026636541603125074
0 0.956968659248137 0.23557371799308946 0.05168976502711473 0.023075130508958354
0 0.8549219085607659 0.6919165966021869 0.06583407825883114 0.03746493882958326
0 0.9665300116092691 0.2673867624460061 0.03918976502711473 0.02278418977951393
5 0.4756015263417962 0.49524880366788154 0.03928066861791084 0.03840918977951393
0 0.3738178751868869 0.8625109984813886 0.050263620413308896 0.04647626291777769
3 0.4302850020431035 0.6299153976077079 0.058167024004105096 0.06228310087368065
3 0.9487157977136226 0.2943674897445826 0.07986930718159221 0.03310474715020835
0 0.49229360177195697 0.4096925101648955 0.03773634933607006 0.04149782218833344
0 0.29374649658215446 0.2611680104492359 0.08297612646343308 0.030052482332569498
0 0.4201974506170477 0.7762637207459718 0.04713862041330898 0.046403527735416714
0 0.6870435412707149 0.5770579288585064 0.04398634933607006 0.041643292553055565
3 0.4156043576256895 0.523992705928333 0.0912613251355733 0.11148432028847229
0 0.1914452158405541 0.6737608890583331 0.04865566861791084 0.03862739532659738
5 0.9968947433607006 0.8081020282135756 0.0062105132785987395 0.037754573138263935
0 0.475656589377121 0.6390169874634719 0.04397725897699054 0.040080792553055744
5 0.4556162792686623 0.5519715823532287 0.039317030054229284 0.044659189779513754
0 0.15345485733110187 0.7246518950422568 0.06587043969514968 0.04371493882958344
5 0.0727911854917372 0.8273242597836458 0.07840680113146817 0.05025587955902786
5 0.09871229429577702 0.5821565769379861 0.06116475897699043 0.04048083605604162