0 0.5015625 0.90859375 0.03515625 0.0296875
3 0.846875 0.928125 0.06484375 0.13671875
0 0.58671875 0.67578125 0.034375 0.02890625
0 0.2640625 0.64375 0.021875 0.0703125
3 0.1875 0.22421875 0.034375 0.16015625
0 0.11640625 0.446875 0.0359375 0.0328125
0 0.4375 0.3390625 0.02890625 0.02421875
0 0.125 0.54140625 0.0390625 0.03359375
5 0.1078125 0.49921875 0.05 0.03984375
0 0.1890625 0.9734375 0.0328125 0.053125
0 0.22578125 0.8875 0.028125 0.065625
4 0.29609375 0.64921875 0.03515625 0.0984375
0 0.8703125 0.409375 0.03359375 0.02578125
5 0.78125 0.33984375 0.04453125 0.0296875
0 0.7515625 0.88828125 0.03515625 0.0421875
0 0.54921875 0.74375 0.03359375 0.034375
0 0.0578125 0.5140625 0.03046875 0.03125
0 0.746875 0.93125 0.028125 0.04140625
0 0.190625 0.05078125 0.015625 0.06875
0 0.2171875 0.83671875 0.028125 0.065625
5 0.4515625 0.47890625 0.03984375 0.03125
0 0.24140625 0.746875 0.0234375 0.0640625
0 0.0140625 0.540625 0.028125 0.040625
0 0.5671875 0.12109375 0.03515625 0.02734375
5 0.2546875 0.2375 0.021875 0.0703125
5 0.4671875 0.5484375 0.0390625 0.03515625
0 0.5828125 0.775 0.034375 0.03671875
0 0.403125 0.25859375 0.028125 0.0234375
5 0.221875 0.4484375 0.021875 0.075
5 0.19296875 0.584375 0.01796875 0.06875
0 0.48828125 0.34296875 0.0421875 0.03125
0 0.52109375 0.05 0.0390625 0.03515625
0 0.35234375 0.3609375 0.034375 0.0484375
5 0.21796875 0.2 0.01875 0.07734375
5 0.25078125 0.80234375 0.03203125 0.0703125
3 0.50625 0.9734375 0.021875 0.053125