0 0.6529333638883676 0.5659894698734949 0.03510235182361114 0.034056006667959694
0 0.7045725183330206 0.36512834260253085 0.03510235182361114 0.034056006667959694
0 0.27909451396461754 0.6200085795564754 0.04142508700597229 0.03769118969849785
5 0.32625718864215214 0.7796225666795978 0.04142508700597229 0.03769118969849785
0 0.13438207921909676 0.5823655740964636 0.03670121941479172 0.035746052425594324
0 0.32404399126319394 0.6056748836490596 0.04146145459715278 0.03925368969849785
0 0.2328189260087148 0.6240584797062565 0.044622822188333355 0.04107128121376711
0 0.2612764600123956 0.3430316203131401 0.021330792553055568 0.045408094849248924
0 0.3190571648938888 0.11371065319389702 0.02794446846486114 0.061543277879787084
0 0.27634102840100677 0.2002382134953991 0.031105836056041714 0.06336086939505617
0 0.2702014375953124 0.12772548470722642 0.02947060087368065 0.06010832363742162
0 0.20517835638583257 0.9372441348570076 0.02285692496187499 0.04397314060688338
0 0.25528495241295135 0.12963880000969832 0.027908100873680654 0.05998077787978708
0 0.2567006756274651 0.2033313915249674 0.031178571238402775 0.06648586939505616
0 0.3467282232145138 0.10188020395250139 0.029543336056041713 0.06323332363742162
0 0.23557186445704853 0.13585697803926663 0.02794446846486114 0.061543277879787084
0 0.30248726073357635 0.1194026727387344 0.027835365691319502 0.05685577787978709
0 0.21520481307027767 0.1365426331900177 0.031178571238402862 0.06648586939505616
0 0.45448290577583317 0.28131222562337066 0.03270470364722229 0.06505091515269071
0 0.33182992182774296 0.10301226925497331 0.027908100873680654 0.05998077787978708
0 0.28509973898208324 0.1265934194047545 0.029397865691319504 0.056983323637421625
0 0.3008188179168395 0.897304403193897 0.02943423328249999 0.058545823637421536
0 0.45929377308267316 0.47817125016917783 0.04774782218833344 0.04132637272903601
0 0.5986244575438536 0.7134067327503724 0.04153418977951393 0.042378689698497854
5 0.27518499791270773 0.7879773295564754 0.049455792553055565 0.04770391848667064
0 0.23276110857003407 0.794689844100343 0.0478205573706945 0.04445137272903601
5 0.1578487614960756 0.9529490121279716 0.03270470364722229 0.06505091515269079