0 0.6400558255140384 0.2974876919160039 0.03543475544788173 0.03788180800445442
3 0.411788349903455 0.43228250461491147 0.05091764381548423 0.05835794000636341
0 0.44891591737172154 0.7172387599459116 0.030528734160558103 0.03470226400381797
0 0.44058034939925184 0.28495297127627534 0.03230975544788173 0.03784544533736352
0 0.45595751107099025 0.8962086446133206 0.03543475544788173 0.037881808004454245
0 0.3902668090935188 0.9407586232893201 0.03543475544788164 0.037881808004454245
0 0.48528474212945527 0.8012592239417755 0.030528734160558103 0.03470226400381797
0 0.3432729327069603 0.5370705492918656 0.03543475544788164 0.037881808004454245
5 0.3438092562041863 0.2540216919557748 0.03543475544788164 0.03788180800445433
0 0.4746814698337257 0.50426604527373 0.03387225544788173 0.037863626670909055
0 0.4200035855766224 0.9075734059516385 0.03543475544788173 0.0378818080044546
0 0.47759829224567074 0.6801563832750027 0.032091234160558105 0.034720445337363515
0 0.3983696141534129 0.7100080626193658 0.03365373416055819 0.03473862667090888
0 0.6207530765224445 0.5917013159214127 0.06791947351689646 0.03357611600890866
0 0.6389746547112475 0.12548542258118575 0.0336537341605581 0.03473862667090888
0 0.4579213966654758 0.1080450259389119 0.03710651609154336 0.039462489337999784
5 0.3457816656070108 0.2039580572883657 0.03565327673520517 0.04100680800445433
0 0.9793452415376386 0.4927974552037332 0.0413095169247228 0.022584072008272216
0 0.5751471014929388 0.11840926658977627 0.032200494804219916 0.03628294533736347
0 0.08361552933309516 0.02170172998886415 0.05632640965492604 0.02407384667409057
0 0.9764278731584145 0.47643665853759687 0.04714425368317095 0.022602253341817757
0 0.9770507680207423 0.42564631787082413 0.04589846395851538 0.01938634667409058
5 0.6023644373985373 0.35109449725495817 0.03554401609154336 0.03944430800445433
0 0.9769115152968014 0.38964518320341507 0.04617696940639711 0.022584072008272393
0 0.9764498344806027 0.4092037052037332 0.04710033103879461 0.021021572008272392
0 0.7801070251457213 0.34355307523077744 0.04807686708027905 0.017732940006363405
0 0.3950661175844822 0.1595989826145933 0.04201253737886681 0.04264203333863614
0 0.35611287822814386 0.16161601595322944 0.03576253737886681 0.04256930800445433
0 0.9127663418576832 0.4069059558800509 0.0623578883676025 0.021021572008272215
5 0.793290814114072 0.07364910789309582 0.06279493094224939 0.02727157200827235
0 0.9774187037421822 0.45932188387177864 0.04338936708027887 0.01767839600572696
0 0.21964586448238904 0.03262904463718318 0.06893567029858776 0.025781797342454126
0 0.981036104595032 0.5076321145369606 0.037927790809936114 0.02254770934118149
0 0.9113459534900807 0.386593455880051 0.06413890965492612 0.02416475334181776
0 0.0784359924584314 0.1265346806572277 0.05040419158591125 0.028688621339908772
0 0.9793809514348311 0.3708224578692333 0.04123809713033779 0.022584072008272393
5 0.9986774366422327 0.27599121586573344 0.002645126715534474 0.025254538669636162
5 0.9933725776077253 0.2807423505331425 0.01325484478454939 0.02538180800445433
0 0.9771245007563045 0.43973608987114227 0.04575099848739086 0.020912484006999677
0 0.7898419301090703 0.5498576192314137 0.05777964901126431 0.022529528007635947
0 0.22548595507956454 0.08260177263686501 0.04338936708027905 0.017678396005727005
0 0.240165450135886 0.1918949566359105 0.053092149011264314 0.022474984006999675