0 0.36260179209332677 0.9492452419709412 0.029167281743586494 0.035767081637205676
0 0.359962966783299 0.9012614433504222 0.030492983403260433 0.03272396879233526
0 0.4199192298555536 0.8345962437799634 0.03229228174358649 0.03593085594746555
0 0.42854702342199485 0.9174054217536962 0.02713118506293455 0.0294351944820761
0 0.3809751290257166 0.8309865649017197 0.027249584233097403 0.0309976944820761
0 0.3938284813054461 0.9304885979184064 0.02545028589277143 0.02779080732694652
0 0.2879919557856369 0.9712187392574079 0.04166728174358649 0.03642217887824373
0 0.40044441159449573 0.9854749118040736 0.03061138257342346 0.029050176391852745
0 0.6613892925175341 0.5876304698083883 0.04685168921211939 0.02268722749876275
0 0.6460253242611206 0.5523137675243962 0.05646348755244546 0.02630355042954129
0 0.4266302485268856 0.870243816710742 0.03373638257342364 0.034450243102595125
0 0.43767264707234865 0.9625917689947343 0.029167281743586494 0.035767081637205676
0 0.3445640323450645 0.8353531603337355 0.02713118506293437 0.0294351944820761
0 0.06331772280658368 0.6135446008590826 0.05670028589277141 0.02942855042954129
0 0.6867211792401424 0.5638587771353347 0.05646348755244546 0.02630355042954129
0 0.8072112779953869 0.5678203380803255 0.06283188672260849 0.028193599050060313
0 0.0043913327715939705 0.6991268967660682 0.008782665543187941 0.019070904567984215
0 0.07090323462943839 0.730810665987945 0.05009508838228234 0.024413501809022263
0 0.0026987782074906026 0.6832971788782437 0.005397556414981205 0.022114017412854636
0 0.6766698277856055 0.6551012528250751 0.05646348755244546 0.02630355042954129
0 0.5699419566340514 0.23144798959609209 0.046733290041956366 0.021124727498762753
5 0.3869282084849292 0.8869875814100631 0.03132177759440165 0.043661468792335255
0 0.7319269354639198 0.5779931982116623 0.056226689212119395 0.02317855042954129
0 0.9474685024755779 0.6214477063522627 0.020289189212119398 0.021295145861557074
0 0.37330157113762097 0.9929819959854707 0.032410680913749525 0.014036008029058777
0 0.5275452435525081 0.6770913602428784 0.04588118506293455 0.030417840343632995
5 0.1172565097482623 0.11909191598794502 0.034091580083912554 0.03913774310259503
0 0.13980324812590023 0.28734062697836443 0.03553568091374952 0.03765713025772479
0 0.752334523846202 0.5571008440732192 0.05322008838228243 0.024577276119281777
0 0.5679417487506001 0.21644046528583258 0.046733290041956366 0.021124727498762753
5 0.268341722606091 0.34035384158682847 0.034446777594401644 0.043825243102595036
0 0.44488057321221336 0.9983400819758901 0.0350620842330974 0.0033198360482199264
0 0.13392102364570943 0.24075555404758592 0.027841580083912555 0.0388101944820761
0 0.14599312592543892 0.3402166434867078 0.03252908008391255 0.03905585594746528
0 0.12030973215386062 0.16160696460846405 0.032173882573423504 0.034368355947465276
0 0.1050767410769303 0.08315773801421238 0.030729781743586537 0.035848968792335525
2 0.8369500126480475 0.3513288788989284 0.06801813942190052 0.11717421189493056
0 0.4528127336037532 0.27629242084918504 0.06126938672260849 0.028111711894930558
0 0.4752079518601667 0.3119776153312611 0.03205548340326061 0.03280585594746528
0 0.4827594201165801 0.3468848818396045 0.032055483403260435 0.032805855947465365
0 0.4918966991608743 0.4022684226582074 0.03229228174358667 0.03593085594746519
0 0.585682587958075 0.3860060148108627 0.049976689212119396 0.022851001809022265
0 0.5885474788298684 0.3689004019659925 0.06415758838228243 0.02515048620519007
0 0.58197817011658 0.3520847161903437 0.05333848755244528 0.026139776119281775
0 0.5778710105734548 0.3338293611473896 0.06259508838228242 0.025068599050060314
0 0.5754922943916337 0.30311494968200037 0.05802598755244546 0.026385437584671045
0 0.5727108365081826 0.28806648179417593 0.056226689212119395 0.02317855042954129
0 0.5652786900373119 0.1998294973980082 0.06271348755244546 0.026631099050060315
0 0.5593722321538607 0.18461725519992428 0.06259508838228242 0.025068599050060314
0 0.5597749738554908 0.16895131162235943 0.05634508838228243 0.024741050429541334
0 0.5494770138974472 0.14958715795888627 0.059825285892771515 0.0295923247398008
0 0.5491343943962782 0.11270463364862679 0.06415758838228243 0.02515048620519007
0 0.42076094066201186 0.09891769335042226 0.06751938672260849 0.028439260515449583
0 0.4486957638974472 0.1443054364530173 0.03252908008391255 0.03905585594746528
5 0.4539743371328825 0.18850581580623094 0.034328378424238616 0.042262743102595035
0 0.44378127572030196 0.2609164043408417 0.06439438672260848 0.02827548620519007