0 0.01171875 0.2796875 0.0234375 0.01875
0 0.01171875 0.1234375 0.0234375 0.021875
0 0.10625 0.3203125 0.0265625 0.0203125
0 0.0125 0.3015625 0.02421875 0.01953125
0 0.06875 0.32265625 0.0265625 0.02109375
0 0.0109375 0.16796875 0.021875 0.0203125
0 0.16171875 0.27421875 0.021875 0.0203125
0 0.10390625 0.0515625 0.02578125 0.0203125
0 0.19453125 0.22578125 0.02421875 0.0203125
0 0.67734375 0.565625 0.02578125 0.01953125
0 0.34140625 0.6 0.02734375 0.02109375
0 0.0265625 0.684375 0.0234375 0.01875
0 0.01171875 0.259375 0.0234375 0.01953125
0 0.196875 0.3171875 0.02578125 0.01875
0 0.25859375 0.3578125 0.02265625 0.01875
0 0.06875 0.2984375 0.02421875 0.0171875
0 0.0125 0.2140625 0.02421875 0.01953125
0 0.23046875 0.64921875 0.02578125 0.0203125
0 0.06640625 0.075 0.02265625 0.01875
0 0.2546875 0.2890625 0.01953125 0.01875
0 0.103125 0.009375 0.02578125 0.01875
0 0.4640625 0.5109375 0.02421875 0.03671875
0 0.19375 0.09296875 0.025 0.01953125
0 0.24140625 0.56328125 0.02421875 0.01953125
0 0.25703125 0.33671875 0.02109375 0.0203125
0 0.96328125 0.59609375 0.028125 0.02265625
0 0.15390625 0.68203125 0.0296875 0.02265625
0 0.01171875 0.234375 0.0234375 0.01875
0 0.16015625 0.025 0.02421875 0.01953125
0 0.0671875 0.1 0.0234375 0.01953125
0 0.06953125 0.278125 0.025 0.01875
0 0.10625 0.2546875 0.02421875 0.0203125
0 0.17109375 0.3515625 0.0234375 0.01875
0 0.22421875 0.621875 0.028125 0.0203125
0 0.16171875 0.31875 0.02265625 0.01875
0 0.25078125 0.675 0.02421875 0.01796875
0 0.19140625 0.00546875 0.02265625 0.0109375
0 0.19453125 0.1140625 0.025 0.01953125
0 0.19765625 0.2671875 0.0234375 0.01875
0 0.1609375 0.14140625 0.02421875 0.01953125
0 0.50703125 0.54296875 0.02734375 0.025
0 0.06796875 0.121875 0.02265625 0.01953125
0 0.19375 0.1796875 0.0234375 0.01875
0 0.775 0.57421875 0.02734375 0.0203125
0 0.1625 0.20625 0.02578125 0.0203125
0 0.10390625 0.18515625 0.0234375 0.01953125
0 0.0671875 0.16640625 0.02578125 0.01953125
0 0.10390625 0.14375 0.0234375 0.01953125
0 0.053125 0.7125 0.0265625 0.01875
0 0.24921875 0.1109375 0.02109375 0.0203125
0 0.16015625 0.11640625 0.02265625 0.01796875
1 0.3484375 0.446875 0.021875 0.08828125
1 0.1203125 0.62265625 0.0671875 0.02890625
0 0.25546875 0.3140625 0.01953125 0.01796875
0 0.0125 0.3703125 0.02421875 0.01875
0 0.10546875 0.209375 0.0234375 0.01796875
0 0.19296875 0.0671875 0.02421875 0.01875
0 0.25546875 0.26796875 0.0203125 0.01953125
0 0.2265625 0.709375 0.02890625 0.02109375
0 0.10546875 0.09921875 0.025 0.01953125
0 0.1953125 0.29140625 0.02265625 0.01875
0 0.55078125 0.54921875 0.0265625 0.0203125
0 0.8484375 0.5890625 0.02890625 0.021875
0 0.0125 0.34609375 0.021875 0.01875
0 0.01015625 0.053125 0.0203125 0.021875
0 0.3546875 0.56484375 0.02734375 0.02109375
0 0.06640625 0.05390625 0.021875 0.01875
0 0.10390625 0.6796875 0.02578125 0.0203125
0 0.1609375 0.22734375 0.0234375 0.01796875
0 0.10703125 0.29765625 0.02421875 0.01953125
0 0.16015625 0.0953125 0.02265625 0.01953125
0 0.10859375 0.275 0.02421875 0.01875
0 0.1609375 0.25234375 0.01875 0.01640625
0 0.0640625 0.03125 0.02109375 0.0171875
5 0.096875 0.7125 0.02890625 0.01953125
0 0.06484375 0.18984375 0.02265625 0.01875
0 0.0671875 0.14609375 0.02421875 0.01875
0 0.1046875 0.11875 0.02421875 0.01875
0 0.11171875 0.56484375 0.02734375 0.02109375
0 0.065625 0.21171875 0.025 0.01875
0 0.11875 0.42578125 0.0109375 0.04453125
0 0.103125 0.028125 0.0265625 0.0171875
0 0.159375 0.05078125 0.0234375 0.01796875
0 0.11953125 0.94375 0.02734375 0.0359375
0 0.16015625 0.0703125 0.0203125 0.01875
0 0.06640625 0.01015625 0.0234375 0.01953125
0 0.19453125 0.16015625 0.0234375 0.01953125
0 0.16171875 0.29453125 0.021875 0.0171875
0 0.159375 0.00625 0.0203125 0.01171875
0 0.2578125 0.38125 0.02578125 0.01953125
0 0.14453125 0.71953125 0.02734375 0.02109375
0 0.1703125 0.41953125 0.01015625 0.04375
0 0.18359375 0.6203125 0.02734375 0.01953125
0 0.19453125 0.42265625 0.009375 0.04140625
0 0.1625 0.1625 0.021875 0.01796875
0 0.0578125 0.42890625 0.0109375 0.04609375
0 0.15859375 0.4203125 0.009375 0.0421875
0 0.10703125 0.22890625 0.025 0.01796875
0 0.1828125 0.41875 0.01015625 0.04296875
0 0.253125 0.04453125 0.01640625 0.01796875
0 0.13203125 0.42109375 0.01171875 0.04375
0 0.06953125 0.23203125 0.0234375 0.01875
0 0.22109375 0.41796875 0.0109375 0.04375
0 0.19375 0.046875 0.02421875 0.0203125
0 0.10546875 0.07109375 0.02109375 0.01796875
0 0.19921875 0.24296875 0.0234375 0.01796875
0 0.2453125 0.0046875 0.015625 0.009375
0 0.4140625 0.95078125 0.01015625 0.05078125
0 0.0609375 0.68125 0.025 0.0203125
0 0.20859375 0.41875 0.01015625 0.04140625
0 0.16171875 0.18046875 0.025 0.01875
0 0.18046875 0.7125 0.02734375 0.01875
0 0.0140625 0.3875 0.02734375 0.021875
0 0.20234375 0.678125 0.02734375 0.01953125
0 0.1953125 0.1390625 0.025 0.01953125
0 0.43515625 0.3578125 0.0125 0.0484375
0 0.08203125 0.42421875 0.0125 0.0453125
0 0.1953125 0.021875 0.0234375 0.0203125
0 0.19453125 0.6515625 0.02734375 0.01953125
0 0.06875 0.38984375 0.0125 0.04140625
0 0.23359375 0.41640625 0.009375 0.0421875
0 0.06796875 0.25625 0.0234375 0.01875
0 0.0453125 0.428125 0.01171875 0.04609375
0 0.01171875 0.03125 0.021875 0.021875
0 0.01015625 0.0125 0.0203125 0.021875
0 0.10625 0.159375 0.025 0.01875
0 0.0125 0.18671875 0.02421875 0.0203125
0 0.253125 0.06484375 0.0203125 0.02109375
0 0.1953125 0.203125 0.02421875 0.01796875
0 0.00546875 0.68515625 0.0109375 0.02421875
5 0.0140625 0.3234375 0.02421875 0.0234375
0 0.0109375 0.09609375 0.021875 0.02265625
0 0.0125 0.0765625 0.025 0.021875
0 0.01171875 0.14453125 0.0234375 0.0203125
0 0.24921875 0.0234375 0.0171875 0.02109375
0 0.24921875 0.08828125 0.01953125 0.0234375
0 0.24609375 0.13203125 0.0171875 0.02109375
0 0.25234375 0.24375 0.021875 0.0234375