0 0.6627933169699937 0.7862292609726379 0.02557274431795715 0.03456067029858776
0 0.5939439054437521 0.7520288596155851 0.025545470779006863 0.03299817029858776
0 0.6613905040637803 0.7324869019381305 0.023955697240056396 0.03132640965492613
5 0.7642164586041422 0.0014571901993527259 0.02724433847375849 0.0029143803987054517
0 0.7675987828744412 0.10160325267476464 0.024010244317957154 0.03445140965492603
0 0.753092403411862 0.3515321968585659 0.02072160308425506 0.0248578883676025
0 0.2887417569031541 0.5345999670606086 0.05339773538950343 0.019339861884498967
0 0.3655809464325729 0.5580978151993528 0.05339773538950343 0.019339861884498967
0 0.3622338039810548 0.5263397168085071 0.047120461850553054 0.01734031930985207
0 0.767386323052483 0.024368763318426374 0.023955697240056396 0.03132640965492602
0 0.4417044845787245 0.08615747720006725 0.027135244317957153 0.03466993094224948
0 0.34713845820040035 0.3182758445324479 0.05339773538950343 0.019339861884498967
0 0.46211066761532144 0.2134794478669721 0.05496023538950343 0.019449122528160778
0 0.4434191688331374 0.25614219526908205 0.023901150162155816 0.028201409654926034
0 0.4427918774372796 0.29207969526908206 0.023955697240056396 0.031326409654926037
0 0.44260491680454256 0.3474938149472512 0.024010244317957154 0.03445140965492603
0 0.7689373660731939 0.20372848138744115 0.022420470779006864 0.03277964901126431
0 0.30253942979348136 0.6381948606239913 0.05027273538950343 0.019121340597175518
0 0.7651965316566252 0.060415523962088116 0.023955697240056396 0.031326409654926037
0 0.4608072662353496 0.19874495851063384 0.050272735389503255 0.019121340597175518
0 0.9089821189158631 0.45065312184873074 0.047175008928454075 0.020465319309851893
0 0.34886855357401775 0.3532682035669553 0.040870461850553055 0.016903276735205176
0 0.34527594927194666 0.33557260517610965 0.05339773538950343 0.019339861884498967
0 0.3419851282480585 0.16647839775075654 0.05027273538950343 0.019121340597175518
0 0.34976858035937897 0.3017057035669553 0.054932961850553054 0.017886622528160777
0 0.3381703814944694 0.11680617968174176 0.05339773538950343 0.019339861884498967
0 0.34112778612085204 0.08148603871624917 0.05339773538950343 0.019339861884498988
0 0.7690697796280304 0.15143936170927202 0.024010244317957154 0.03445140965492603
0 0.34297488393010134 0.19918163710709483 0.047120461850553144 0.01734031930985207
0 0.3393646887186398 0.13779066903808004 0.05027273538950343 0.019121340597175518
0 0.34223059009861156 0.15241589775075653 0.05183523538950343 0.019230601240837242
0 0.01721715604936483 0.6730879387359197 0.03443431209872966 0.016684755447881727
5 0.4440521887186398 0.13047020591274378 0.02886138555165907 0.044154191585911204
0 0.9839900271956935 0.5343618503093056 0.011182961850553142 0.014827324505632155
2 0.0956617329571667 0.37565592784015633 0.053498921265474134 0.11454310124083733
0 0.3478942090111793 0.18557260517610963 0.04396818831160267 0.015559298022528579
0 0.85516955195246 0.5831649730895678 0.05188978246740419 0.022355601240837332
0 0.983481512585197 0.5187914806311366 0.012745461850553141 0.014936585149293791
0 0.3417475746773361 0.2694941371070948 0.05657728246740401 0.022683383171822412
0 0.34195212621946364 0.2577753871070948 0.05496023538950343 0.019449122528160778
0 0.45898348782513543 0.03501024044161903 0.061292056006354304 0.024573665102807674