3 0.85 0.93515625 0.0640625 0.1296875
0 0.54140625 0.4421875 0.02734375 0.02265625
0 0.2578125 0.3046875 0.02734375 0.05625
5 0.6359375 0.44453125 0.0390625 0.0296875
0 0.85 0.49375 0.03515625 0.02578125
0 0.5875 0.6765625 0.03359375 0.03046875
0 0.62109375 0.86796875 0.028125 0.059375
0 0.27734375 0.72421875 0.02578125 0.06328125
0 0.2984375 0.6421875 0.02265625 0.0671875
5 0.2 0.8890625 0.03203125 0.0796875
0 0.26328125 0.38828125 0.03046875 0.05078125
0 0.08046875 0.18359375 0.03125 0.05703125
0 0.46953125 0.2953125 0.03671875 0.02578125
0 0.12421875 0.4921875 0.0390625 0.03515625
0 0.58359375 0.77421875 0.0328125 0.03828125
0 0.56796875 0.12109375 0.03515625 0.0265625
0 0.55 0.74609375 0.03359375 0.0359375
0 0.24296875 0.15859375 0.01640625 0.0703125
0 0.40390625 0.44765625 0.0375 0.0296875
0 0.0515625 0.46875 0.04375 0.03515625
0 0.17890625 0.04296875 0.015625 0.0609375
0 0.240625 0.0421875 0.01484375 0.071875
0 0.75078125 0.88828125 0.03515625 0.0453125
0 0.159375 0.409375 0.03046875 0.03515625
3 0.1828125 0.1625 0.0265625 0.096875
0 0.25234375 0.69375 0.02421875 0.06796875
5 0.0203125 0.5328125 0.040625 0.0375
0 0.22890625 0.79140625 0.0265625 0.059375
3 0.2125 0.09765625 0.02421875 0.1203125
3 0.23359375 0.86171875 0.04921875 0.11171875
0 0.52265625 0.04453125 0.03125 0.02734375
0 0.29296875 0.096875 0.01640625 0.0671875
0 0.403125 0.0890625 0.02578125 0.04609375
0 0.7484375 0.93515625 0.03125 0.05546875
0 0.5546875 0.93671875 0.03203125 0.05703125
0 0.59765625 0.9765625 0.0171875 0.04609375