0 0.30317535086747743 0.5253964723816577 0.03627746144333717 0.029887487899751618
0 0.2543232479974152 0.3242561531980127 0.03471496144333717 0.029878397540671918
0 0.6760330575304525 0.5853997489198456 0.041165220542635696 0.03303975897699054
5 0.6260261582410465 0.7437616947633152 0.041165220542635696 0.03303975897699054
0 0.821304787172387 0.5502940167756305 0.03794009099298634 0.03145907825883114
0 0.6316217234772965 0.5710736285065365 0.04126535009228505 0.03460225897699036
0 0.7218264188815046 0.5903554145126941 0.04439035009228505 0.03462043969514959
0 0.6991746730435577 0.30965031517662417 0.019991127390180986 0.04384999394987581
0 0.6450936520671833 0.08034408937712098 0.027242422886674333 0.05951135538619427
0 0.6856802768364706 0.1665497549699697 0.030467552436323507 0.06109203610435347
0 0.6934112361203393 0.09469293568812893 0.02870479333702498 0.05795794574527387
0 0.7447692589516404 0.9031053993873837 0.023015997840531634 0.04230567466803521
0 0.7081047917958655 0.0971230440993853 0.027142293337024982 0.05794885538619425
0 0.7057424529623473 0.17057417963800475 0.029105311535622035 0.06420794574527386
0 0.6170385032392025 0.06689466773414805 0.027342552436323508 0.061073855386194253
0 0.7272355235972681 0.10348667358788052 0.027242422886674333 0.05951135538619425
0 0.6611494486434106 0.08590828814745696 0.026942034237726276 0.054823855386194255
0 0.7482792088224434 0.10439064343545537 0.029105311535622035 0.06420794574527386
0 0.5064049845791799 0.2444424299325923 0.03056768198597286 0.06265453610435348
0 0.6317821236895531 0.06854352614540442 0.027142293337024982 0.05794885538619425
0 0.6786676156699887 0.09304407727687256 0.028504534237726274 0.054832945745273906
0 0.6489351272425227 0.8619077067653678 0.02860466378737563 0.056395445745273776
3 0.2548179079272794 0.011642523709517499 0.08411418414544122 0.02079428903121974
0 0.4985262260981901 0.44056345100983113 0.0476154796419344 0.03620112041330899
0 0.3546506084256166 0.6734072463857628 0.04146560919158375 0.037727258976990544
5 0.6762066309431505 0.7534321314334028 0.04957849784053163 0.042460210772388506
0 0.7195561127445533 0.7599366614876321 0.047815738741233106 0.03932612041330898
5 0.7913741486803224 0.9197889053393121 0.03203005243632351 0.06110112646343317