5 0.73148709151456 0.6575335340327395 0.05153167889684287 0.05566350180902226
0 0.46118302581424897 0.5499036612382466 0.0462071420651398 0.04448034034363317
5 0.15830240756780678 0.3509970132289831 0.0554757262518895 0.06988977611928178
0 0.4712790916557344 0.4959122020568495 0.0478606473268119 0.04612472749876275
0 0.528614178543907 0.45062735752934496 0.05263915258848364 0.04793288896415202
0 0.5225377547675617 0.5468882038658718 0.046116136803468065 0.042917840343633176
0 0.4604102101139381 0.4563993227036359 0.047678636803468066 0.042999727498762755
0 0.7176044149662044 0.900590815240404 0.046282736775233244 0.07252345318850359
5 0.36169490514873237 0.13890088421445368 0.0468287683452643 0.08189845318850328
5 0.2764986707219864 0.3610857434412793 0.04066977360693613 0.08313340456798421
0 0.6102638098739417 0.7158263116223594 0.04804265785015538 0.04924972749876275
5 0.13956490202378627 0.6444261086609988 0.04740562101845254 0.03831222749876275
0 0.7170642155873714 0.24943110696351808 0.046571163111827296 0.050730340343633086
0 0.4050507920227876 0.10768186171321648 0.042793715728545935 0.06610967887824382
0 0.5289550837632266 0.4965982767966503 0.04951415258848364 0.047769114653892684
5 0.12552478882725432 0.6841912935321364 0.036013094710093264 0.029926517412854636
5 0.3152958602127601 0.345205115897088 0.043794773606936135 0.08329717887824373
0 0.7675423577230985 0.22014307666036478 0.051713689420186525 0.058788501809022266
0 0.31006305766662884 0.255361365897088 0.043248742036905076 0.07392217887824373
0 0.4511452710466874 0.029874444254933415 0.030415542093374805 0.01405585594746529
5 0.6235123656861935 0.140939176276252 0.05345819994353036 0.06199538896415206
5 0.39597962891096034 0.05891681309269747 0.05133425782192065 0.07901911465389255
5 0.2663479389260764 0.587982436114333 0.0362552893919517 0.08757524310259512
5 0.08932270734192785 0.5841569940071063 0.051076652588483616 0.04785100180902226
0 0.08449026514973104 0.6750309774987627 0.04629814732681177 0.04604284034363317