0 0.13671875 0.36875 0.02734375 0.0234375
0 0.0890625 0.3671875 0.03046875 0.0234375
0 0.19765625 0.4328125 0.03046875 0.02421875
0 0.11328125 0.43515625 0.02421875 0.02109375
0 0.4546875 0.68046875 0.01484375 0.05390625
0 0.040625 0.4 0.03125 0.0265625
5 0.14921875 0.396875 0.0359375 0.02265625
0 0.20390625 0.39453125 0.0265625 0.02265625
0 0.415625 0.6875 0.0125 0.0546875
0 0.1046875 0.39921875 0.021875 0.01953125
0 0.1609375 0.43671875 0.0296875 0.0265625
0 0.20546875 0.359375 0.0234375 0.02109375
0 0.0671875 0.440625 0.03046875 0.021875
0 0.42265625 0.8390625 0.015625 0.06015625
0 0.43828125 0.7203125 0.01484375 0.053125
0 0.34921875 0.7015625 0.01484375 0.0546875
0 0.353125 0.98359375 0.01640625 0.0328125
0 0.37734375 0.01796875 0.01328125 0.03515625
0 0.3921875 0.01640625 0.015625 0.0328125
0 0.4203125 0.76328125 0.01328125 0.0546875
0 0.78203125 0.62890625 0.01328125 0.04609375
0 0.0328125 0.3734375 0.0328125 0.025
0 0.71875 0.20625 0.0296875 0.025
0 0.2421875 0.2828125 0.028125 0.02421875
0 0.43828125 0.7859375 0.0140625 0.0484375
0 0.509375 0.21171875 0.0296875 0.034375
0 0.2828125 0.478125 0.025 0.03046875
0 0.00625 0.44296875 0.0125 0.02578125
0 0.7703125 0.2 0.02890625 0.02734375
0 0.81796875 0.19609375 0.03046875 0.025
0 0.89765625 0.1921875 0.0296875 0.028125
0 0.9796875 0.184375 0.03359375 0.0265625
5 0.94140625 0.1890625 0.03671875 0.03046875
5 0.81953125 0.31328125 0.03984375 0.0234375
2 0.6359375 0.8875 0.1078125 0.0421875
5 0.8359375 0.5203125 0.0375 0.025
0 0.75 0.5125 0.01640625 0.05703125
0 0.76484375 0.50859375 0.015625 0.0515625
0 0.71171875 0.5328125 0.0296875 0.02421875
0 0.675 0.53515625 0.0328125 0.02421875
0 0.61796875 0.5421875 0.03359375 0.02109375
0 0.6265625 0.6375 0.01171875 0.040625
0 0.64296875 0.63984375 0.01171875 0.05703125
0 0.6609375 0.63671875 0.0140625 0.05390625
0 0.678125 0.63515625 0.01484375 0.05234375
0 0.71015625 0.63671875 0.01328125 0.05078125
0 0.7234375 0.634375 0.01171875 0.06015625
0 0.828125 0.621875 0.01328125 0.0453125
0 0.7953125 0.625 0.0140625 0.05625
0 0.8125 0.62734375 0.0140625 0.05859375
0 0.84453125 0.6265625 0.01328125 0.04765625
0 0.86171875 0.6234375 0.0140625 0.05625
0 0.9015625 0.61953125 0.01484375 0.04609375
0 0.99375 0.61875 0.0125 0.06171875
0 0.93046875 0.49765625 0.015625 0.06171875
0 0.8796875 0.51796875 0.0359375 0.0328125