3 0.9416590660532467 0.21596433606496618 0.09047235253201365 0.11009449568106336
3 0.21215722169608933 0.6604416425064593 0.11668624203690499 0.07908432757475108
0 0.2039792426016024 0.5068555675526019 0.038303636803468065 0.0429279796419344
3 0.3916494876928664 0.8660944578995927 0.0783517841302798 0.08908108883351815
5 0.319579668726435 0.299415702500922 0.04013915258848364 0.047715609191583755
0 0.24227590315318098 0.5308647640365441 0.038303636803468065 0.0429279796419344
0 0.6628606899142968 0.41907405382982466 0.04308214206513998 0.044790868290882455
0 0.6220265034072948 0.7727194879752659 0.0759856473268119 0.04845608883351815
3 0.22601938452556797 0.3155296607050566 0.06374325256024882 0.07880492288667415
5 0.42167903697287734 0.10996437384643669 0.04023015785015538 0.04927810919158371
0 0.7166612531249461 0.47088807526762455 0.04473564732681172 0.04645349784053181
5 0.372370739759005 0.27501767736249433 0.04004814732681172 0.046153109191583754
0 0.3551685582313262 0.32982509330933824 0.038303636803468065 0.0429279796419344
0 0.3354406161803037 0.38790770358065607 0.038303636803468065 0.0429279796419344
0 0.8699381715690325 0.4851939998523417 0.052548147326811546 0.046954145588778216
0 0.2560800688958442 0.4809451071889989 0.03839464206513989 0.0444904796419344
0 0.9560107214137407 0.317006401919525 0.0462981473268119 0.046553627390180985
0 0.04129577403045916 0.36005731801402713 0.03646812101845254 0.038140350092285044
0 0.12855285032470098 0.3318939427833145 0.04317314732681177 0.04635336829088228
0 0.34540381924878005 0.8449296591638971 0.05309417889684287 0.05632914558877822
0 0.5291480296450668 0.6969463348283484 0.06762711575678075 0.03858044108527139
0 0.5341771638882862 0.7308707518549266 0.06928062101845249 0.04024307063492074
0 0.7856956193052499 0.8758678670634898 0.07138915258848363 0.04971820018457009
0 0.9133982871846389 0.300278779309706 0.05420165258848364 0.04861677513842757
0 0.7524923373116957 0.4436852251753395 0.0494231473268119 0.046753886489479514
5 0.14465672148432784 0.44294206431339933 0.06366765785015546 0.05078005243632351
5 0.27811875277201026 0.12928247763934958 0.046662168373499215 0.052803627390180984
5 0.23100374516185118 0.43040368908268667 0.038303636803468065 0.0429279796419344
0 0.04382117004185298 0.6566121429678846 0.08764234008370596 0.04643251387966067
0 0.3921441844408634 0.21615381709117648 0.04004814732681172 0.046153109191583754
0 0.7200853008329287 0.8263673172480601 0.07460515785015538 0.051480959283868796
0 0.6202588770565832 0.7362510618493892 0.0822356473268119 0.04885660703211538
5 0.7929844745386868 0.8442674136397172 0.08443518415851478 0.05989423658176492
5 0.45090307636482896 0.024022682373569023 0.045008663111827295 0.048045364747138046
5 0.7000227007905763 0.7832879457179752 0.0825086631118273 0.05354410703211521
0 0.9092435952747906 0.5052468815614594 0.06541216837349921 0.05400518198597286
3 0.2974940241716335 0.4915228593484672 0.06585178413027988 0.0882800524363235