3 0.8515625 0.92578125 0.06484375 0.1421875
4 0.290625 0.64921875 0.03515625 0.103125
0 0.1171875 0.934375 0.02890625 0.06015625
5 0.2265625 0.5125 0.0375 0.03046875
3 0.1859375 0.04765625 0.03125 0.0953125
0 0.58828125 0.671875 0.03359375 0.03203125
0 0.24375 0.33125 0.03125 0.05625
0 0.2265625 0.88515625 0.028125 0.06484375
5 0.2140625 0.159375 0.0203125 0.07578125
0 0.390625 0.0546875 0.02734375 0.059375
0 0.50078125 0.80625 0.034375 0.03671875
0 0.4375 0.3359375 0.03046875 0.0234375
0 0.265625 0.64140625 0.021875 0.0703125
0 0.06953125 0.5125 0.0390625 0.03359375
0 0.4875 0.190625 0.0359375 0.03671875
0 0.75078125 0.88203125 0.03515625 0.04140625
0 0.1609375 0.47421875 0.03046875 0.028125
0 0.19765625 0.9734375 0.03046875 0.053125
0 0.5609375 0.921875 0.034375 0.0453125
0 0.5515625 0.740625 0.034375 0.0359375
0 0.1453125 0.0453125 0.02265625 0.0640625
0 0.17890625 0.41328125 0.03671875 0.0390625
0 0.521875 0.0421875 0.03125 0.0265625
0 0.24375 0.74140625 0.02421875 0.0609375
0 0.584375 0.76875 0.0328125 0.03671875
0 0.24140625 0.1546875 0.01328125 0.0671875
0 0.02421875 0.259375 0.03671875 0.0390625
5 0.18671875 0.16640625 0.01796875 0.07265625
5 0.29296875 0.4578125 0.0390625 0.0296875
0 0.1625 0.98671875 0.0234375 0.02578125
0 0.05078125 0.4625 0.03828125 0.03671875
0 0.5671875 0.11796875 0.03671875 0.028125
0 0.00546875 0.54453125 0.0109375 0.0328125
0 0.58203125 0.2078125 0.0265625 0.02265625
0 0.7484375 0.925 0.028125 0.04140625
5 0.20859375 0.03671875 0.01953125 0.0734375
0 0.2453125 0.03515625 0.015625 0.0703125
5 0.253125 0.803125 0.03125 0.08046875
3 0.5078125 0.9734375 0.025 0.053125