3 0.1924742845477469 0.060082977323364095 0.09119856909549377 0.12016595464672819
3 0.7550204057789708 0.5605047652371408 0.08714905575957417 0.05408861067790873
3 0.3111270135050974 0.5351722419637289 0.10408146424430509 0.05116360534690863
5 0.4577149710814428 0.5491063779440026 0.04317591515269079 0.031722714672181594
3 0.8202775835186751 0.8905280725652773 0.055101572429473576 0.13957157733927233
0 0.7183337356253103 0.5038462325748224 0.036925915152690794 0.031649989337999784
0 0.6132476228982139 0.5097609725891399 0.03848841515269079 0.03166817067154533
0 0.7948324627464931 0.5021740972310956 0.04330346091032524 0.033285214672181596
0 0.9283623109297219 0.5381559558800509 0.04524859818322895 0.03799089600572714
0 0.45664783909937307 0.21990013594050276 0.04094373545613248 0.04262385200509069
0 0.4512744260727143 0.31692967727563903 0.041868506667959694 0.03482953333863614
0 0.5797015413848845 0.5586348245942305 0.04005091515269079 0.03168635200509069
0 0.48960373137324653 0.25001434993636656 0.04081618969849785 0.04106135200509069
3 0.4639014560785332 0.47161717727563895 0.10082891848667046 0.049564742679817544
5 0.6671542597120756 0.39418087858054945 0.04623701333591956 0.06922271467218159
0 0.8116704368235599 0.13365990722473226 0.04311201333591939 0.06918635200509068
5 0.819243562886576 0.19769513522441412 0.05063747091226496 0.08488407733927242
0 0.8607285297159549 0.49515139055541424 0.04837359818322895 0.038027258672817865
0 0.7819029306146421 0.2192434185630502 0.04011455909355401 0.07071248933799978
0 0.468109305638888 0.8680381912794569 0.04005091515269079 0.031686352005090866
0 0.848131645487167 0.8581422865611412 0.02735946757828529 0.06744203866963616
0 0.7562489684963689 0.29774113590073187 0.038296967578284935 0.06756930800445433
3 0.8452933010969602 0.9574883058959592 0.03829696757828529 0.0675693080044546
0 0.7471925750145475 0.3783916992361863 0.03360946757828494 0.06751476400381806
5 0.7197671426122292 0.9620769032463677 0.029974284547746956 0.061228401336727245
5 0.7751900292569129 0.3765019352323683 0.03437474212409235 0.07688976400381797
0 0.513612866399432 0.9464899079408209 0.03848841515269079 0.03166817067154533
3 0.5295758007586043 0.024366556631933416 0.03571410151720862 0.04873311326386683
0 0.8856503286383915 0.04365197788036914 0.04145391848667046 0.048873852005090666
0 0.7912439166989944 0.8509843145687771 0.02490414727484307 0.056486357336090975
0 0.8431252810930807 0.8542905805617774 0.027359467578284936 0.06744203866963616
5 0.6161032321221526 0.017998104292660962 0.03262105242559432 0.035996208585321925
5 0.8443556489418331 0.05508037388609614 0.04843724212409199 0.077053396005727
0 0.2922191930324778 0.05446713462763816 0.04145391848667064 0.048873852005090666
4 0.5849170050009699 0.02012849729472905 0.03156873545613248 0.0402569945894581