0 0.6393558169699937 0.8450077260507172 0.025600017856907444 0.034811376623205346
0 0.7423013591766303 0.6780032325435391 0.02710797077900686 0.03171365016215581
0 0.6800490008173694 0.8418105880634261 0.028752291395857908 0.036428423701106286
0 0.6697261189125677 0.04529409820969585 0.02710797077900686 0.031713650162155785
0 0.6315508198093674 0.6205844245085897 0.02710797077900686 0.03171365016215581
5 0.717517367698047 0.48610605884243296 0.025600017856907444 0.034811376623205346
0 0.5923533210238882 0.17992246834007952 0.02710797077900686 0.03171365016215581
0 0.832973403415157 0.9007470316500346 0.02713524431795733 0.033276150162155814
0 0.5631782897743001 0.23958779463897342 0.03187729139585791 0.03648297077900677
0 0.8060405308491415 0.7424163344099781 0.02710797077900686 0.03171365016215581
0 0.6226408388807956 0.14606566558013598 0.02710797077900686 0.03171365016215577
0 0.5491096558441987 0.0158366489410445 0.029905688311602674 0.013018197240056461
0 0.5319907451320314 0.3250070973989169 0.02869774431795715 0.0333034237011061
0 0.6598764172115796 0.5648117114402207 0.02710797077900686 0.03171365016215581
0 0.694007324270299 0.13168161160237646 0.02710797077900686 0.03171365016215577
0 0.7940684107187579 0.6671845093289003 0.03190456493480802 0.038045470779006864
0 0.8258018315804904 0.863891913955283 0.027053423701106284 0.028588650162155817
0 0.6104997544675221 0.4834565714243347 0.02710797077900686 0.03171365016215581
0 0.6498411237871269 0.692019093745469 0.0319045649348082 0.038045470779006864
0 0.6269979131543899 0.7471060142001642 0.028725017856907443 0.034865923701106104
0 0.8170092585280072 0.7855896359521056 0.02710797077900686 0.03171365016215581
0 0.5847339155867266 0.3478093977232285 0.03187729139585791 0.03648297077900677
0 0.6909329172082843 0.0839571777550006 0.02710797077900686 0.03171365016215577
0 0.656963471593081 0.3287514805149442 0.03028751785690744 0.03489319724005648
0 0.705702754871264 0.17799354991397917 0.025490923701106106 0.028561376623205438
0 0.6699727970844913 0.9713617203686745 0.027080697240056396 0.03015115016215546
0 0.7554986087695932 0.5039617605467163 0.02710797077900686 0.03171365016215581
0 0.20354637094445788 0.42711942775829587 0.04881932954530477 0.022720479707460585
0 0.7183158031669806 0.21650662499505707 0.030260244317957152 0.0333306972400564
0 0.7965797560923752 0.7023953064068009 0.02225682954530477 0.02225682954530477
0 0.7536260117711228 0.2530714163909149 0.04443183847375849 0.039826159090609534
0 0.20483613555495447 0.44277170129724625 0.04881932954530477 0.022720479707460585
0 0.9531390422099321 0.32923231614603354 0.029960235389503254 0.016143197240056396
0 0.5497391270302425 0.15885994601894518 0.02710797077900686 0.03171365016215581
0 0.27644808279501093 0.4143251473194868 0.05506932954530477 0.022829573863261742
0 0.47842323457872454 0.12557411322722953 0.03489319724005639 0.03028751785690744
0 0.9401168908299603 0.31415674106495567 0.052053423701106286 0.02902502678536125
0 0.287935007713933 0.4278109488616143 0.05506932954530477 0.02282957386326192
1 0.2540782049539895 0.3975234310047068 0.09591251785690744 0.0360386858759707
1 0.08393330032760685 0.4297205020285949 0.12102161201270885 0.04272506249917622
0 0.16937592248658542 0.4148006599013884 0.04254205600635443 0.02104888555165907