0 0.2226779482049981 0.309811498301957 0.09144335391920819 0.033932513879660675
0 0.8349723258768826 0.6367928192414196 0.03555706677218993 0.04282785009228505
0 0.05036267900466819 0.310465933065707 0.08363085391920826 0.033431866131414
0 0.7694061280010891 0.9562053508582522 0.04203438730530316 0.05104086829088246
0 0.9830496357872992 0.9812858370570332 0.033900728425401636 0.03742832588593359
0 0.7258784707040332 0.6126463155407917 0.03881845909205772 0.047715609191583755
0 0.21345371239076302 0.34119190622923645 0.10251724623907635 0.03932092072720579
0 0.5562225709288249 0.19550198102621036 0.09203438730530315 0.05424501387966063
0 0.92924723079967 0.0712457672665214 0.04286946159934004 0.026140997840531678
0 0.9580458322115959 0.12299803438538452 0.032886707838416386 0.05825259099298643
5 0.8201593873053031 0.10090538401624427 0.05686977711788863 0.07850453423772623
0 0.785515546647423 0.7326572293281673 0.05025606426490725 0.06560401603912887
0 0.7881344297960909 0.6618638679771154 0.04212531551854859 0.054165868290882456
0 0.8367681580884787 0.6985115692414195 0.03399456677218957 0.0427277205426357
0 0.7320722979010642 0.7183153246400904 0.03734688730530315 0.0507404796419344
0 0.9725645687507468 0.8631724514119625 0.04520485141192587 0.052803627390181164
0 0.9243065766683056 0.9466369910483596 0.04221624373179367 0.05729086829088246