0 0.5875 0.03203125 0.0375 0.03359375
0 0.50703125 0.184375 0.02734375 0.02734375
0 0.60703125 0.171875 0.03671875 0.03359375
0 0.82265625 0.58046875 0.03984375 0.028125
0 0.63359375 0.09609375 0.0359375 0.03203125
0 0.671875 0.48828125 0.03828125 0.02890625
0 0.60078125 0.1390625 0.03671875 0.03359375
0 0.72890625 0.47421875 0.040625 0.03046875
0 0.5765625 0.50703125 0.034375 0.02890625
0 0.50859375 0.25703125 0.0328125 0.02734375
0 0.5078125 0.2203125 0.034375 0.0296875
0 0.50859375 0.28984375 0.034375 0.02890625
0 0.31953125 0.12890625 0.01640625 0.06875
0 0.63359375 0.05390625 0.03828125 0.028125
0 0.63984375 0.12578125 0.03359375 0.03125
0 0.59765625 0.34921875 0.015625 0.05390625
0 0.7171875 0.60078125 0.03828125 0.03046875
0 0.628125 0.02109375 0.0328125 0.02890625
0 0.7859375 0.46484375 0.04140625 0.0296875
0 0.8890625 0.5640625 0.0359375 0.028125
0 0.91875 0.4375 0.03984375 0.03203125
0 0.771875 0.590625 0.034375 0.0265625
0 0.61796875 0.50078125 0.034375 0.02890625
0 0.54453125 0.62890625 0.03515625 0.02578125
0 0.66328125 0.97421875 0.0140625 0.05078125
0 0.59140625 0.00625 0.0328125 0.0125
0 0.571875 0.35078125 0.01484375 0.05546875
0 0.4015625 0.09453125 0.0140625 0.06484375
0 0.40390625 0.178125 0.0140625 0.0625
0 0.55234375 0.35703125 0.01640625 0.06640625
5 0.2484375 0.81171875 0.040625 0.0578125
5 0.18046875 0.60625 0.0390625 0.040625
5 0.20625 0.75390625 0.0359375 0.06640625
5 0.325 0.67109375 0.015625 0.04765625
5 0.35078125 0.79765625 0.0203125 0.07421875
5 0.4453125 0.8546875 0.0203125 0.07421875
5 0.30859375 0.940625 0.0171875 0.0828125
5 0.409375 0.2765625 0.01484375 0.0640625
3 0.265625 0.21171875 0.02890625 0.12890625
0 0.24765625 0.028125 0.02109375 0.05625
0 0.33203125 0.34140625 0.01953125 0.06796875
0 0.4546875 0.4765625 0.03359375 0.05078125
0 0.603125 0.8671875 0.021875 0.071875
0 0.684375 0.971875 0.0171875 0.05625
0 0.70546875 0.97109375 0.01796875 0.05703125
0 0.58671875 0.62109375 0.0359375 0.040625
0 0.6375 0.61015625 0.0390625 0.034375
0 0.93359375 0.55546875 0.0421875 0.0359375
0 0.98203125 0.54296875 0.03515625 0.0453125
0 0.87109375 0.446875 0.0453125 0.03984375
0 0.5921875 0.10078125 0.04140625 0.04296875
0 0.61796875 0.34140625 0.01875 0.07265625
0 0.6375 0.34609375 0.01796875 0.07890625
0 0.659375 0.33828125 0.0203125 0.07109375