0 0.8234375 0.24453125 0.03125 0.02421875
0 0.7703125 0.38984375 0.025 0.02109375
0 0.7765625 0.27734375 0.03046875 0.02421875
0 0.66171875 0.24609375 0.02890625 0.021875
0 0.8765625 0.3515625 0.03125 0.0234375
0 0.42109375 0.671875 0.01171875 0.05390625
5 0.45546875 0.35625 0.034375 0.02734375
0 0.6640625 0.28203125 0.028125 0.01953125
0 0.3875 0.3953125 0.02890625 0.02578125
0 0.6203125 0.2828125 0.0265625 0.02109375
0 0.28515625 0.3984375 0.03203125 0.0265625
0 0.71328125 0.35546875 0.0296875 0.0203125
0 0.23203125 0.3234375 0.03203125 0.0265625
0 0.83046875 0.19453125 0.03125 0.02578125
0 0.7125 0.24453125 0.028125 0.0234375
0 0.9078125 0.1921875 0.028125 0.02265625
0 0.9875 0.190625 0.025 0.02421875
0 0.35078125 0.05703125 0.0125 0.05703125
0 0.88515625 0.5203125 0.0296875 0.02421875
0 0.59609375 0.35703125 0.0296875 0.02265625
0 0.9140625 0.390625 0.02890625 0.01953125
0 0.7125 0.27890625 0.02890625 0.0203125
0 0.35 0.67890625 0.01171875 0.04921875
0 0.6640625 0.62890625 0.0125 0.05546875
5 0.95078125 0.19609375 0.03671875 0.0265625
0 0.75703125 0.5078125 0.01328125 0.05546875
0 0.7296875 0.2015625 0.02734375 0.01875
0 0.63359375 0.4 0.025 0.01875
0 0.871875 0.20078125 0.0296875 0.02109375
0 0.6796875 0.5265625 0.03203125 0.02265625
0 0.71640625 0.525 0.0265625 0.0234375
0 0.77109375 0.50859375 0.0125 0.04921875
0 0.78125 0.19765625 0.03046875 0.0265625
0 0.83203125 0.625 0.0125 0.053125
0 0.8671875 0.62421875 0.01328125 0.0546875
0 0.68125 0.6234375 0.01328125 0.0515625
0 0.61796875 0.2484375 0.02734375 0.02421875
0 0.6234375 0.5328125 0.0296875 0.02265625
0 0.81796875 0.62578125 0.01171875 0.053125
0 0.35078125 0.97421875 0.0140625 0.0515625
2 0.6375 0.8796875 0.109375 0.04140625
0 0.903125 0.62421875 0.01328125 0.05234375
0 0.846875 0.6265625 0.0125 0.05
5 0.4375 0.85546875 0.01484375 0.0703125
0 0.64609375 0.628125 0.01328125 0.05234375
0 0.628125 0.62421875 0.0140625 0.04375
0 0.7140625 0.63203125 0.01328125 0.053125
0 0.72734375 0.62890625 0.01328125 0.05546875
0 0.78671875 0.6265625 0.01328125 0.04765625
0 0.80078125 0.621875 0.01171875 0.05390625
0 0.93515625 0.5015625 0.01640625 0.06171875
0 0.9953125 0.6265625 0.009375 0.05625
5 0.8421875 0.521875 0.0390625 0.028125