0 0.2796875 0.5234375 0.03203125 0.0265625
0 0.61953125 0.36015625 0.03125 0.0265625
0 0.83984375 0.58203125 0.03125 0.0265625
0 0.703125 0.53515625 0.03046875 0.02578125
0 0.64765625 0.946875 0.0125 0.05546875
0 0.52890625 0.48046875 0.03515625 0.025
0 0.50625 0.5203125 0.040625 0.0234375
0 0.71484375 0.48125 0.02421875 0.02265625
0 0.628125 0.94609375 0.0125 0.05703125
0 0.46015625 0.8890625 0.0140625 0.059375
5 0.5953125 0.56328125 0.04296875 0.03125
0 0.57890625 0.94296875 0.01484375 0.05
5 0.725 0.31484375 0.03828125 0.02734375
0 0.546875 0.94921875 0.01484375 0.0578125
0 0.496875 0.9796875 0.0140625 0.040625
0 0.028125 0.6203125 0.0328125 0.02421875
0 0.95078125 0.59765625 0.025 0.0203125
0 0.5625 0.94609375 0.01328125 0.0578125
0 0.5953125 0.94296875 0.0140625 0.0578125
3 0.2078125 0.61015625 0.0875 0.05
5 0.2875 0.56875 0.0421875 0.03359375
5 0.75859375 0.4734375 0.03984375 0.03125
5 0.80546875 0.4875 0.03984375 0.034375
5 0.85546875 0.4875 0.0390625 0.03359375
1 0.8515625 0.5421875 0.09140625 0.0359375
0 0.89921875 0.47109375 0.03046875 0.06640625
0 0.78203125 0.2046875 0.01796875 0.06328125
0 0.81953125 0.32421875 0.03984375 0.03359375
0 0.8640625 0.31640625 0.040625 0.05
0 0.9015625 0.1875 0.0171875 0.04921875
0 0.88359375 0.19453125 0.01328125 0.04375
0 0.82890625 0.05078125 0.025 0.053125
0 0.9375 0.190625 0.01484375 0.0609375
0 0.9328125 0.04921875 0.01484375 0.06328125
5 0.92109375 0.2265625 0.01796875 0.0828125
0 0.471875 0.75625 0.01796875 0.0671875
0 0.43359375 0.71953125 0.01484375 0.05859375
0 0.6765625 0.7421875 0.01328125 0.05234375
0 0.64296875 0.8765625 0.015625 0.0671875
0 0.625 0.875 0.015625 0.05859375
0 0.66484375 0.95234375 0.0140625 0.065625
0 0.6125 0.94140625 0.01328125 0.059375
0 0.528125 0.946875 0.015625 0.0625