0 0.5242323688298891 0.8269944732654576 0.03886392319868044 0.047311352005090866
0 0.5261512553437694 0.570635385264185 0.04029003087881229 0.04264203333863605
0 0.9806405550604538 0.4535531418682788 0.038718889879092444 0.0473840773392725
0 0.7457925024407754 0.43756670456718644 0.03702863855894432 0.03791817067154533
0 0.9356339039318435 0.515853694541733 0.041943459092057725 0.04578521467218159
0 0.8541565833987301 0.5089866238860962 0.041897994985435005 0.0442227146721816
0 0.595890756993122 0.7112780192552763 0.040426423198680436 0.04732953333863606
0 0.5587497728282396 0.8852064152610033 0.038772994985435 0.04418635200509087
0 0.5700807632613282 0.6568723299252307 0.038772994985435 0.04418635200509069
0 0.8873184243858147 0.4937519752148691 0.041943459092057725 0.04578521467218159
0 0.10391385715140655 0.7779608206556369 0.04916492570596289 0.02556362133990877
0 0.9977939569804868 0.4454951938654153 0.004412086039026519 0.03613749466899989
0 0.7814572178010394 0.4277735338956411 0.03868206677218957 0.041061352005090514
0 0.8162952190546806 0.41642695389086865 0.03225021034569906 0.03473862667090888
0 0.6810289719576745 0.5485138425764132 0.06180131802583091 0.030396572008272393
0 0.028412437317938393 0.5467295493316364 0.025636497492717535 0.022165901336727245
0 0.9086993308914476 0.5302343678787784 0.040290030878812645 0.04264203333863605
0 0.7140567691338229 0.448095671904868 0.03707410266556703 0.03948067067154515
0 0.49706446357789724 0.7796382152689575 0.038772994985435 0.04418635200509069
0 0.9751594051854848 0.5044525705363242 0.03877299498543536 0.04418635200509069
0 0.5436486439027137 0.6079444812619578 0.03716503087881247 0.042605670671545325
0 0.47536530832590546 0.7322183226050483 0.03886392319868044 0.04731135200509069
0 0.11017926286561672 0.5098284386537278 0.061801318025830956 0.030396572008272216
0 0.6883690766683055 0.8813536145767313 0.04198892319868044 0.047347714672181594
0 0.4394983529947714 0.6544842212762754 0.03711956677218957 0.04104317067154532
0 0.6262745904583591 0.7617229145846857 0.041943459092057725 0.04578521467218159
0 0.8514274223407506 0.20032014855191438 0.06814224623907635 0.033594297342454116
0 0.9165512833195878 0.47778152987750566 0.04029003087881229 0.04264203333863605
0 0.8969241272761733 0.12554686787877828 0.05715928213245362 0.03190452800763603
0 0.1075844264308787 0.7966744579885461 0.04599446159934022 0.023964758672817867
0 0.8712291084715549 0.2899639038829145 0.0649263180258309 0.0304329346753633
0 0.6748327962517117 0.5235774772438223 0.05867631802583091 0.03036020934118149
0 0.4093810116784825 0.04916092194463891 0.05568771034569906 0.03501134667409056
5 0.31884224287386403 0.21433248329091104 0.041897994985435096 0.0442227146721816
0 0.8117895754811713 0.422731497891505 0.03225021034569906 0.03473862667090888
0 0.9938111506331382 0.49554973786605155 0.012377698733723718 0.03937158267027243
0 0.787604266230829 0.3167269458943685 0.07131271034569905 0.03519316000954502
0 0.6238540032987052 0.2756490545830948 0.06497178213245362 0.031995434675363296
3 0.7243875492212124 0.1853865865690954 0.13141513605166183 0.06088405068427196
5 0.753944668579827 0.23427807256527738 0.06814224623907635 0.033594297342454206
5 0.6961896560434147 0.34436214457354974 0.07131271034569905 0.03519316000954502
5 0.18704432508545993 0.2776057373090466 0.07332985141192579 0.05083634134309047
5 0.13868103292387643 0.3344375399825008 0.07511967194503918 0.05866702267663593
5 0.04370716521461463 0.42776137332909114 0.06386392319868044 0.04760225334181776
5 0.15550613473151365 0.5366540206476828 0.08390363855894437 0.03846361067790873
0 0.18879967102060238 0.6870989159770919 0.0824320667721897 0.04157042934436319
0 0.3971995412371466 0.5705728452816843 0.03721049498543501 0.044168170671545326
0 0.5139431088672662 0.446516632598685 0.062346887305303154 0.049146572008272216
0 0.4194753580093364 0.6109523972788207 0.041852530878812286 0.0426602146721816
0 0.6682778855229365 0.8354780405792767 0.05150031551854859 0.05214430267345449
0 0.5787045716537407 0.9263944892584579 0.048375315518548415 0.05210794000636341
0 0.603437798692487 0.9706530192552763 0.05131845909205772 0.04589430267345449
0 0.6649349590255508 0.505717815245095 0.07287521034569906 0.03521134134309047
0 0.6916398630239013 0.5640206639083679 0.07122178213245363 0.03206816000954511
0 0.6993076105166188 0.5858138479074133 0.07126724623907635 0.03363066000954511
0 0.7123531797960909 0.6044183972390498 0.088772994985435 0.044768154678545