3 0.909375 0.9421875 0.0546875 0.10859375
0 0.74921875 0.44296875 0.03359375 0.05234375
0 0.50625 0.52890625 0.04140625 0.04140625
0 0.290625 0.625 0.03515625 0.0390625
0 0.78046875 0.384375 0.0359375 0.053125
3 0.946875 0.32265625 0.0875 0.0375
0 0.5625 0.50390625 0.03046875 0.03046875
3 0.6421875 0.3140625 0.025 0.1109375
5 0.4203125 0.565625 0.04453125 0.0421875
0 0.64453125 0.13515625 0.0171875 0.06484375
0 0.25390625 0.17890625 0.03125 0.06328125
0 0.7046875 0.88046875 0.02109375 0.05703125
0 0.73203125 0.77421875 0.0234375 0.065625
0 0.7125 0.234375 0.025 0.0734375
0 0.725 0.671875 0.01875 0.06953125
0 0.3484375 0.83046875 0.034375 0.04453125
0 0.66875 0.1375 0.01875 0.075
0 0.7515625 0.6765625 0.02265625 0.08203125
0 0.6984375 0.03515625 0.0171875 0.06953125
0 0.66640625 0.01171875 0.01640625 0.02265625
5 0.12265625 0.02890625 0.0390625 0.0265625
0 0.303125 0.86796875 0.03984375 0.05546875
5 0.24140625 0.93515625 0.04296875 0.05703125
5 0.45546875 0.91015625 0.040625 0.053125
0 0.63984375 0.9703125 0.034375 0.059375
5 0.6765625 0.9703125 0.03046875 0.059375
3 0.69765625 0.81171875 0.0640625 0.18125
0 0.9765625 0.0140625 0.046875 0.028125