0 0.5199131627992062 0.265916028445085 0.0402083377489479 0.03508763154179624
0 0.2547395413849943 0.32718964448421434 0.0418799651536097 0.038303636803468065
5 0.23648559310642553 0.1773870655591366 0.04949405771188111 0.07773015785015547
3 0.23570175455486936 0.9752568762095372 0.09437004809323427 0.04948624758092564
0 0.12015617714235845 0.5495057182887946 0.040262901451278844 0.036650131541796326
5 0.16396077396179912 0.3038970866764112 0.04511409255827141 0.041610647326811724
0 0.4692658328548065 0.32637611533325767 0.0386458377489479 0.03499662628012441
0 0.7091988297747637 0.6292182072007535 0.04318949400955034 0.07580363680346806
0 0.7488218357652133 0.7051128492658935 0.04140873920022692 0.06946263154179615
0 0.027413149552362282 0.3358688815417962 0.04662202885594054 0.04013915258848364
0 0.43439474801626543 0.7196787943006877 0.041989092558271324 0.04142863680346807
0 0.5003620985487212 0.06358768899666355 0.03968254809323426 0.06468412628012439
0 0.5349280383897693 0.30671533369263937 0.04338790145127884 0.03683214206513998
5 0.46543399392473217 0.2791825969174062 0.045004965153609786 0.03848564732681172
0 0.33619541642740325 0.16910339967529903 0.04187996515360961 0.038303636803468065
0 0.7617137053653268 0.6722016387284323 0.04798612141421188 0.07920165258848363
0 0.31946911934565936 0.9619279365070021 0.04544147477225655 0.050985647326811545
5 0.5512648226031875 0.46658315735604533 0.045059528855940556 0.0400481473268119
5 0.2707315852170592 0.47451196551678426 0.04338790145127884 0.03683214206513981
3 0.8225544577275794 0.8354443623494859 0.08416172359113006 0.1327662683452644
0 0.3633878882044349 0.08535773123121268 0.0386458377489479 0.034996626280124364
0 0.7901959248649237 0.10317091766762747 0.045877984390903494 0.0634856473268118
0 0.45682033032291774 0.8172741311182733 0.04376984736759475 0.047769642065139804
5 0.49942455880818937 0.3594462205666947 0.04823909255827132 0.041792657850155554
0 0.4861457317741967 0.7845372258283666 0.04204365626060227 0.04299113680346807
5 0.30052572342149414 0.5404400733810573 0.0450049651536097 0.03848564732681172
0 0.8728967089087061 0.9182260412463288 0.04938493030721958 0.07460515785015538
0 0.8314359283234849 0.6707826228728295 0.043516876223535304 0.08517863680346807
0 0.3306595904897188 0.9889623314147393 0.04053571996293304 0.022075337170521438
0 0.8086308561836335 0.7633950571019315 0.044424611795565026 0.06651964206513998
0 0.5043451163504346 0.9359023047534443 0.05034722958158007 0.05750866311182747
5 0.33361602033360205 0.3998906680911505 0.04651290145127884 0.03701415258848364
0 0.38376733167368016 0.24154681804879816 0.04376984736759475 0.047769642065139985
0 0.5211134648991557 0.9713238652626706 0.044042665879248946 0.055582142065139804
5 0.8568203303229179 0.8405714781062665 0.053001003628197194 0.08884966837349921
0 0.91548351299239 0.9316661859423047 0.04426092068857272 0.0618321420651398