0 0.3568451002481766 0.6519304511982498 0.05229888555165916 0.046396510001939714
0 0.32240587054071607 0.7031101849873922 0.053943206168510206 0.051211555759574166
1 0.5864644164008007 0.637087474825973 0.0732853157455871 0.1760520590935542
0 0.7059209431828666 0.09528299891273823 0.04546823295387128 0.102008781213767
0 0.2083627357998358 0.6219235710523477 0.05073638555165916 0.046268964244305086
0 0.13196387703353782 0.6187983131764401 0.05068183847375849 0.04314396424430509
5 0.7504530040637803 0.7173176245167122 0.06386367694751698 0.0832268303053814
0 0.2861604533324317 0.6342962831706209 0.05068183847375849 0.04314396424430526
0 0.843476301141681 0.7066036519374574 0.05873980032431163 0.05784419303247788
0 0.8654040738698525 0.8358766926941221 0.06808752678536116 0.05704696757828529
0 0.8814869955423636 0.8977549393601422 0.03530230032431163 0.05593100666795969
0 0.6779313474088028 0.8496196836102664 0.06720686525911965 0.09598192182065049
0 0.6094210807697114 0.9308854011885513 0.06000229139585791 0.04078423879011232
0 0.10131430033090214 0.8998090681774098 0.04928297970746054 0.05239141848667046
0 0.03042510187302968 0.8938936501497812 0.05386138555165918 0.04652405575957417