1 0.57421875 0.35546875 0.08125 0.0375
0 0.7875 0.4234375 0.03671875 0.02890625
0 0.1125 0.4 0.03046875 0.02890625
0 0.4359375 0.38828125 0.034375 0.0296875
0 0.45859375 0.43984375 0.03203125 0.02734375
0 0.671875 0.40625 0.03203125 0.02578125
0 0.26640625 0.3515625 0.03046875 0.0265625
0 0.04609375 0.43515625 0.03125 0.02734375
0 0.21328125 0.40234375 0.02890625 0.02578125
0 0.82734375 0.60234375 0.0328125 0.025
0 0.38203125 0.51796875 0.0265625 0.02421875
0 0.540625 0.94921875 0.01640625 0.0625
0 0.6421875 0.94765625 0.01484375 0.06171875
0 0.240625 0.60078125 0.0296875 0.025
0 0.5578125 0.946875 0.015625 0.06640625
0 0.8078125 0.37734375 0.03828125 0.03046875
0 0.59140625 0.94453125 0.0140625 0.059375
0 0.45546875 0.8890625 0.0140625 0.05703125
0 0.43125 0.71875 0.01640625 0.06171875
0 0.46796875 0.75859375 0.021875 0.071875
0 0.671875 0.746875 0.015625 0.05078125
0 0.6609375 0.95546875 0.01796875 0.0671875
0 0.63828125 0.878125 0.015625 0.0640625
0 0.625 0.9484375 0.015625 0.06171875
0 0.609375 0.9453125 0.015625 0.0625
0 0.575 0.94609375 0.01484375 0.06171875
0 0.5234375 0.9484375 0.0171875 0.06484375
0 0.62109375 0.88046875 0.01640625 0.06640625
0 0.65390625 0.56796875 0.0375 0.0296875
5 0.72578125 0.31875 0.0375 0.03203125
0 0.81953125 0.328125 0.040625 0.03203125
0 0.8671875 0.315625 0.040625 0.05703125
5 0.90078125 0.23203125 0.0296875 0.07578125
0 0.9359375 0.0625 0.021875 0.065625
0 0.93515625 0.2 0.0203125 0.071875
3 0.15390625 0.9359375 0.0796875 0.09375
5 0.915625 0.128125 0.01640625 0.0671875
3 0.91640625 0.02265625 0.01640625 0.0453125
0 0.83125 0.059375 0.0296875 0.05546875
0 0.78125 0.20703125 0.0140625 0.05703125