0 0.1 0.40234375 0.03125 0.0265625
0 0.70234375 0.35625 0.03203125 0.028125
0 0.6046875 0.4046875 0.03359375 0.025
0 0.18046875 0.4375 0.03359375 0.0265625
0 0.903125 0.5859375 0.02890625 0.025
0 0.14296875 0.56640625 0.03515625 0.0265625
0 0.6453125 0.94921875 0.0125 0.05625
0 0.54296875 0.9515625 0.0125 0.05625
0 0.45859375 0.97578125 0.0140625 0.0484375
0 0.559375 0.946875 0.01171875 0.053125
0 0.45703125 0.8890625 0.0140625 0.06015625
0 0.57578125 0.9484375 0.01171875 0.0515625
0 0.49375 0.95 0.0140625 0.05625
0 0.01015625 0.5796875 0.0203125 0.02421875
0 0.896875 0.62734375 0.034375 0.025
0 0.6296875 0.50546875 0.01875 0.04453125
0 0.68671875 0.52109375 0.02890625 0.05703125
0 0.625 0.94609375 0.0125 0.0546875
0 0.5921875 0.94453125 0.0140625 0.05546875
0 0.525 0.9484375 0.01484375 0.05859375
0 0.46953125 0.75546875 0.01484375 0.06171875
0 0.62265625 0.87890625 0.015625 0.06484375
0 0.63984375 0.8765625 0.0140625 0.0703125
0 0.67421875 0.7453125 0.0109375 0.04765625
0 0.66328125 0.95390625 0.01640625 0.06015625
0 0.609375 0.9453125 0.01328125 0.06015625
5 0.35390625 0.528125 0.0390625 0.028125
5 0.728125 0.48125 0.0453125 0.0265625
5 0.68828125 0.59296875 0.0390625 0.03828125
5 0.72421875 0.31796875 0.03984375 0.02734375
5 0.82578125 0.55078125 0.03984375 0.0328125
5 0.828125 0.62109375 0.03828125 0.03203125
5 0.92265625 0.234375 0.02421875 0.0765625
0 0.934375 0.06015625 0.01796875 0.06015625
0 0.83125 0.05625 0.028125 0.0578125
0 0.784375 0.21328125 0.015625 0.05703125
0 0.81953125 0.3265625 0.0375 0.03125
0 0.8625 0.3203125 0.040625 0.04375
0 0.88359375 0.1984375 0.0140625 0.04921875