0 0.3066466394149151 0.6996060950933314 0.07181444324473976 0.027122421980838852
5 0.463072607954966 0.40059098371879925 0.052903756939830335 0.04793288896415202
0 0.7327141933923981 0.8897066361390771 0.027002590992986342 0.0325601944820761
0 0.5311786651716515 0.5459577154014335 0.038140350092285044 0.036258404567984216
0 0.7785471275378393 0.907685352217879 0.027002590992986342 0.0325601944820761
0 0.8178413625784444 0.8358612618742459 0.037178627390181164 0.04555151741285428
0 0.7721679171742364 0.8570678765281385 0.03365310919158375 0.03913774310259512
0 0.4273167782207466 0.33191622682139427 0.04010336829088246 0.04259029172311406
3 0.5034808690568495 0.7253486442796773 0.11586483189368782 0.03410276232447185
0 0.48269110039682683 0.5477149672104558 0.033152461443336986 0.03132524310259512
5 0.7310305798818778 0.9368272976044661 0.03375323874123311 0.040700243102595124
0 0.40345059067921935 0.7423491157855463 0.07317668414544123 0.024079309135968608
0 0.5846343321982296 0.5361013585494572 0.03637759099298634 0.033051517412854635
0 0.49653475246401013 0.47016982134889884 0.04322836829088246 0.04275406603337366
5 0.10636723472683818 0.6567988766396802 0.07387759099298644 0.03501680913596861
0 0.21412847238833704 0.7115096308235517 0.05785207279438911 0.027947937584671047
0 0.20377914867109728 0.3420635900049488 0.045952850092285044 0.036667840343633
0 0.5535705066260632 0.7485913924706551 0.06037629549649317 0.018736711894930556
0 0.07861247454780537 0.6762825390095806 0.06107720234403846 0.02967421189493056
0 0.8177901002399434 0.8962222297620703 0.03395349784053181 0.04382524310259513
0 0.8506658382152092 0.22271945273827737 0.06742733189368763 0.03156426051544958
5 0.9377650339239592 0.737863095886301 0.08421431369509058 0.0262150192218769
0 0.1581069008305656 0.30212798677101693 0.054165868290882366 0.04332727611928178
0 0.7752509492524943 0.9541066508383981 0.033913925046142525 0.018907130257724704
5 0.734870571400888 0.7398737324756037 0.07463905459579187 0.022598696291098362
5 0.984954793337025 0.08294986657851582 0.030090413325950038 0.03946529172311406
0 0.25208053901808825 0.12945404737732358 0.046553627390180985 0.04604284034363308
5 0.12142532849760176 0.45141865784734464 0.06500323874123301 0.04233798620519007
3 0.940416357954966 0.851144345886301 0.11916728409006794 0.10794969810012063