0 0.28359375 0.38203125 0.028125 0.02109375
0 0.15 0.41171875 0.0265625 0.01875
0 0.11484375 0.34296875 0.028125 0.02265625
0 0.459375 0.27578125 0.02890625 0.02265625
0 0.2765625 0.34375 0.03203125 0.021875
5 0.125 0.271875 0.03203125 0.02421875
0 0.63359375 0.76953125 0.0140625 0.05703125
0 0.29765625 0.425 0.02734375 0.02109375
0 0.259375 0.23671875 0.0234375 0.0203125
0 0.70625 0.45 0.028125 0.0234375
0 0.21640625 0.23203125 0.03125 0.0234375
0 0.184375 0.30546875 0.0234375 0.02109375
0 0.7890625 0.38984375 0.03046875 0.025
0 0.59609375 0.42890625 0.02890625 0.02421875
0 0.01328125 0.23359375 0.0265625 0.021875
0 0.05703125 0.23203125 0.028125 0.0234375
0 0.61484375 0.69609375 0.01171875 0.05390625
0 0.94140625 0.45078125 0.025 0.0203125
0 0.34296875 0.28046875 0.02890625 0.02265625
0 0.85625 0.28515625 0.02578125 0.02109375
0 0.63203125 0.66640625 0.01015625 0.03828125
0 0.17421875 0.22890625 0.02890625 0.02265625
0 0.4828125 0.440625 0.02890625 0.02109375
0 0.8796875 0.45703125 0.02265625 0.01875
0 0.80390625 0.2421875 0.03046875 0.02109375
0 0.678125 0.55859375 0.0171875 0.05703125
0 0.48828125 0.3828125 0.028125 0.02109375
0 0.7578125 0.2359375 0.03515625 0.02734375
0 0.56796875 0.28046875 0.0328125 0.02578125
0 0.6734375 0.20859375 0.02890625 0.034375
0 0.70703125 0.20703125 0.02890625 0.0359375
0 0.6140625 0.803125 0.0125 0.06015625
0 0.5578125 0.5453125 0.02265625 0.05234375
0 0.59921875 0.04921875 0.01171875 0.0515625
5 0.85390625 0.346875 0.0375 0.02421875
0 0.7921875 0.44453125 0.03046875 0.03515625