0 0.5634514306042602 0.5540156435042968 0.03651024431795698 0.034486315963434676
0 0.13044624148187864 0.6792787392466331 0.03807274431795715 0.03455909057054054
0 0.17901002110661363 0.40553517824559704 0.03489319724005648 0.03128854135632882
0 0.4420361266265007 0.47720908684648694 0.03810001785690744 0.03612159057054054
0 0.7208583762194636 0.3158350550006707 0.038018197240056395 0.03143409057054054
5 0.7423730917234647 0.42708292410725857 0.049173885551659066 0.04444351282028158
0 0.14680544724335176 0.45876718610347994 0.042787517856907445 0.03633991439185813
0 0.32373178043880924 0.08779336827801834 0.026063668019063256 0.06210189371369372
5 0.6948690259778776 0.5953213478047417 0.042787517856907445 0.03633991439185813
5 0.3704417702958348 0.5473717295267233 0.041225017856907444 0.03626713978475227
0 0.9484910836090851 0.8026052706736552 0.024501168019063258 0.062029119106587774
5 0.5636208003276069 0.4547241188971909 0.039607970779006865 0.0330693651776464
5 0.9698557946488592 0.9224468897802431 0.030996629869616044 0.07638271753501122
0 0.8479865231385038 0.8268539458188803 0.03853639448011279 0.061121590570540715
0 0.7722070474882331 0.6888402154635875 0.027653441558013726 0.0637371683207995
0 0.8694366034945876 0.6730397411041507 0.03072389448011279 0.060757717535011226
0 0.924246834419864 0.6685556023528557 0.0341216298696164 0.07652826674922295
0 0.8529230336885153 0.5440414458188804 0.04338753571381489 0.07071491439185813
0 0.8252656379905865 0.5607366401945278 0.04618525324641069 0.05211046360606986
0 0.7853127938347851 0.5651308877133285 0.045994338473758486 0.041172963606069854
0 0.5629521931828667 0.17946940777232037 0.025954573863261922 0.05585189371369372
0 0.504827821834667 0.06026133539874486 0.030832988635914306 0.0670077175350113
0 0.48755850121781596 0.06414831472058044 0.029297762174864593 0.06849744292790542
0 0.19422769237208778 0.2952162624059968 0.02924321509696397 0.06537244292790545
0 0.3621612605533068 0.21546675806277063 0.030832988635914306 0.06700771753501131