3 0.74453125 0.36484375 0.06796875 0.12421875
3 0.82578125 0.6703125 0.0453125 0.09140625
5 0.4265625 0.5640625 0.04453125 0.04921875
5 0.71796875 0.84921875 0.03359375 0.08515625
0 0.5734375 0.50546875 0.03359375 0.034375
0 0.89921875 0.284375 0.03828125 0.0296875
0 0.66484375 0.425 0.01640625 0.05859375
0 0.565625 0.45078125 0.03046875 0.03359375
0 0.571875 0.55390625 0.0296875 0.03125
5 0.7484375 0.73515625 0.0328125 0.09140625
0 0.92578125 0.3265625 0.03125 0.02578125
0 0.984375 0.01875 0.03125 0.028125
0 0.33203125 0.60703125 0.040625 0.0390625
0 0.87890625 0.2375 0.04375 0.0328125
0 0.9140625 0.5421875 0.03359375 0.046875
3 0.65859375 0.95 0.05078125 0.1
0 0.5015625 0.534375 0.040625 0.03828125
0 0.2625 0.16328125 0.02890625 0.06484375
0 0.9921875 0.28515625 0.01484375 0.02890625
0 0.35078125 0.8171875 0.03515625 0.0453125
5 0.9734375 0.33125 0.040625 0.0296875
0 0.765625 0.61796875 0.01796875 0.0578125
0 0.72890625 0.64765625 0.02109375 0.0703125
0 0.41640625 0.3171875 0.0390625 0.0453125
0 0.309375 0.86328125 0.040625 0.05078125
0 0.9484375 0.28203125 0.03125 0.025
5 0.13125 0.0171875 0.034375 0.034375
5 0.46015625 0.90859375 0.04140625 0.065625
0 0.690625 0.9328125 0.02734375 0.06171875
0 0.96953125 0.2421875 0.0390625 0.03671875