0 0.41015625 0.29453125 0.0453125 0.03359375
0 0.3875 0.240625 0.046875 0.0375
0 0.25546875 0.30390625 0.04453125 0.034375
0 0.6609375 0.73671875 0.02421875 0.0890625
0 0.178125 0.2984375 0.0421875 0.03203125
0 0.334375 0.29765625 0.04375 0.03203125
0 0.79921875 0.1578125 0.040625 0.075
0 0.2140625 0.01875 0.03671875 0.0328125
0 0.015625 0.02578125 0.03046875 0.040625
0 0.8 0.25625 0.0375 0.05390625
0 0.9234375 0.26171875 0.04453125 0.04765625
0 0.95859375 0.1796875 0.0515625 0.0375
0 0.9875 0.1265625 0.025 0.03515625
0 0.98671875 0.05390625 0.0265625 0.03828125
0 0.63046875 0.17421875 0.03125 0.11171875
0 0.69453125 0.0328125 0.0328125 0.065625
0 0.1375 0.0140625 0.04765625 0.02734375
0 0.07265625 0.0203125 0.0546875 0.040625