3 0.84609375 0.92265625 0.0703125 0.1453125
0 0.2671875 0.2765625 0.03515625 0.03125
3 0.83515625 0.52734375 0.05078125 0.03125
3 0.64375 0.87734375 0.05234375 0.08125
0 0.678125 0.20859375 0.0375 0.028125
0 0.984375 0.215625 0.03125 0.028125
0 0.61796875 0.296875 0.0359375 0.02734375
0 0.55390625 0.2953125 0.02890625 0.02578125
0 0.79140625 0.2109375 0.0359375 0.0265625
0 0.53671875 0.25234375 0.03515625 0.02734375
0 0.2453125 0.3328125 0.03359375 0.03203125
0 0.34453125 0.3 0.0375 0.03046875
5 0.453125 0.55234375 0.04140625 0.0453125
3 0.10625 0.54921875 0.0703125 0.05625
5 0.76953125 0.2953125 0.0359375 0.0265625
0 0.584375 0.67265625 0.034375 0.03125
0 0.7171875 0.26015625 0.028125 0.025
5 0.7796875 0.3375 0.040625 0.02890625
0 0.546875 0.740625 0.034375 0.034375
0 0.73046875 0.3421875 0.0359375 0.028125
5 0.43828125 0.25625 0.03828125 0.02734375
0 0.58203125 0.76953125 0.03515625 0.03828125
0 0.48046875 0.34140625 0.03671875 0.028125
0 0.11953125 0.49765625 0.04375 0.0390625
0 0.90234375 0.21015625 0.040625 0.03046875
0 0.8265625 0.3421875 0.0359375 0.0265625
0 0.56328125 0.11796875 0.03203125 0.02734375
0 0.1796875 0.165625 0.015625 0.0609375
0 0.75078125 0.88203125 0.0359375 0.0453125
0 0.575 0.3390625 0.03828125 0.0296875
0 0.27109375 0.7328125 0.0296875 0.07265625
0 0.7421875 0.93125 0.034375 0.03984375
0 0.51796875 0.04140625 0.028125 0.0265625
0 0.60859375 0.4921875 0.03671875 0.03125
0 0.2359375 0.03125 0.0140625 0.0625
3 0.20703125 0.1171875 0.025 0.15703125
5 0.978125 0.32890625 0.0421875 0.0328125
5 0.66328125 0.34140625 0.03984375 0.02890625
0 0.8796875 0.340625 0.04375 0.02890625
5 0.53046875 0.1953125 0.04140625 0.03125
5 0.4640625 0.3 0.03828125 0.028125
5 0.29140625 0.63359375 0.021875 0.08359375
0 0.20859375 0.18046875 0.021875 0.03671875
0 0.2390625 0.1453125 0.01796875 0.0828125
3 0.36015625 0.3578125 0.078125 0.0609375
0 0.5625 0.8984375 0.04140625 0.053125