0 0.04277592742153671 0.4600150088913402 0.03739299214211715 0.032923815963434674
0 0.16016032651191392 0.5116760163349382 0.04066354135632886 0.036194365177646404
0 0.16138253226010094 0.4350043544242794 0.030924668320799587 0.027945217535011224
0 0.05452460256676184 0.5607791422659517 0.03895549214211715 0.03299659057054072
0 0.4640365355698698 0.7113871877561098 0.0307448858558109 0.05755994292790536
0 0.4302415783739407 0.7309526710068868 0.025547963606069857 0.046404119106587774
0 0.27227095223353037 0.0714020808506309 0.02220463978475227 0.041571069892376133
0 0.09622841315351308 0.4554580955329393 0.03419521753501127 0.03121576674922295
0 0.8160166441279785 0.164060693337681 0.031070217535011223 0.031070217535011314
0 0.46146369148467253 0.8842981488809801 0.03423375889134021 0.06551799214211726
0 0.7834909344508499 0.2236154758026697 0.03412244292790554 0.02965326674922304
0 0.13680637138289944 0.3406892741928211 0.031070217535011314 0.031070217535011314
0 0.4442997702683889 0.7989406916850511 0.030890435070022627 0.060684942927905536
3 0.2777994367271616 0.5578682737785363 0.1060017510334573 0.10004284946188076
0 0.2888955260548479 0.0674787142252424 0.025329639784752268 0.04171661910658786
0 0.30057334905210514 0.7076884913135476 0.051421258891340214 0.06631851282028159
0 0.45582162117801167 0.7532835893276862 0.029109611248705036 0.055924668320799495
0 0.36359773387445876 0.7497711375084407 0.0307448858558109 0.05755994292790554
0 0.7921508811028092 0.6092276441234693 0.025693512820281584 0.04952911910658777
0 0.7779428318885974 0.6116976726595166 0.02583906203449331 0.05265411910658777
0 0.600203245451886 0.2589236213783902 0.032487168320799495 0.028017992142117087
0 0.6427396559148028 0.2029668738595896 0.03412244292790554 0.02965326674922304
0 0.7416330742356024 0.1809527868037057 0.034267992142117266 0.03277826674922304
0 0.6784374073625449 0.2602186017336831 0.03412244292790554 0.029653266749222952
0 0.37292796195344 0.31410546525869976 0.0391010413563289 0.03612159057054054
0 0.7828745043432261 0.20323020119556384 0.03390411910658777 0.024965766749223038
5 0.8585680171635077 0.15821310772953914 0.04066354135632899 0.036194365177646404
0 0.4645202249831186 0.8186731488809802 0.02740156203449331 0.05272689371369381
3 0.46326390178097354 0.5766847020241335 0.07595468610347993 0.15788958271265763
0 0.2068256189017001 0.3838806561196906 0.042517139784752266 0.042517139784752266
0 0.6023285558337494 0.5494951174494489 0.042517139784752266 0.042517139784752446
0 0.6578529638154669 0.5340734786981538 0.04549659057054054 0.039537688998963996
0 0.6909929495474432 0.5285704954473769 0.034267992142117086 0.03277826674922295
0 0.7229899662966662 0.4971771002859411 0.03230738585581072 0.05763271753501122
0 0.7403230155108779 0.4948526209641054 0.02740156203449331 0.05272689371369381
5 0.8115259274215367 0.495820115587422 0.04720463978475244 0.042735463606069855
0 0.8566029869748306 0.48617544188993894 0.039173815963435034 0.03768409057054054
0 0.9018812537240535 0.4554006308889029 0.03572348428423453 0.06402826674922295
0 0.9711513304408553 0.5651074247264312 0.012577082712657627 0.06918664764263519
0 0.8934972113342674 0.5849789689782441 0.037213209677128135 0.06253854135632882
0 0.855742500209397 0.5887011284077036 0.03423375889134021 0.06551799214211709
0 0.840462102566762 0.5973847696401979 0.03245293507002245 0.060757717535011226
0 0.8230926660489972 0.6004904989620335 0.030817660462916764 0.05912244292790554
0 0.8095567049241266 0.6053406648016336 0.030817660462916764 0.05912244292790554
0 0.7923328176205737 0.6053213941234693 0.030817660462916764 0.05912244292790554
0 0.7779792191921503 0.6109164226595165 0.0307448858558109 0.05755994292790536
0 0.7226003604246447 0.6232130614108116 0.02940070967712849 0.0621746683207995
0 0.7089916246926683 0.6296257272504118 0.030817660462916764 0.05912244292790554
0 0.6776688500855624 0.6297327351082946 0.03416098428423435 0.06395549214211727
0 0.6254513786216098 0.6413936730738014 0.019079639784752266 0.04142552067816432
0 0.6426752659251627 0.6414129437519657 0.027619885855810898 0.05741439371369381
0 0.6601902516571391 0.6351822144301302 0.03096320967712849 0.062247442927905364
0 0.8969049251452251 0.14199094830007972 0.04095463978475209 0.0424443651776464
2 0.681286039913096 0.8882729811793532 0.11911818114108108 0.08038532092583353