0 0.2946240982570908 0.6890044544276768 0.03272396879233552 0.028306807181592397
0 0.3123294973980082 0.5797658098138709 0.040864017412854545 0.03460225897699054
0 0.6337497167561705 0.40903217075921017 0.03593085594746519 0.029887487899751618
5 0.7744975474888653 0.4121940530763758 0.042262743102595125 0.031486349336070064
5 0.360484793643678 0.7385913639704013 0.040864017412854545 0.03460225897699054
0 0.03368551899473423 0.5086346566158583 0.015454581637205788 0.026644313231716586
0 0.6347577753263123 0.6816111527070333 0.040864017412854635 0.03460225897699054
0 0.3600709565794053 0.5667663609453392 0.040864017412854545 0.03460225897699054
0 0.06661420567489415 0.5408477137974506 0.04078213025772479 0.03303975897699054
0 0.30178266451760705 0.30400728571157004 0.021124727498762753 0.04542158430895542
0 0.29905937697836443 0.16262830678880888 0.025068599050060314 0.061064765027114644
0 0.3616202527135335 0.07473794222923247 0.025068599050060314 0.061064765027114644
0 0.23742350915665317 0.8940777738077135 0.032799211894930555 0.0595477168225127
0 0.39155673620519005 0.064758954231285 0.025068599050060314 0.061064765027114644
0 0.26566361657445653 0.7474118520665446 0.04398901741285446 0.03462043969514976
0 0.32483730495209706 0.1776175025340828 0.027866050429541288 0.054832945745273864
0 0.3769995912481442 0.07014134582002865 0.024822937584671044 0.05637726502711464
0 0.49714939620024123 0.24656801131468148 0.03156426051544958 0.06578862646343309
0 0.25886042288535 0.09600843335043788 0.026631099050060315 0.061073855386194274
0 0.2984585114199607 0.09155273750696813 0.02474105042954129 0.054814765027114645
0 0.31317943068726606 0.0892953459182245 0.024904824739800803 0.05793976502711464
0 0.27830978573022025 0.0945595628389331 0.024904824739800803 0.05793976502711464
0 0.34554155133405245 0.08089249345889649 0.02474105042954129 0.054814765027114645
0 0.3270372127994417 0.08547090914994107 0.02630355042954129 0.054823855386194255
5 0.3094545601520214 0.7484476321207738 0.04390713025772479 0.033057939695149585
5 0.18992771144064532 0.9117647226762452 0.03140048620519007 0.06266362646343318
0 0.3333191853213635 0.8610521712501894 0.033208647670579336 0.0673602168225127
5 0.6360835006773685 0.4535634207592102 0.052292840343633 0.044040891490547726