3 0.9305254768680868 0.202946053707052 0.13414890340856686 0.08042694906292791
0 0.2335769699715232 0.5899049006331383 0.02718979139585782 0.036710389812585474
3 0.6645660970017657 0.7517399402209323 0.10229888555165907 0.045142666930474286
5 0.2506941063339613 0.4153140775927424 0.03354888555165925 0.043142246239076344
0 0.6699526209444578 0.44314619022093227 0.03187729139585773 0.036846782132453626
0 0.2748741258157218 0.5973596994586392 0.02880683847375849 0.03988085391920819
5 0.8431899289827024 0.8179058124825407 0.08664661201270896 0.0431255258642473
0 0.4063563563372566 0.901337808788124 0.03661933847375849 0.040108174452321774
0 0.24276282954860004 0.4666719891129404 0.03031479139585782 0.036801318025830906
0 0.7356633957012242 0.48492216475239613 0.03656479139585791 0.03698317445232178
0 0.9645753741908688 0.4016934422659963 0.05819432954530477 0.023557171945039278
0 0.28465427476006167 0.529641002045064 0.030342064934808198 0.03836381802583091
0 0.03425090016545106 0.45591503087881236 0.030260244317957142 0.03367631802583091
0 0.46056043547552417 0.706721642253361 0.0659795560063543 0.022221992478152687
0 0.7666776164802309 0.45455871483153854 0.03968979139585791 0.03707410266556703
0 0.8905941777615911 0.2963634330947963 0.04593979139585791 0.03725595909205772
5 0.3232803981368562 0.5557776047106311 0.03354888555165925 0.043142246239076344
0 0.9358521306836906 0.300806892186854 0.044268197240056394 0.030960494985435093
5 0.24320711445163612 0.530779953219563 0.03036933847375849 0.03992631802583091
0 0.4575915738698525 0.9215881243066726 0.039826159090609534 0.04488660266556721
0 0.8888565795486001 0.485471397201419 0.04909206493480802 0.038909387305303154
0 0.020944150976229963 0.6531166398125856 0.041888301952459926 0.01873327962517113
0 0.23672351502082897 0.6783225429530063 0.058112508928453724 0.0188696719450391
0 0.10498654545963818 0.7471825400500125 0.06756932954530477 0.0238299565847754
0 0.9285775986233237 0.4936619819202973 0.05221706493480838 0.03900031551854841
0 0.11695035186973439 0.42002064647650317 0.031986385551659155 0.043096782132453625
5 0.33182532954860006 0.4692634431904331 0.03667388555165916 0.043233174452321776