3 0.07992082961812659 0.7698350868881727 0.10050401878308031 0.09470482622365459
3 0.47965559688115106 0.43252844780680455 0.0847516847906915 0.09066977360693614
0 0.8991059338392894 0.4253265376787489 0.05615184091247087 0.03912268415851479
0 0.7779657628887623 0.4120214428274814 0.03603034190105418 0.042627115756780756
3 0.7449741211386198 0.9284423743551603 0.05092051285158128 0.06375866311182747
0 0.3359467006452034 0.5380034450347942 0.039091674904859805 0.04124662628012423
0 0.8683467292769343 0.24700411660382668 0.06514483893530461 0.030293715728545757
0 0.2980567925090765 0.18468102395987201 0.07190417490485981 0.04315773677523316
1 0.8099399575652855 0.5432868533790599 0.0560536818249421 0.07496917889684288
5 0.5075908903788108 0.6376408820359064 0.036094008897248564 0.04418961575678075
0 0.5353830375661606 0.147365221554915 0.04234400889724856 0.044553636803468064
0 0.8889708829644369 0.5801883429263034 0.03434050790866543 0.039411110495108835
0 0.046644120112855694 0.5681661710749223 0.04808467292769344 0.03241765785015538
0 0.5869468320524035 0.3558000768589392 0.03921900889724857 0.04437162628012441
0 0.4159565583264072 0.2529921372269911 0.06689833992388791 0.03507222099021767
0 0.5759615469948819 0.5858893952606732 0.037656508897248565 0.044280621018452496
0 0.970478209542452 0.5433338140576953 0.03427684091247087 0.037848610495108834
0 0.3058029669196447 0.2210357529131846 0.0828416749048598 0.043794773606936135
0 0.10741447684265751 0.6758274816547357 0.05015650889724856 0.045008663111827295
0 0.23912078018896787 0.5256315186276129 0.046967841901054186 0.04326415258848364
0 0.8804355523949082 0.19774756924878006 0.0667073389353046 0.030384720990217672
0 0.12392427273741302 0.10085059748210354 0.06715300790866538 0.04132222099021767
0 0.3847092169196447 0.21643998719875626 0.07796317391627668 0.038834257821920556
0 0.06490864186168553 0.6704721237198756 0.04508700692008223 0.0353606473268119
0 0.5746100222431214 0.07225182948977509 0.03740184091247105 0.03803062101845254
0 0.1162761877936221 0.4897156764071813 0.05015650889724856 0.045008663111827295
0 0.19923994912514756 0.14266710018352663 0.06877917490485977 0.0429757262518895
0 0.27150485726127443 0.49398740550166825 0.040654174904859806 0.04133763154179633
3 0.9506286941822317 0.23322306668853132 0.09874261163553655 0.0610578683170294
0 0.6459332184025195 0.20827335849955744 0.05315417490485981 0.04206567363517104
0 0.11202242790779035 0.4429771842996891 0.04553267589344299 0.04629814732681172
0 0.9573919832312671 0.26061231931936724 0.08408583992388792 0.036073278868607964
0 0.9882997905319101 0.3405504483009147 0.02340041893617979 0.02883763154179615
5 0.12682377965749522 0.1335720922204317 0.07209517589344294 0.0478452367752332
5 0.21880037403000735 0.18068303967430036 0.08791117688202617 0.053442789391951705
0 0.9621948883644634 0.20551529564184393 0.06182883794672165 0.0254242052052021
0 0.8733008261209043 0.3109301087113189 0.07008700692008248 0.03681673151356133
0 0.047095106272691256 0.5023591605515786 0.05433467292769343 0.03278167889684287