5 0.72421875 0.3140625 0.03671875 0.02890625
5 0.93828125 0.5546875 0.03671875 0.025
0 0.44296875 0.3046875 0.034375 0.0265625
5 0.6359375 0.31796875 0.0375 0.02890625
0 0.27421875 0.56953125 0.03125 0.025
0 0.9140625 0.621875 0.034375 0.0265625
5 0.5828125 0.3546875 0.03828125 0.02734375
5 0.87578125 0.5453125 0.0359375 0.0234375
0 0.64375 0.87890625 0.0140625 0.05703125
0 0.665625 0.953125 0.01328125 0.0609375
0 0.84453125 0.3578125 0.02890625 0.04921875
0 0.934375 0.0515625 0.0125 0.0609375
0 0.625 0.878125 0.01328125 0.059375
0 0.3296875 0.603125 0.0375 0.0265625
0 0.5296875 0.94921875 0.0125 0.05859375
0 0.8828125 0.19375 0.01328125 0.046875
0 0.56171875 0.9453125 0.01171875 0.05546875
0 0.82578125 0.0515625 0.0203125 0.0453125
0 0.20625 0.5734375 0.03671875 0.0265625
0 0.6265625 0.94765625 0.01171875 0.05625
0 0.33828125 0.571875 0.03359375 0.02109375
0 0.78125 0.20546875 0.0140625 0.05234375
0 0.5453125 0.95 0.0109375 0.05546875
0 0.440625 0.7171875 0.0140625 0.0578125
0 0.646875 0.9453125 0.01171875 0.0609375
0 0.90234375 0.5859375 0.02890625 0.0234375
0 0.46875 0.7625 0.01484375 0.06171875
0 0.59765625 0.9453125 0.01484375 0.0546875
0 0.5765625 0.946875 0.01171875 0.05234375
5 0.8546875 0.5765625 0.0375 0.02890625
0 0.93203125 0.18828125 0.01484375 0.0640625
0 0.61171875 0.9453125 0.0140625 0.0546875
3 0.15703125 0.94765625 0.075 0.09375
0 0.67421875 0.74453125 0.01484375 0.04375
5 0.78984375 0.60859375 0.0375 0.03046875
0 0.8203125 0.32109375 0.040625 0.0265625