3 0.3750702638565605 0.5951269082765354 0.08021634890464338 0.07323867694751698
0 0.07837843494366994 0.36874209172016936 0.04520485141192578 0.050763659090609536
0 0.48812184481451515 0.5244070795420095 0.04341503087881229 0.04292388555165907
0 0.2656404057142102 0.2727416193163095 0.048284387305303156 0.0492557061685102
0 0.5884999295333936 0.486295199265356 0.04654003087881229 0.042978432629560005
0 0.5363751398790926 0.45099289894104455 0.04980142319868044 0.047720479707460586
0 0.16151885853806175 0.1708733818982112 0.0483753155185485 0.052380706168510205
0 0.20218331096620198 0.2239535174498704 0.04506845909205772 0.04607615909060954
0 0.5458350564138554 0.501965063713697 0.04663095909205772 0.04610343262956
0 0.4340063093168493 0.36947807183137177 0.046585494985435 0.044540932629559826
0 0.3774153285171792 0.3802149744291595 0.048193459092057724 0.046130706168510206
5 0.751596974597971 0.4148856237772411 0.0492391335443795 0.08206820616851011
0 0.44680417451882865 0.4400496704514 0.04663095909205772 0.04610343262955983
0 0.31241846582248234 0.3306183490237701 0.0515003155185485 0.05243525324641087
5 0.2576447346271008 0.4938080957773591 0.048238923198680436 0.04769320616851012
0 0.7232459687254762 0.20725435592033362 0.03454013605166182 0.05994774431795715
0 0.36843278510195454 0.31283655965650714 0.05145485141192587 0.05087275324641087
0 0.5548377025611542 0.993245034088962 0.03036946159934022 0.013509931822076026
0 0.4306553034443546 0.1622831805976697 0.04520485141192587 0.050763659090609536
5 0.5856678169052036 0.9059900904990581 0.036511813011265916 0.07403751785690744
0 0.17328514034131098 0.7604404423687925 0.044142456584775266 0.06792388555165907
5 0.5444112972426554 0.577759950483172 0.048284387305303156 0.04925570616851012
0 0.7912026953685112 0.3163078019425741 0.04593227711788863 0.07576365909060953
3 0.7302923436273809 0.9788882536501526 0.09065374373179384 0.04222349269969463
0 0.3978488151228371 0.1077769127407622 0.0501196719450391 0.05865797970746054
0 0.6348674980214429 0.7731872731286179 0.049710494985435005 0.044595479707460584
5 0.7852602354185236 0.198175410708872 0.05240959765100204 0.08368525324641088
5 0.782065724597971 0.41541745778677275 0.03968227711788863 0.0756545649348082
0 0.4795628502247915 0.4156087779998819 0.04810253087881229 0.04300570616851011
5 0.015770129025286406 0.8732426310874324 0.03154025805057281 0.04766593262955965
3 0.0690070981132205 0.2341352666390915 0.06137542069139797 0.06978639448011288
0 0.2396509040648575 0.41376603977100473 0.048375315518548415 0.052380706168510115
5 0.5583687779758184 0.09807245048317206 0.051954956584775405 0.06806025324641088
5 0.7828148485089319 0.09417370332254583 0.03431281551854859 0.05213524431795713
0 0.8348039988793727 0.9400413567311127 0.04654003087881229 0.04297843262955965
0 0.5356594567177894 0.878541200483172 0.036466348904643196 0.07247501785690744
2 0.5478041040522224 0.9124762751605082 0.08505226458147633 0.17504744967898347