0 0.13866859509333143 0.2565047496042886 0.03806656603337357 0.0416706744523216
0 0.06699499095488846 0.23986883056224326 0.0364221788782438 0.04006271034569897
0 0.5248274231124925 0.31547395500192965 0.03823034034363317 0.04479567445232169
0 0.5057698066495778 0.4111956319615338 0.03814845318850324 0.043233174452321596
0 0.0637571263009959 0.2867665626155546 0.041355340343633064 0.04488660266556703
0 0.04689941768542567 0.47447115109535665 0.06553646879233553 0.029989028371529967
0 0.2001925932843091 0.3030782212327587 0.03971095318850333 0.043278638558944316
0 0.1728798207830719 0.2586295392585896 0.041191566033373574 0.041761602665567034
0 0.24261138738227234 0.41651258392745555 0.03634029172311397 0.03850021034569906
0 0.10030213591193433 0.2443601022698556 0.03979284034363304 0.04484113855894432
0 0.5364919414298583 0.2566301524155049 0.039956614653892684 0.04796613855894431
0 0.16688544832726326 0.2985869495251463 0.03971095318850328 0.043278638558944316
0 0.20720615389061575 0.40740200837977725 0.03806656603337357 0.0416706744523216
0 0.6715939597472239 0.19419468540588836 0.039956614653892684 0.04796613855894436
0 0.17324058966626452 0.4005897187254762 0.03296963025772479 0.03372178213245362
0 0.5157113726829513 0.37034331142842036 0.038230340343633 0.0447956744523216
0 0.6813241638402385 0.12760657897939764 0.03823034034363317 0.04479567445232169
0 0.03542408638690417 0.2766701485880742 0.028445904567984293 0.036710389812585564
0 0.5697968436229933 0.06766694081616469 0.03987472749876275 0.04640363855894434
0 0.27665883876175335 0.42176237358175656 0.03798467887824382 0.0401081744523216
0 0.5495142418593997 0.20164713572245746 0.04003850180902226 0.049528638558944314
0 0.1294286346687389 0.4923513213910432 0.06232958163720577 0.028335600158284534
0 0.6593938528952477 0.2483737200456244 0.03502345318850324 0.043142246239076344
0 0.6079221268668228 0.4714080547645028 0.03650406603337366 0.04162521034569906
0 0.6473984639310955 0.2986465046853605 0.03995661465389251 0.04796613855894431
0 0.13024858548239301 0.29809285603077934 0.03954717887824381 0.04015363855894431
0 0.6289959447092187 0.3818681816449646 0.03313340456798421 0.036846782132453626
0 0.852043941091174 0.4721054220780532 0.07351274310259512 0.033341348904643374
0 0.9644554098835096 0.44075247050784283 0.023103307326946165 0.02407399749271768
0 0.6873185362960472 0.08764916871284092 0.03806656603337366 0.041670674452321685
0 0.354326815356005 0.39844088235724523 0.06882524310259512 0.03320495658477522
3 0.10310407281923686 0.6374281406705153 0.12918288896415206 0.053682592636437224
0 0.9686039993226314 0.4211302922945975 0.0169351944820761 0.025454641066226812
5 0.4450038885139261 0.8115737166804122 0.03691350180902227 0.04943771034569906
5 0.5949662669626286 0.8228114303913234 0.07934666327441153 0.05535274122451135
5 0.6648626871344451 0.7989360096999254 0.06988977611928178 0.0535174565847754
5 0.8223819380389564 0.7701708490376573 0.0928359531885036 0.04482441818411544
5 0.7801612177762827 0.6231882004495832 0.07055151741285463 0.03637542069139812
5 0.22413030303153314 0.5161177788337483 0.07836401741285455 0.03660274122451135
0 0.43301398010075454 0.519400588546309 0.06051477611928178 0.0532446719450391
0 0.9704907259168831 0.4000138102412862 0.015454581637205677 0.026971676959604098
0 0.617986523632891 0.4282119842313894 0.03814845318850324 0.043233174452321596
0 0.5611311725466657 0.1139425472426554 0.04637038896415202 0.0512729949854351
0 0.7025617559928937 0.03494170585985947 0.05089411465389269 0.048284387305303114
0 0.35312948552782153 0.3766340785171792 0.07367651741285455 0.03646634890464338
0 0.36447309927720295 0.3536823118241318 0.07038774310259503 0.03325042069139794
0 0.3678813822938897 0.33330161566419775 0.07844590456798421 0.03816524122451135
0 0.3751959153105765 0.312807259237707 0.07844590456798439 0.03816524122451135
0 0.38016669832726324 0.29238109897115033 0.08337906603337357 0.04298913354437941