0 0.7296875 0.9950689970593238 0.046875 0.009862005881352331
0 0.2828125 0.2726340750784851 0.0890625 0.04216756784239593
0 0.74609375 0.9359761165744566 0.0421875 0.04752345318850324
0 0.7109375 0.11382115558403709 0.0453125 0.058624727498762796
0 0.56015625 0.23326279511401604 0.0859375 0.049816293532136326
0 0.97890625 0.26770855268878957 0.0421875 0.06627345318850333
0 0.8953125 0.3906713398893478 0.0484375 0.05566350180902226
1 0.77890625 0.3658207468321813 0.0765625 0.13994997060135778
0 0.75546875 0.8567799395052351 0.0453125 0.058624727498762755
0 0.77421875 0.7671375853667921 0.040625 0.04900406603337348
0 0.65703125 0.5969335487320606 0.046875 0.057144114653892686
0 0.88984375 0.7903847348463937 0.04375 0.046042840343633
0 0.92578125 0.911799389414378 0.0421875 0.04596095318850324
0 0.9171875 0.9794633474661509 0.0328125 0.04107330506769813