3 0.13359375 0.8421875 0.05703125 0.14609375
3 0.19140625 0.940625 0.071875 0.11796875
0 0.24375 0.32890625 0.0375 0.0328125
5 0.65390625 0.209375 0.0390625 0.03125
0 0.4234375 0.12734375 0.03203125 0.046875
0 0.7421875 0.33046875 0.034375 0.0265625
3 0.2703125 0.7296875 0.03828125 0.09921875
0 0.51171875 0.2953125 0.034375 0.02734375
0 0.521875 0.34296875 0.03671875 0.02734375
0 0.13515625 0.35234375 0.0375 0.03515625
0 0.08515625 0.32109375 0.03515625 0.0328125
3 0.12265625 0.10703125 0.04140625 0.090625
0 0.584375 0.67421875 0.03515625 0.03125
0 0.54609375 0.74140625 0.034375 0.034375
5 0.26015625 0.52890625 0.03046875 0.053125
3 0.984375 0.22578125 0.03125 0.0421875
0 0.76015625 0.22109375 0.03125 0.02578125
0 0.23984375 0.059375 0.015625 0.0625
0 0.2390625 0.15625 0.01640625 0.0703125
0 0.76015625 0.26875 0.03515625 0.028125
0 0.2421875 0.00859375 0.0140625 0.0171875
0 0.56796875 0.11953125 0.03671875 0.0296875
0 0.40703125 0.928125 0.034375 0.0484375
5 0.13125 0.5234375 0.03671875 0.0328125
0 0.02421875 0.51796875 0.040625 0.034375
0 0.1140625 0.4390625 0.040625 0.03359375
0 0.2484375 0.2640625 0.0375 0.034375
0 0.7328125 0.94140625 0.034375 0.04140625
0 0.096875 0.5375 0.03671875 0.03203125
3 0.84375 0.9296875 0.06328125 0.134375
0 0.1859375 0.05859375 0.015625 0.065625
0 0.58125 0.77109375 0.03515625 0.0390625
0 0.29609375 0.615625 0.02265625 0.06640625
0 0.33671875 0.40390625 0.03515625 0.04609375
0 0.5234375 0.04140625 0.03203125 0.02734375
0 0.21953125 0.09765625 0.01796875 0.0890625
0 0.2171875 0.17734375 0.015625 0.071875
0 0.51171875 0.20078125 0.034375 0.02890625
0 0.40390625 0.2984375 0.0375 0.03046875
0 0.1 0.48828125 0.04140625 0.034375
0 0.1828125 0.1765625 0.015625 0.0703125
0 0.34453125 0.98046875 0.0375 0.0390625
0 0.4921875 0.24921875 0.02578125 0.03046875
0 0.38125 0.25 0.040625 0.0359375