0 0.49100411856719167 0.252568925453602 0.03840928213245363 0.03146816861791084
3 0.8694434233316943 0.8838537242473791 0.0868588054894186 0.13954428903121965
0 0.8347708389420205 0.3036849560970064 0.03836381802583091 0.02990566861791084
0 0.5556061761681813 0.287343380372258 0.03845474623907634 0.03303066861791084
0 0.11183447796318324 0.5859687953759316 0.043324102665567035 0.039307939695149584
0 0.2090311090667872 0.9501853105994378 0.03936402837152997 0.06428066861791067
0 0.043630047242655415 0.5676187711754347 0.035284282132453625 0.03144998789975162
0 0.5869050226320491 0.6613166906771083 0.0385456744523216 0.03615566861791066
5 0.37626801715526587 0.3032279764868743 0.043142246239076344 0.033057939695149766
0 0.09500834230723276 0.4931136748644268 0.041670674452321685 0.03617384933607006
0 0.23519645546414805 0.8562989552132436 0.03798338479802066 0.07052157825883114
5 0.27084445044958316 0.8123489673134919 0.041335705331134065 0.07835225897699019
5 0.4349754274218226 0.2989808380213886 0.04475021034569906 0.034629530054229286
0 0.4055092362764535 0.3452382144848217 0.03519335391920819 0.02832498789975162
0 0.2453012296790429 0.9116995275201465 0.03950042069139794 0.06896816861791066
0 0.5161669061099217 0.11260245560602711 0.04001724623907634 0.03303975897699045
0 0.21894566666777687 0.9852779280858804 0.03983538981258557 0.026789758976990187
0 0.7696169195707707 0.8516275524080144 0.03881845909205772 0.04553066861791066
0 0.2584474020197935 0.7015023709042882 0.03146060015828454 0.0611102168225127
0 0.5558846916740945 0.7341411123200812 0.04019910266556703 0.03928975897699054
5 0.09192279473537295 0.5454665152235064 0.05596049498543505 0.04406816256778665
5 0.49538173000824737 0.2900371091968233 0.043142246239076344 0.033057939695149675
0 0.549620600620503 0.25144678698811623 0.035284282132453625 0.03144998789975162
5 0.5991348673135504 0.24100419067710832 0.044704746239076346 0.033067030054229285
5 0.5198445209161895 0.33519961827200956 0.04475021034569906 0.034629530054229286
0 0.030976934547958523 0.5192630844071513 0.043233174452321665 0.03618293969514959
0 0.6784259667469191 0.9521411576960128 0.024755959092057724 0.045448855386194253
4 0.29361097835889466 0.4325932896203949 0.03563127461060631 0.09706589754067192
3 0.6789156440357277 0.3178706968254284 0.09506845909205772 0.04585792154477701
0 0.46515598706787625 0.040255277814734106 0.044704746239076346 0.0330670300542293
0 0.009121801168181311 0.5983147801524252 0.018243602336362623 0.03453862646343318
0 0.5910947659681316 0.7589320340612501 0.04029003087881229 0.04241475897699054
3 0.41048990446056893 0.2545995789462022 0.051136602665567035 0.03935339149054773
0 0.6110566103204285 0.9587820431364363 0.026409387305303157 0.048582945745273776
5 0.6231346569678514 0.2752337449318344 0.04626724623907634 0.033076120413308985
0 0.45399220038307614 0.34339391335335356 0.0479206744523216 0.03621021077238851
0 0.36398697750096487 0.268930244539051 0.03202288981258565 0.026744307181592396
0 0.2618465013201482 0.47730180162244745 0.026864028371529968 0.06420794574527396
5 0.7668020889420205 0.3040803867169698 0.047920674452321774 0.03621021077238851
0 0.7722501745853357 0.8953548265103153 0.03730142319868044 0.04708407825883114
5 0.8921203376883792 0.29241565799060043 0.051091138558944496 0.03779089149054773