0 0.4421875 0.3859375 0.0265625 0.02109375
4 0.20390625 0.43125 0.04609375 0.02578125
0 0.81015625 0.30546875 0.02734375 0.02109375
0 0.3328125 0.28828125 0.02578125 0.02265625
0 0.94296875 0.26796875 0.03359375 0.02421875
0 0.1734375 0.24296875 0.028125 0.0234375
0 0.05625 0.25 0.028125 0.02109375
0 0.259375 0.246875 0.021875 0.01953125
0 0.215625 0.24453125 0.0296875 0.0234375
0 0.01328125 0.25703125 0.025 0.02109375
0 0.6984375 0.5 0.021875 0.0515625
0 0.6015625 0.4625 0.0203125 0.0484375
0 0.10625 0.428125 0.0265625 0.021875
0 0.575 0.0171875 0.0125 0.034375
0 0.36640625 0.42578125 0.0296875 0.02109375
5 0.2953125 0.2453125 0.03125 0.02109375
0 0.325 0.4265625 0.021875 0.01875
0 0.4296875 0.4234375 0.0265625 0.01796875
0 0.5953125 0.0234375 0.01171875 0.04609375
0 0.61484375 0.0109375 0.01328125 0.02109375
0 0.66953125 0.03984375 0.01640625 0.04921875