0 0.4297456616279073 0.12557260795496603 0.0413654796419344 0.038440738741233015
3 0.7605660626153563 0.09153158157992074 0.09613212523071261 0.09174501387966064
0 0.5714882803802149 0.3462832310262104 0.04126535009228505 0.03687823874123301
0 0.2665084885843495 0.4193262006459955 0.03908108883351815 0.07564035009228505
3 0.29931260563861417 0.846239154069768 0.07447597316352939 0.16660531153562202
0 0.17364556985972845 0.633561076495017 0.04469073874123301 0.04176599784053181
0 0.5124367620247341 0.6996201796696211 0.03471496144333717 0.031790220542635694
0 0.1582627968807692 0.539210299197121 0.04791586829088237 0.04352875693983034
5 0.15174148904577484 0.5831407718992251 0.059454145588778304 0.05360466378737563
0 0.11074533775378392 0.10123992982650451 0.045892293337024895 0.060515997840531674
0 0.16804550046142533 0.1819380197397568 0.045130829734219446 0.07291586829088237
4 0.2962262669619796 0.4095599768641572 0.05973355027685523 0.10652940468807692
0 0.9136616957087499 0.5743917512273924 0.041065090992986344 0.03375323874123311
5 0.8457313209394627 0.6556231623938743 0.05084060919158375 0.04060401603912887
0 0.6772121445090441 0.11419952112403275 0.045291516039128864 0.05114099784053163
0 0.5176833574935407 0.2837040854374321 0.04322836829088228 0.04322836829088228
0 0.0998285356220022 0.5743677467607975 0.0382404796419344 0.0382404796419344
0 0.6620587114433371 0.07199223472683818 0.038841256939830336 0.047615479641934376
0 0.34418142195459833 0.9905923264950169 0.0304279796419344 0.01881534700996603
0 0.1721310255998529 0.2335505845145814 0.045130829734219446 0.07291586829088237
5 0.4901939173311199 0.5589253284976017 0.047815738741233106 0.04196625693983016
0 0.21889420650609157 0.31979776758028844 0.04024307063492074 0.0694904796419344
0 0.051802045801035014 0.5533951102713178 0.03571625693983031 0.047415220542635694
0 0.6933525023071266 0.9002779210317478 0.04126535009228505 0.0368782387412331
5 0.3609417180694004 0.8245131508305656 0.03908108883351806 0.07564035009228505
5 0.4879817728220758 0.4879817728220758 0.04791586829088228 0.04352875693983034
0 0.542623998301957 0.2479563525562952 0.04342862739018098 0.046353368290882366
0 0.4991938872554467 0.7843561250738291 0.034614831893687636 0.030227720542635693
5 0.2754188209394626 0.6190758767718721 0.04094397748246603 0.0804279796419344
5 0.21330194786821827 0.48749640730897054 0.035755829734219445 0.07231509099298634
0 0.5608044108527149 0.6894930104835746 0.04937823874123311 0.04206638648947951
0 0.6663277297895928 0.9763502652639368 0.04791586829088246 0.043528756939830514
0 0.4238551233757861 0.6892753601144344 0.04725453423772628 0.05749112739018116
5 0.33483909545958135 0.8664107541620532 0.03791910703211539 0.0817902205426357
5 0.21372704271871604 0.2634476380306391 0.04855621838316741 0.07780362739018098
3 0.41782785009228507 0.06100946020671942 0.03485466378737563 0.05825259099298643