0 0.5389126027754692 0.11399344619657907 0.031088173916276673 0.03558467292769345
5 0.615083760911596 0.4711957925462576 0.03115184091247105 0.03714717292769336
5 0.6726867193911026 0.276994806386422 0.03440417490485981 0.04039950692008221
5 0.6682007851318837 0.5880132194282837 0.03290534190105419 0.04189833992388792
5 0.6367372209111585 0.6772057120139099 0.03453150889724856 0.04352450692008212
0 0.5948402450942651 0.39549545558811927 0.036094008897248564 0.043588173916276673
5 0.7109639466908707 0.5655771453217266 0.039410009885831696 0.04840300790866543
0 0.6596880177944972 0.11111513840164441 0.06689833992388791 0.033924013840164455
0 0.5600156230414243 0.21078753315471738 0.02783583992388792 0.03233233893530461
5 0.5062645874524299 0.04012752326888565 0.03440417490485981 0.04039950692008223
5 0.5162164738769079 0.6863340198088446 0.036157675893442945 0.045150673916276675
5 0.6619919585166877 0.22508213790735282 0.03465884288963732 0.046649506920082205
0 0.731448837526792 0.838615397298893 0.042407675893442943 0.045405341901054184
0 0.7101415233060667 0.9282217253597829 0.04234400889724856 0.04384284190105418
0 0.666371618667162 0.9807585225088576 0.03921900889724857 0.03848295498228467
0 0.6226561107584966 0.9441557900747997 0.04234400889724856 0.04384284190105418
0 0.5922749550938277 0.6005185366147585 0.040654174904859806 0.040654174904859806
0 0.6891220746752107 0.7760543888959359 0.03934634288963732 0.04684050790866543
0 0.6279591512160446 0.346927963002493 0.0456600098858317 0.04865767589344294
0 0.5744415148659286 0.4882586171471061 0.03427684091247105 0.03727450692008212
0 0.5358419298849567 0.4788862757403436 0.04234400889724856 0.04384284190105418
0 0.47001529452342383 0.6243950939154016 0.0456600098858317 0.04865767589344294
0 0.445548488211364 0.7513104209877082 0.039155341901054186 0.04215300790866543
0 0.6207368306067098 0.8013462075652855 0.04234400889724856 0.04384284190105418
0 0.5318242974519924 0.24629661022702395 0.03596667490485981 0.04046317391627659
0 0.5044712771860373 0.14924785528410806 0.043970175893442945 0.045469008897248565
0 0.6493354496194391 0.1824489689339921 0.0440975098858317 0.04859400889724856
0 0.2708310366147585 0.5788412188968111 0.07640067391627667 0.03743101581733086
0 0.2546781601132932 0.3738353839158391 0.05245383794672147 0.02397601087441492
0 0.12793658798390253 0.4217078567298017 0.07471083992388783 0.034242348821136304
0 0.05008350201434739 0.4060563404181794 0.06833350593149905 0.03086268083635879
0 0.05478558946677729 0.42574675790866545 0.07139483893530466 0.029427514828747548
0 0.05789334342110999 0.4445922584029569 0.07608233893530465 0.02961851581733086
0 0.06474817988495671 0.4596906763877346 0.06983233893530465 0.029363847832553348
0 0.067011016843095 0.476941843383929 0.07139483893530466 0.029427514828747548
0 0.06849260380123331 0.4941611768820261 0.06814250494291585 0.02617518083635879
0 0.06837985726127442 0.510535593383929 0.07445617193911028 0.027992348821136305
0 0.06986144421941273 0.5277549268820261 0.07458350593149903 0.031117348821136304
0 0.07218794817374544 0.5465685938782204 0.07458350593149905 0.031117348821136304
0 0.773568787071869 0.20700991163334903 0.07302100593149916 0.031053681824942014
5 0.7626100879467215 0.05291266064476585 0.0713948389353046 0.029427514828747614
0 0.8926013354752635 0.04651010482699754 0.060202670950527094 0.02273184585538688