0 0.0605381145423509 0.6006869915624795 0.034122694482076034 0.0261458377489479
0 0.17771232643728146 0.537328841292327 0.03256019448207601 0.02609127404661713
0 0.13741487505780048 0.5324974975529292 0.03116146879233552 0.029161710344286364
0 0.17023734113660255 0.5758010642504849 0.029353307326946253 0.02441964664195524
0 0.09799717096478602 0.600158712706539 0.029353307326946278 0.024419646641955416
0 0.07081055122251081 0.5683556411996598 0.024502033016686787 0.021130955534962758
0 0.5608003861390769 0.6526214475607786 0.03091580732694634 0.024474210344286363
3 0.07400307101021456 0.6859970089856746 0.09324538896415206 0.05316469473518968
5 0.876008227048537 0.7983580111782913 0.039055855947465544 0.030997028855940557
0 0.1644067429910534 0.6126562235063122 0.026228307326946254 0.024310519237293705
0 0.23938348880718188 0.506321888752589 0.034204581637205765 0.027708337748947896
0 0.08449459294562486 0.5304464134321784 0.027790807326946276 0.02436508293962447
0 0.015234417119598795 0.561753466334736 0.03046883423919759 0.02452877404661713
0 0.5547650701057034 0.6933828568166056 0.027708920171816587 0.02280258293962447
0 0.5562932705806732 0.7237424794119439 0.030915807326946165 0.024474210344286363
0 0.44391161578554633 0.3385366441100667 0.01808161465389251 0.047420637023308565
0 0.03642558514370875 0.5251066382044349 0.030915807326946276 0.024474210344286363
0 0.0022159783475031317 0.5220833311255261 0.004431956695006263 0.02291171034428636
0 0.914374686229934 0.81027516862002 0.03732958163720568 0.027817465153609788
0 0.4868482247852294 0.01896822169221363 0.020053550429541288 0.03793644338442726
0 0.00666446093464859 0.5920684489115409 0.01332892186929718 0.02625496515360979
0 0.8321353963158422 0.8022295448435554 0.03107958163720568 0.027599210344286362
0 0.7556105178671398 0.7893054481089327 0.034122694482076096 0.026145837748948075
0 0.6898681676854256 0.4515996061836335 0.029517081637205678 0.02754464664195542
0 0.7694947919502566 0.3606992984717524 0.01808161465389251 0.047420637023308565
0 0.8548413924706552 0.4731323218853973 0.034204581637205675 0.027708337748947896
0 0.45038078527999426 0.7656522156169459 0.03280585594746519 0.03077877404661713
0 0.5984176520815934 0.4407563646211539 0.034204581637205675 0.027708337748947896
0 0.782653211217562 0.3625792570019401 0.01824538896415202 0.05054563702330857
0 0.2933108344663402 0.9653124536360462 0.015536468792335523 0.02861607332097762
0 0.6518325791508148 0.4482489168907394 0.030915807326946165 0.024474210344286363
0 0.6571287522633076 0.778707743206942 0.03247830732694634 0.02452877404661713
0 0.2632592435568803 0.8096180143431522 0.019889776119281777 0.05216270072563915
0 0.38466492706922145 0.0027727920179664452 0.015045145861557075 0.0055455840359328904
0 0.8317900740624324 0.36242300037851816 0.018245388964152197 0.05054563702330857
0 0.6351983570791191 0.34901280872337137 0.017999727498762753 0.045858137023308564
2 0.6608412454774443 0.09779504910472456 0.11207727611928178 0.05538195916315991
0 0.6678880263464244 0.35021072097442346 0.020217324739800802 0.05841270072563942
0 0.7399157553155253 0.4787052540067152 0.018409163274411534 0.053670637023308564
0 0.3322106394184373 0.78849449329176 0.020053550429541288 0.05528770072563951
0 0.6506595827688596 0.35159217170006285 0.018245388964152197 0.05054563702330857
5 0.11509613975712156 0.5714880756832305 0.04037269448207601 0.026364092558271324
5 0.8097745539360443 0.47002716925299215 0.04053646879233561 0.029489092558271323
0 0.699755502036165 0.3522171650766409 0.016682888964152022 0.05049107332097771
0 0.34747379127288813 0.8246130425661207 0.0217798247398008 0.058467264427970275
0 0.9761199282008753 0.37609857606174857 0.007635437584671223 0.05641369110699257
0 0.8455659690194782 0.3674006770575405 0.018409163274411354 0.053670637023308564
0 0.8170691547951268 0.3605976055506613 0.018409163274411354 0.053670637023308564
0 0.7990185176399971 0.36278758812746614 0.016846663274411533 0.05361607332097771
0 0.6159127685445084 0.3450073550025071 0.016109678878243727 0.03955357332097771
0 0.2557223032586758 0.9385515461943177 0.014792840343632995 0.044186509618646855
0 0.9022143594539683 0.49175334711314084 0.01849105042954129 0.055233137023308385
0 0.885904363976524 0.3714507707969382 0.018327276119281775 0.05210813702330856
0 0.45650562754419133 0.02731271778993948 0.021943599050060315 0.05462543557987896
0 0.21965640773580297 0.7339384572642433 0.03346095318850324 0.04327877404661713
0 0.7079952114447046 0.7901883910300238 0.034204581637205675 0.027708337748947896
0 0.7245773603584794 0.47378214103002375 0.018245388964152197 0.05054563702330857
0 0.35055776345612566 0.27473209365457973 0.02161605042954129 0.05534226442797028