3 0.7784146918004623 0.2583750078343033 0.05050713939685174 0.06122134288963732
3 0.23788105984999838 0.8370649653995889 0.15908105702175906 0.09211319863085592
3 0.6455295901043042 0.6393424594309088 0.059686649764444155 0.07716467787060921
3 0.3831847064568967 0.7503886832706357 0.10790953628657399 0.058889521748829665
3 0.5191300002828239 0.054898475248239584 0.05839755183796278 0.08022601087441492
1 0.7028894881253223 0.936506619507021 0.06599543836009261 0.06029551285158128
0 0.3530222954763881 0.43251543376492735 0.03935502591898139 0.04052684091247087
0 0.8965289962303234 0.3358859011045015 0.03623002591898157 0.04039950692008221
0 0.2979533781343046 0.48415352962031416 0.04404252591898139 0.04071784190105419
0 0.261117759472638 0.45742920353659083 0.0473042269557407 0.042407675893442943
0 0.4722766007547207 0.7381340809894582 0.07970662384546294 0.039057182813525236
0 0.05656837756865675 0.3418864110646953 0.04914012902925917 0.04559634288963732
3 0.06554425344036993 0.22940365711036265 0.09773345391148133 0.08494268577927473
5 0.8456492928844899 0.40852224646559676 0.04927683006601846 0.04715884288963732
0 0.994546831197314 0.6702197973404492 0.010906337605371874 0.027674013840164415
0 0.32013790230985967 0.7466853631184114 0.06720662384546286 0.038547846843970036
0 0.939395750236341 0.7183163991273351 0.08072231969842605 0.03287084980971962
0 0.5128169605093973 0.4487413171492937 0.04132762902925933 0.04527800790866543
0 0.9401483144681467 0.6641873146406547 0.08554652073518518 0.03462435079830275
0 0.98258336489199 0.3606047168081016 0.03269492280870381 0.03558467292769345
0 0.9284097320930542 0.6913228176064043 0.07107391762490742 0.029363847832553348
0 0.49768528680573904 0.8672485780237087 0.06802683006601846 0.04792284684397004
0 0.3574615365229151 0.7969108561983292 0.07726512902925915 0.0467423488211363
0 0.12978559585374844 0.8203005711408075 0.032968324882222164 0.03870967292769336
0 0.15224564769171123 0.8977889011788637 0.04050742280870363 0.035903007908665074