3 0.8525652024848667 0.17278473689479093 0.15868976099766208 0.07700152393569457
3 0.8778617844196569 0.796093643904895 0.12540366431700994 0.06998780452090295
3 0.4979028585035068 0.09837315045749959 0.07021925684847723 0.08274107123840284
5 0.3836087572494626 0.4745921179724302 0.03577247925407558 0.03982621941479181
3 0.692301286093264 0.23968456221725637 0.1018710759347277 0.04760365824437507
0 0.24863102862008687 0.4239225835874997 0.029404080083912553 0.03811824905006951
0 0.17864429564103368 0.08162794044510402 0.05104228174358649 0.03550239532659725
5 0.20425406658745074 0.4023391775273262 0.03264747925407559 0.03975348423243066
0 0.20921240849421804 0.4809908543890623 0.0288120842330974 0.030305749050069507
0 0.2615632008112594 0.7472685113991664 0.029048882573423463 0.03343074905006951
0 0.29846324002802316 0.5381837989182289 0.030848180913749523 0.03659211664124999
5 0.37744495808394396 0.2883461466577774 0.05764747925407558 0.0403353656913195
5 0.25085545683454413 0.4769021132227776 0.03264747925407559 0.03975348423243048
0 0.6345541053800072 0.5592164654276383 0.03229228174358649 0.03506598423243048
0 0.41827548070396814 0.047975066585659365 0.035654080083912555 0.038263719414791696
0 0.7020501813147348 0.5124128941892355 0.040223180913749525 0.036810322188333446
3 0.45733671948259147 0.7778060773192357 0.047041865976683896 0.06504442496187508
0 0.47054837572494623 0.03739993607670099 0.039252676764564676 0.044586454597152804
0 0.29718600517487015 0.4727042692829511 0.029285680913749522 0.03655574905006951
0 0.43024360705361425 0.0072815772707810755 0.034470088382282424 0.014563154541562151
5 0.2601703346340828 0.5289367386977428 0.034328378424238616 0.04135235182361115
0 0.5801340954312522 0.1658678153513884 0.07665758838228243 0.02362064437666671
5 0.39652961265269165 0.1085313600886455 0.0393710759347277 0.04614895459715278
0 0.5986104856783456 0.24108536768808975 0.07556868506293438 0.029834276785486225
3 0.1788411761166428 0.9847152664331595 0.04360829004195628 0.01973192496187508
0 0.6867383703263614 0.2101789001731591 0.05970688672260849 0.026345600873680652
0 0.7324946979114744 0.5428991747744438 0.04491068091374952 0.03691942496187508
0 0.00943235435432193 0.21366245649701385 0.01886470870864386 0.019550087005972293
2 0.40328599167840834 0.9147618698722912 0.04467388257342364 0.03379442496187508
5 0.010651312237773203 0.24329540511024303 0.021302624475546407 0.01965918977951393
0 0.900389825086313 0.68404758558427 0.04670997925407576 0.040080792553055564
0 0.3939355636876657 0.20451600731510383 0.07509508838228243 0.023584276785486136
0 0.34118538152451633 0.4272274619122566 0.03264747925407559 0.03975348423243048
0 0.22687962487653174 0.7933083632227775 0.03577247925407558 0.03982621941479163
0 0.22951694356179683 0.2644936854111109 0.07208848755244537 0.025074041603125076
2 0.4033936580700107 0.851589722645833 0.055044542741248745 0.10890352773541671
0 0.577137304764596 0.27745927878225646 0.06751938672260849 0.026527438829583437
5 0.9384692429278083 0.7166957782135756 0.01318708423309758 0.029942073138263935
0 0.23079476242433267 0.9577702535153817 0.03624607593472771 0.04607621941479181
0 0.5981629676317135 0.11319675703076337 0.06065408008391256 0.03884560087368061
5 0.44244576389744716 0.10980226614881908 0.04429537427505377 0.04938305737069446
0 0.0789786116037845 0.583845710296736 0.03252908008391257 0.03819098423243048
5 0.029868619913765233 0.27154703846899303 0.059737239827530465 0.020241071238402776
0 0.03358653837996014 0.15755727365135413 0.06717307675992028 0.029688806420763925
0 0.9549807300792683 0.12828789485482556 0.034351689212119396 0.02107621941479172
0 0.9452407224055983 0.020112372153401982 0.06029888257342364 0.034158100873680604
0 0.9574060678368508 0.19919980689892278 0.02592388257342364 0.033358013867708355
5 0.21400388442430135 0.6235959284772568 0.03577247925407558 0.03982621941479181
0 0.008955989827530462 0.5442942074469445 0.017911979655060924 0.03815461664124999