5 0.665625 0.290625 0.04296875 0.03125
0 0.1890625 0.4265625 0.03046875 0.025
0 0.1171875 0.42890625 0.025 0.02109375
0 0.10390625 0.35703125 0.03125 0.021875
0 0.02109375 0.434375 0.02734375 0.0203125
0 0.11171875 0.39375 0.021875 0.01953125
0 0.05078125 0.3953125 0.03125 0.021875
0 0.7375 0.33125 0.02734375 0.021875
0 0.153125 0.3578125 0.0265625 0.021875
0 0.2390625 0.35 0.0234375 0.02109375
0 0.23359375 0.3890625 0.0296875 0.02265625
0 0.940625 0.24765625 0.02890625 0.02265625
0 0.06875 0.434375 0.02890625 0.021875
0 0.1859375 0.4640625 0.03125 0.0234375
0 0.41953125 0.6796875 0.0125 0.05390625
0 0.76328125 0.2890625 0.03203125 0.021875
5 0.94296875 0.20703125 0.0359375 0.02578125
0 0.2703125 0.42421875 0.0296875 0.02265625
0 0.61015625 0.334375 0.02890625 0.0203125
0 0.61015625 0.29375 0.02578125 0.01953125
0 0.82265625 0.209375 0.03046875 0.02421875
0 0.45234375 0.64140625 0.01328125 0.04609375
0 0.27578125 0.4640625 0.03125 0.02578125
0 0.98359375 0.19765625 0.03125 0.025
0 0.009375 0.3984375 0.01875 0.01875
0 0.121875 0.46640625 0.0328125 0.0234375
0 0.67578125 0.54296875 0.0296875 0.0234375
0 0.6203125 0.54765625 0.03125 0.02421875
0 0.71328125 0.54140625 0.02578125 0.02265625
0 0.88203125 0.5328125 0.03203125 0.0234375
0 0.78203125 0.63671875 0.01171875 0.0484375
0 0.90078125 0.20390625 0.0265625 0.0234375
0 0.79453125 0.63359375 0.01171875 0.0515625
0 0.77421875 0.21015625 0.0296875 0.02421875
0 0.67734375 0.63671875 0.01328125 0.053125
0 0.8296875 0.634375 0.01328125 0.0546875
0 0.72265625 0.21484375 0.028125 0.0171875
0 0.34921875 0.984375 0.0140625 0.03125
0 0.45703125 0.7890625 0.0125 0.053125
0 0.84375 0.63671875 0.0125 0.04765625
0 0.7671875 0.5203125 0.0125 0.05
0 0.66171875 0.63984375 0.0125 0.05078125
2 0.6359375 0.8921875 0.10703125 0.04453125
5 0.1609375 0.390625 0.03515625 0.02265625
0 0.86640625 0.6375 0.0125 0.05703125
0 0.75234375 0.51875 0.01328125 0.0546875
0 0.6140625 0.26484375 0.02578125 0.015625
0 0.6453125 0.64765625 0.01171875 0.0484375
0 0.9953125 0.634375 0.009375 0.0578125
0 0.7109375 0.63984375 0.01171875 0.04921875
0 0.03359375 0.36171875 0.0328125 0.02734375
0 0.35 0.70078125 0.01171875 0.04921875
0 0.62578125 0.64375 0.01328125 0.040625
0 0.7234375 0.6421875 0.01484375 0.053125
0 0.81328125 0.63984375 0.01328125 0.0578125
0 0.9 0.6328125 0.015625 0.0546875
0 0.93125 0.50703125 0.015625 0.0546875
5 0.8359375 0.53125 0.034375 0.02578125