3 0.91015625 0.9453125 0.05703125 0.10859375
5 0.60546875 0.9515625 0.03515625 0.0765625
0 0.86796875 0.23046875 0.0375 0.02890625
0 0.40625 0.31953125 0.03515625 0.04375
0 0.70625 0.8765625 0.02109375 0.05859375
0 0.56484375 0.5 0.0296875 0.0296875
0 0.5078125 0.525 0.040625 0.03828125
0 0.403125 0.5671875 0.03515625 0.03515625
0 0.5671875 0.44765625 0.03828125 0.03671875
3 0.94609375 0.31796875 0.090625 0.0375
0 0.5078125 0.47421875 0.0390625 0.03515625
0 0.9390625 0.228125 0.03125 0.02421875
0 0.86015625 0.2765625 0.03828125 0.028125
5 0.44921875 0.5515625 0.0421875 0.03828125
0 0.2546875 0.1703125 0.0296875 0.0625
0 0.7515625 0.68046875 0.021875 0.08203125
0 0.73359375 0.771875 0.0234375 0.06484375
0 0.3484375 0.81953125 0.03515625 0.0453125
0 0.5640625 0.5546875 0.040625 0.0359375
0 0.01171875 0.60390625 0.0234375 0.04765625
0 0.72578125 0.66640625 0.01953125 0.0703125
0 0.97890625 0.01171875 0.0375 0.02265625
5 0.703125 0.98515625 0.021875 0.0296875
0 0.9390625 0.43515625 0.0421875 0.03046875
0 0.30625 0.8671875 0.0390625 0.05078125
0 0.64453125 0.9703125 0.0328125 0.059375
5 0.1203125 0.02265625 0.03515625 0.034375
5 0.23671875 0.93515625 0.04375 0.053125
5 0.45234375 0.9078125 0.04765625 0.06484375
0 0.60390625 0.86640625 0.02421875 0.0671875
5 0.675 0.96484375 0.034375 0.0703125
3 0.69296875 0.80703125 0.06640625 0.175
0 0.9140625 0.128125 0.03515625 0.04296875