0 0.71875 0.58984375 0.03984375 0.03203125
0 0.57890625 0.50390625 0.0375 0.03203125
0 0.62890625 0.08828125 0.0359375 0.034375
0 0.67421875 0.48203125 0.0375 0.02890625
0 0.825 0.56953125 0.04140625 0.0296875
0 0.59921875 0.13515625 0.03515625 0.03359375
0 0.5875 0.0296875 0.03984375 0.03359375
0 0.60546875 0.16953125 0.0375 0.0328125
0 0.771875 0.58046875 0.03671875 0.028125
0 0.59765625 0.3484375 0.015625 0.059375
0 0.50546875 0.184375 0.02734375 0.02734375
0 0.5078125 0.25703125 0.0328125 0.028125
0 0.6359375 0.121875 0.034375 0.0296875
0 0.88984375 0.5515625 0.03203125 0.028125
0 0.26015625 0.64921875 0.03125 0.03515625
0 0.73046875 0.46640625 0.03984375 0.03125
0 0.63203125 0.05 0.03515625 0.03046875
0 0.6203125 0.496875 0.0359375 0.03046875
0 0.9203125 0.425 0.03828125 0.0328125
0 0.509375 0.2890625 0.03515625 0.02890625
0 0.50703125 0.2203125 0.03359375 0.0296875
0 0.78828125 0.45546875 0.0390625 0.03046875
0 0.66875 0.96953125 0.01484375 0.059375
0 0.5515625 0.35078125 0.01484375 0.05546875
0 0.58515625 0.0046875 0.03359375 0.009375
3 0.2625 0.215625 0.03125 0.12421875
5 0.18515625 0.61328125 0.040625 0.03671875
0 0.975 0.95859375 0.02265625 0.05703125
0 0.403125 0.178125 0.01328125 0.05390625
0 0.9296875 0.5453125 0.03359375 0.028125
0 0.571875 0.3484375 0.01484375 0.0546875
0 0.7734375 0.98671875 0.02265625 0.0265625
5 0.21015625 0.7640625 0.040625 0.0578125
5 0.253125 0.81484375 0.040625 0.05859375
5 0.31875 0.94765625 0.0203125 0.0875
5 0.45 0.8515625 0.015625 0.06953125
5 0.40859375 0.27578125 0.015625 0.07109375
0 0.45625 0.48359375 0.03515625 0.04921875
0 0.40390625 0.096875 0.02109375 0.059375
0 0.2453125 0.03359375 0.01953125 0.0671875
0 0.5453125 0.62578125 0.03828125 0.03359375
0 0.5921875 0.6203125 0.0390625 0.03203125
0 0.6421875 0.60859375 0.04453125 0.0375
0 0.60703125 0.8546875 0.01640625 0.07890625
0 0.690625 0.9671875 0.01875 0.065625
0 0.7140625 0.9703125 0.0203125 0.059375
0 0.8921875 0.9671875 0.01953125 0.04765625
0 0.840625 0.9765625 0.0203125 0.03828125
0 0.87578125 0.4328125 0.0421875 0.0375