3 0.5726223650223062 0.6051700768410768 0.11170251666989942 0.08837412860909737
3 0.17077166215706657 0.953906903210382 0.05921524545807211 0.09218619357923608
0 0.07314968394862205 0.24654899810013892 0.03992336939505616 0.030560322188333357
0 0.5143478662302542 0.4930869977188893 0.03874350666795969 0.03521145459715278
0 0.4731964498696154 0.5716652861878823 0.04030600666795969 0.035247822188333444
5 0.6302438042617621 0.5277548980794797 0.04719373545613248 0.043205792553055566
0 0.015194436364518029 0.023746624525034735 0.029113415152690707 0.03186824905006947
0 0.6309619260727143 0.3359492577868755 0.04107128121376711 0.044622822188333355
5 0.5482443762321939 0.5453404819513199 0.04394118969849785 0.041570557370694414
0 0.4094356783679241 0.9273139145126391 0.034534238790112325 0.06006598423243048
0 0.362640555638888 0.8794388057551739 0.03529951333591956 0.06944098423243047
0 0.3654309736665166 0.8085450775066668 0.032174513335919565 0.06936824905006951
0 0.45817748562531035 0.5214107130496185 0.04368609818322895 0.03844555737069442
0 0.7374341641139206 0.627720490119445 0.0375636439408634 0.03986258700597212
0 0.14449839652593724 0.2895372383164932 0.046300915152690705 0.032268292553055564
0 0.06627689911101109 0.5349023300721181 0.040178460910325245 0.03368532218833344
3 0.6792072048705853 0.602192506836945 0.06253169303247788 0.059158100873680654
0 0.46640470274455337 0.4693579037790629 0.043431006667959696 0.035320557370694415
0 0.29358831138876385 0.6735329914506252 0.028921967578285024 0.06773301386770836
0 0.3935076604900766 0.9518956872140627 0.028029147274843246 0.056795513867708536
5 0.08856726092002358 0.2921342550339931 0.0416134151526907 0.03215918977951393
5 0.6043826769907982 0.5739389138470491 0.04406873545613248 0.043133057370694415
0 0.7509401019762507 0.19136606924163255 0.03804187606301603 0.06482621941479168
0 0.12751883530635127 0.09108155452090289 0.037276601517208706 0.0554512194147917
0 0.5699919594125131 0.5060786134102088 0.03392846091032524 0.03353985182361115
5 0.13061111077024237 0.33911901101791675 0.0431759151526907 0.0321955573706945
5 0.32231883139264317 0.7771307701359724 0.03631987939699588 0.08194098423243049
5 0.33403783926855096 0.7009864974345488 0.03734024545807211 0.09444098423243048
5 0.8626593677280663 0.04113229274048684 0.040943735456132654 0.04306032218833337
0 0.7226215913945829 0.8379124545002437 0.04132637272903601 0.04774782218833309
0 0.7709792141236189 0.8858239308488894 0.04378169303247788 0.05872168977951375
5 0.6246302436703959 0.9175070758911463 0.04598192182065049 0.06657055737069442
0 0.06120740652787691 0.33906315321038194 0.045248598183228864 0.03848192496187508