3 0.6914075393795388 0.3449396907524898 0.13287588606495576 0.12209408525525038
5 0.16543587330876425 0.6416607982818346 0.04585437606301594 0.06619156603337366
0 0.36862296999418104 0.13470703414834057 0.048182150608823096 0.07564845318850333
0 0.43120387876877597 0.4830416355732501 0.0487562354561323 0.04456222749876275
0 0.4111940098327618 0.3946309107880207 0.04875623545613248 0.04456222749876275
0 0.385556409982543 0.44187108095983724 0.05226387272903601 0.049413501809022264
0 0.18619542815025453 0.8257148937138504 0.04193215060882318 0.07532090456798421
5 0.030757597555009026 0.5475909729762071 0.05162614394086339 0.041601001809022264
0 0.42992674499903016 0.014972145522872755 0.04327151000193972 0.02994429104574551
0 0.8204261333107039 0.555992298170293 0.05108401000193972 0.05401911465389251
0 0.3788123313441515 0.49590016169253187 0.05213632697140156 0.04785100180902226
5 0.5443892760436192 0.4211004782917323 0.05915160151720862 0.057553550429541286
5 0.47449136422490845 0.4387660131174414 0.05720646424430509 0.05278416327441153
0 0.2706960398385808 0.24796835199073639 0.039476830305381405 0.06430151741285454
0 0.28791639331264357 0.5325580359573628 0.043749742124092175 0.07852779172311415
0 0.7685593260533177 0.15264264812486456 0.05640923879011232 0.06207727611928178
0 0.38692630196655237 0.06295818690730252 0.051562242124092175 0.0789372274987628
0 0.10306432163207595 0.9101961143152083 0.024043277879787085 0.027708920171816587
3 0.170889163606387 0.7845100395754074 0.06645366061076281 0.12794793758467105
0 0.712612343931165 0.180467754976841 0.05133910151720862 0.057144114653892554
5 0.32718489802374934 0.15632640660414923 0.05337983363936125 0.08214411465389256
0 0.5721968299670257 0.8428249920865423 0.04923446757828494 0.06948034034363318
3 0.6900684378623302 0.39946341644223027 0.07761455909355419 0.07407930913596852
0 0.15378128300144317 0.7558461290145294 0.03842451333591956 0.07046963025772471
0 0.12734684451089323 0.9081456134106972 0.03144118969849794 0.04209896879233525
5 0.6419168198443999 0.07448774988845835 0.06198955909355419 0.07326043758467107
5 0.3098860855962153 0.24435867311249257 0.05207242515463033 0.08518722749876276
0 0.22860413468782975 0.2299486923343695 0.0610647878817268 0.08099105042954129