3 0.8484375 0.934375 0.065625 0.13125
0 0.26796875 0.375 0.02890625 0.05546875
0 0.4109375 0.25546875 0.03671875 0.02734375
0 0.8453125 0.4046875 0.0375 0.02890625
0 0.3109375 0.334375 0.034375 0.0578125
0 0.40234375 0.29296875 0.03671875 0.0265625
0 0.3 0.64140625 0.021875 0.06796875
0 0.5875 0.6765625 0.03359375 0.0296875
0 0.27578125 0.721875 0.0265625 0.06171875
0 0.81796875 0.22578125 0.03203125 0.02578125
0 0.18046875 0.8125 0.02109375 0.05234375
0 0.4703125 0.29453125 0.0375 0.028125
3 0.184375 0.26640625 0.02734375 0.0953125
5 0.9640625 0.32421875 0.05 0.034375
0 0.1875 0.47109375 0.015625 0.07109375
0 0.43671875 0.39765625 0.040625 0.03046875
0 0.25625 0.69140625 0.02578125 0.0671875
0 0.22734375 0.628125 0.01796875 0.06796875
0 0.56875 0.12265625 0.034375 0.02734375
0 0.12421875 0.90234375 0.0265625 0.05859375
0 0.178125 0.6703125 0.01796875 0.0765625
0 0.52421875 0.0453125 0.03046875 0.02734375
0 0.75078125 0.890625 0.03359375 0.040625
0 0.54921875 0.7453125 0.03359375 0.0359375
0 0.25546875 0.19765625 0.01875 0.05859375
3 0.23203125 0.8625 0.0546875 0.1171875
0 0.378125 0.0234375 0.0265625 0.046875
5 0.78828125 0.2671875 0.03984375 0.02578125
0 0.58203125 0.77578125 0.03359375 0.0375
0 0.228125 0.7890625 0.02734375 0.06015625
0 0.2 0.96015625 0.03046875 0.06484375
0 0.5640625 0.89921875 0.0328125 0.04609375
0 0.74921875 0.93359375 0.02890625 0.04140625
0 0.69921875 0.21796875 0.03828125 0.02890625
3 0.48984375 0.48828125 0.0609375 0.03828125
5 0.2171875 0.02734375 0.01875 0.0546875
0 0.21953125 0.26328125 0.01953125 0.0796875
0 0.55546875 0.9390625 0.03125 0.0484375
5 0.19765625 0.88046875 0.03125 0.07734375
0 0.1578125 0.97421875 0.034375 0.0515625