0 0.59921875 0.1359375 0.0359375 0.0328125
0 0.60546875 0.1734375 0.03671875 0.034375
0 0.5859375 0.03203125 0.0390625 0.03359375
0 0.8203125 0.58125 0.040625 0.028125
0 0.6703125 0.48984375 0.0375 0.02890625
0 0.390625 0.96484375 0.0171875 0.0671875
0 0.784375 0.465625 0.03984375 0.0296875
0 0.728125 0.47890625 0.03984375 0.0296875
0 0.62578125 0.021875 0.03125 0.02890625
0 0.63203125 0.096875 0.0359375 0.03203125
0 0.50703125 0.2578125 0.03359375 0.02890625
0 0.50625 0.184375 0.028125 0.0265625
0 0.57578125 0.5078125 0.03515625 0.02890625
0 0.50859375 0.290625 0.034375 0.0296875
0 0.41953125 0.98515625 0.01484375 0.0296875
0 0.66171875 0.9734375 0.0140625 0.053125
0 0.596875 0.35234375 0.01640625 0.06015625
0 0.71484375 0.6015625 0.03984375 0.03046875
0 0.8859375 0.56484375 0.03671875 0.02734375
0 0.50859375 0.2203125 0.0359375 0.03046875
0 0.6375 0.12734375 0.0328125 0.03046875
0 0.634375 0.053125 0.0328125 0.02578125
0 0.61640625 0.5015625 0.03671875 0.0296875
0 0.76875 0.59453125 0.0359375 0.02734375
0 0.63359375 0.61484375 0.03359375 0.02734375
0 0.590625 0.00703125 0.03203125 0.0140625
0 0.93046875 0.559375 0.034375 0.02890625
0 0.07265625 0.4328125 0.02578125 0.0296875
0 0.9171875 0.43984375 0.03984375 0.03125
0 0.40546875 0.8921875 0.01484375 0.0546875
0 0.61640625 0.3453125 0.015625 0.0546875
0 0.54140625 0.6296875 0.0390625 0.02578125
0 0.56875 0.34921875 0.01875 0.059375
0 0.4015625 0.175 0.01328125 0.0578125
0 0.9828125 0.54765625 0.034375 0.0359375
0 0.55078125 0.35625 0.01484375 0.06328125
5 0.178125 0.60703125 0.04140625 0.034375
5 0.20234375 0.753125 0.0375 0.05625
5 0.2453125 0.81171875 0.03828125 0.053125
5 0.30625 0.9484375 0.02265625 0.090625
5 0.44296875 0.85625 0.01953125 0.07265625
5 0.40625 0.27890625 0.0171875 0.065625
5 0.31484375 0.1953125 0.01875 0.0734375
0 0.24765625 0.02890625 0.0234375 0.05703125
0 0.32109375 0.33203125 0.021875 0.0671875
0 0.4 0.0875 0.015625 0.0734375
0 0.30859375 0.0921875 0.01796875 0.06640625
3 0.2609375 0.20859375 0.03125 0.12421875
0 0.45078125 0.478125 0.0359375 0.0640625
0 0.6 0.8671875 0.01953125 0.0765625
0 0.68125 0.975 0.01328125 0.04921875
0 0.70625 0.975 0.0171875 0.04921875
0 0.5859375 0.621875 0.0390625 0.03828125
0 0.87109375 0.4453125 0.04296875 0.040625
0 0.63515625 0.3421875 0.02109375 0.06640625
0 0.65625 0.3359375 0.0171875 0.084375
0 0.5890625 0.10234375 0.03671875 0.02890625