0 0.4125 0.41458695895425446 0.0265625 0.03576708163720586
0 0.32734375 0.44606160899968295 0.0234375 0.030915807326946165
0 0.55546875 0.7533296336486268 0.021875 0.029271420171816588
0 0.5890625 0.3019652074839164 0.0265625 0.032642081637205764
0 0.9546875 0.6172205517842784 0.059375 0.02186171189493056
0 0.59765625 0.7047593368371301 0.0265625 0.03732958163720568
0 0.50859375 0.7579042689947343 0.025 0.0372476944820761
0 0.59296875 0.7638886753717408 0.0234375 0.034040807326946164
0 0.8875 0.6113556541136991 0.05625 0.020135437584671047
0 0.6125 0.13444351481086275 0.025 0.03412269448207601
0 0.54921875 0.8108145850281078 0.0234375 0.029353307326946167
0 0.55625 0.6994643272261916 0.0265625 0.034204581637205675
5 0.58203125 0.11644046528583259 0.0296875 0.03749335594746528
0 0.9546875 0.5312830517842784 0.0578125 0.020217324739800802
0 0.95703125 0.429843382516973 0.05625 0.018572937584671045
0 0.953125 0.5155761646291486 0.053125 0.01840916327441171
5 0.37109375 0.11007319934331608 0.0671875 0.03477114767057934
0 0.65 0.14344005653397676 0.0265625 0.03889208163720577
0 0.9484375 0.46689300316375937 0.04375 0.014792840343633174
0 0.959375 0.5526224632496677 0.046875 0.021206614653892508
0 0.603125 0.18238969188008422 0.0265625 0.03732958163720581
5 0.521875 0.6781315598133372 0.0296875 0.04061835594746519
0 0.75390625 0.5848230523501052 0.0625 0.02202548620519007
0 0.94921875 0.5817776967413242 0.059375 0.018736711894930556
0 0.94609375 0.4972389224310648 0.053125 0.01840916327441171
0 0.94921875 0.4794339467413242 0.059375 0.02186171189493056
0 0.9640625 0.4122431247150569 0.065625 0.02218926051544958
0 0.953125 0.4483886646291486 0.0625 0.02202548620519007
0 0.88359375 0.4455259362258747 0.0609375 0.018818599050060315
0 0.8828125 0.4275162426483098 0.0671875 0.02227114767057934
0 0.75625 0.38103963308279987 0.046875 0.01808161465389251
5 0.63984375 0.1960327900256334 0.028125 0.034286468792335524
5 0.63203125 0.24952960424998466 0.0328125 0.04078213025772479
5 0.596875 0.23831214325956523 0.0359375 0.044070904567984306
0 0.575 0.17388447308774868 0.0296875 0.02968085594746528
0 0.2234375 0.11561611318355451 0.05 0.019807888964152066
0 0.08515625 0.04665034995457148 0.0609375 0.021943599050060315
0 0.075 0.1515868334462281 0.0484375 0.03066350180902231
0 0.2296875 0.21516241180407353 0.046875 0.021206614653892508
0 0.34609375 0.19001300486124006 0.028125 0.03897396879233552
0 0.3453125 0.14778456128367518 0.0484375 0.04316350180902231
5 0.32734375 0.28434285899968303 0.0359375 0.03782090456798422