0 0.1921875 0.21171875 0.021875 0.01796875
0 0.01171875 0.2578125 0.0234375 0.01875
0 0.06953125 0.3578125 0.02578125 0.02109375
0 0.01171875 0.27734375 0.0234375 0.01875
0 0.01015625 0.2109375 0.0203125 0.01875
0 0.19453125 0.2984375 0.0234375 0.01953125
0 0.1078125 0.35390625 0.02578125 0.01953125
0 0.01171875 0.29765625 0.0234375 0.0203125
0 0.6984375 0.59921875 0.0265625 0.0203125
0 0.01328125 0.34375 0.02578125 0.01875
0 0.0984375 0.04765625 0.02421875 0.0203125
0 0.0109375 0.16796875 0.02109375 0.021875
0 0.19609375 0.3234375 0.02265625 0.01796875
0 0.259375 0.3859375 0.021875 0.01875
0 0.36171875 0.7015625 0.02421875 0.01953125
0 0.10234375 0.17734375 0.0234375 0.01953125
0 0.25703125 0.3609375 0.02109375 0.0203125
0 0.06953125 0.31796875 0.02421875 0.01796875
0 0.2546875 0.3171875 0.01953125 0.01953125
0 0.10546875 0.28828125 0.0234375 0.0203125
0 0.0125 0.32265625 0.025 0.01875
0 0.15703125 0.12578125 0.0234375 0.01953125
0 0.25546875 0.33828125 0.01953125 0.01875
0 0.190625 0.146875 0.025 0.01953125
0 0.06328125 0.07265625 0.021875 0.01796875
0 0.1 0.090625 0.02578125 0.0203125
0 0.121875 0.409375 0.025 0.01953125
0 0.06953125 0.3375 0.0234375 0.0171875
0 0.18671875 0.03125 0.02265625 0.01953125
0 0.19765625 0.3453125 0.0265625 0.01875
0 0.09765625 0.00625 0.02578125 0.0125
0 0.1890625 0.10078125 0.02421875 0.0203125
0 0.9578125 0.696875 0.028125 0.02109375
0 0.103125 0.22421875 0.025 0.01953125
0 0.15625 0.10546875 0.01953125 0.01796875
0 0.171875 0.38515625 0.021875 0.01875
0 0.16171875 0.30390625 0.02109375 0.01953125
0 0.27265625 0.72890625 0.0234375 0.01875
0 0.10234375 0.1328125 0.02578125 0.0203125
0 0.1890625 0.121875 0.025 0.01953125
0 0.1609375 0.23671875 0.025 0.01953125
0 0.15546875 0.0609375 0.02265625 0.01953125
0 0.10703125 0.33359375 0.02421875 0.01953125
0 0.1921875 0.18828125 0.0234375 0.01953125
0 0.15859375 0.17265625 0.02421875 0.01953125
0 0.06640625 0.20703125 0.025 0.01953125
0 0.06328125 0.11640625 0.021875 0.01796875
0 0.1015625 0.15703125 0.025 0.01875
0 0.06015625 0.0265625 0.021875 0.01875
0 0.16796875 0.7390625 0.025 0.0203125
0 0.0640625 0.13984375 0.02265625 0.01953125
0 0.25390625 0.7609375 0.025 0.01875
0 0.6953125 0.565625 0.025 0.0203125
0 0.384375 0.5515625 0.02265625 0.0421875
0 0.065625 0.2265625 0.02265625 0.01796875
0 0.0078125 0.0125 0.015625 0.0203125
0 0.06640625 0.1828125 0.02421875 0.01875
0 0.1578125 0.1515625 0.0234375 0.01796875
0 0.65078125 0.7125 0.0234375 0.01953125
0 0.2546875 0.29140625 0.0203125 0.01953125
0 0.01171875 0.23046875 0.0234375 0.0203125
0 0.10703125 0.26640625 0.02421875 0.01796875
0 0.1859375 0.01015625 0.025 0.01953125
0 0.15390625 0.0390625 0.01953125 0.01796875
0 0.01484375 0.38828125 0.02109375 0.01875
0 0.19375 0.25625 0.0234375 0.0203125
0 0.1046875 0.2421875 0.02265625 0.01796875
0 0.1625 0.328125 0.0203125 0.0171875
0 0.06484375 0.1625 0.021875 0.01875
0 0.0078125 0.0328125 0.015625 0.01875
0 0.16015625 0.2625 0.0234375 0.01796875
0 0.15234375 0.015625 0.021875 0.01796875
0 0.19296875 0.16796875 0.025 0.01875
0 0.15546875 0.08125 0.02265625 0.01953125
0 0.0484375 0.4109375 0.0203125 0.04296875
0 0.2453125 0.13671875 0.0203125 0.0203125
0 0.2390625 0.02578125 0.01484375 0.01796875
0 0.1609375 0.2828125 0.01796875 0.0171875
0 0.009375 0.1 0.01796875 0.02109375
0 0.05859375 0.46484375 0.0109375 0.04609375
0 0.06171875 0.0515625 0.02265625 0.01796875
0 0.7828125 0.721875 0.0234375 0.0203125
0 0.06796875 0.246875 0.025 0.01953125
0 0.1890625 0.05546875 0.02421875 0.01953125
0 0.06328125 0.0953125 0.02265625 0.0203125
0 0.13515625 0.45625 0.01015625 0.04296875
0 0.10859375 0.31328125 0.021875 0.01953125
0 0.0703125 0.29140625 0.0234375 0.01953125
0 0.065625 0.26796875 0.02421875 0.01875
0 0.42421875 0.403125 0.01171875 0.04296875
0 0.43046875 0.9328125 0.0109375 0.04921875
0 0.0609375 0.0078125 0.0234375 0.015625
0 0.24375 0.0703125 0.01640625 0.01875
0 0.159375 0.215625 0.02421875 0.01796875
0 0.1609375 0.45234375 0.009375 0.04140625
0 0.2359375 0.44609375 0.01015625 0.04140625
0 0.01640625 0.4078125 0.02109375 0.01796875
0 0.184375 0.45078125 0.009375 0.04296875
0 0.41640625 0.21015625 0.01328125 0.03828125
0 0.00859375 0.0578125 0.01640625 0.025
0 0.08671875 0.45859375 0.0109375 0.04375
0 0.1203125 0.45703125 0.0109375 0.04296875
0 0.1328125 0.71171875 0.02578125 0.01875
0 0.1984375 0.25234375 0.0234375 0.01875
0 0.15703125 0.28671875 0.0171875 0.01640625
0 0.128125 0.97109375 0.02734375 0.0375
0 0.240625 0.05 0.0171875 0.0171875
0 0.19609375 0.45 0.01015625 0.040625
0 0.0109375 0.1453125 0.02109375 0.02421875
0 0.009375 0.0765625 0.01875 0.01953125
0 0.00859375 0.11875 0.0171875 0.021875
0 0.25390625 0.27265625 0.0203125 0.0171875
5 0.42734375 0.98828125 0.01015625 0.0234375
0 0.19453125 0.2765625 0.025 0.01796875
0 0.09765625 0.02265625 0.02578125 0.01875
0 0.25390625 0.409375 0.0234375 0.02109375
0 0.1609375 0.35 0.02109375 0.01796875
0 0.17265625 0.4515625 0.01015625 0.0421875
0 0.21171875 0.44921875 0.01015625 0.04140625
0 0.1609375 0.1921875 0.021875 0.0171875
0 0.40859375 0.00625 0.0140625 0.0125
0 0.246875 0.09453125 0.021875 0.02109375
0 0.15234375 0.00546875 0.0234375 0.009375
0 0.2234375 0.4484375 0.01015625 0.04296875
0 0.2375 0.00703125 0.015625 0.01328125
5 0.78828125 0.75 0.0328125 0.0234375
5 0.01484375 0.365625 0.02421875 0.0234375
0 0.01640625 0.434375 0.0296875 0.02734375
0 0.05078125 0.47109375 0.015625 0.0546875
0 0.1890625 0.08046875 0.02265625 0.021875
0 0.2421875 0.11640625 0.01015625 0.0203125
0 0.19375 0.23046875 0.028125 0.0234375
0 0.09765625 0.06875 0.028125 0.02265625
0 0.09609375 0.11015625 0.0265625 0.0171875
0 0.10234375 0.196875 0.03046875 0.01953125