3 0.84765625 0.92421875 0.0765625 0.1515625
0 0.46484375 0.25234375 0.034375 0.02734375
5 0.578125 0.3375 0.0421875 0.03125
0 0.17109375 0.9625 0.03203125 0.065625
5 0.46015625 0.29375 0.03984375 0.03046875
0 0.52421875 0.25625 0.03671875 0.02734375
5 0.40234375 0.25234375 0.03671875 0.03046875
0 0.63515625 0.3375 0.03515625 0.0296875
5 0.73671875 0.3375 0.0390625 0.02890625
0 0.58828125 0.66953125 0.03515625 0.0328125
0 0.1078125 0.45390625 0.0390625 0.0359375
5 0.5296875 0.29765625 0.04140625 0.028125
0 0.6859375 0.33984375 0.03359375 0.02734375
5 0.409375 0.3015625 0.0390625 0.03046875
5 0.58046875 0.2921875 0.03671875 0.02734375
0 0.55078125 0.73984375 0.03359375 0.03515625
5 0.1140625 0.51015625 0.04140625 0.0359375
0 0.58671875 0.7671875 0.034375 0.0375
0 0.0578125 0.4734375 0.0390625 0.03359375
0 0.74453125 0.21171875 0.0375 0.028125
5 0.1265625 0.55 0.03828125 0.03359375
0 0.284375 0.71875 0.02578125 0.06328125
0 0.56171875 0.921875 0.03515625 0.04609375
5 0.3234375 0.7265625 0.03203125 0.06796875
0 0.0609375 0.51953125 0.03125 0.02734375
0 0.26328125 0.803125 0.02734375 0.0578125
0 0.59296875 0.75859375 0.034375 0.0375
0 0.51796875 0.04453125 0.0375 0.03046875
3 0.4421875 0.34140625 0.05546875 0.0375
0 0.23046875 0.88828125 0.0296875 0.065625
0 0.21015625 0.06171875 0.01640625 0.065625
0 0.52578125 0.34140625 0.0328125 0.028125
0 0.296875 0.640625 0.0203125 0.06484375
0 0.753125 0.878125 0.0328125 0.03984375
3 0.5125 0.97265625 0.025 0.0546875
5 0.2453125 0.74609375 0.0328125 0.07890625
0 0.153125 0.8359375 0.02265625 0.059375
0 0.56328125 0.11875 0.0390625 0.03203125
0 0.65546875 0.975 0.02265625 0.04921875
0 0.0046875 0.54921875 0.009375 0.02890625
3 0.3828125 0.040625 0.0375 0.08125
4 0.45546875 0.98046875 0.0296875 0.03828125
0 0.2671875 0.64296875 0.01953125 0.06796875
5 0.19609375 0.9640625 0.0359375 0.06796875
0 0.74921875 0.921875 0.02890625 0.04453125
0 0.20546875 0.8765625 0.0328125 0.0734375