3 0.8720238221398514 0.12408741849595584 0.08169148801910069 0.14954862141421194
0 0.42346488120249476 0.7529489622432027 0.03691964664195542 0.02937996515360979
0 0.9710789472670782 0.6144520128683257 0.03691964664195524 0.02937996515360979
5 0.8537451474445635 0.8296181666818573 0.04327877404661713 0.032723219962932856
0 0.6067981593406452 0.34969502058805607 0.03702877404661713 0.0325049651536097
0 0.26265380054030496 0.23701888347992953 0.03208830290255769 0.06978671034428618
0 0.2506201474445636 0.808556577582147 0.02093254809323426 0.06315476442797027
0 0.9266766720393349 0.6612798836495655 0.030560519237293703 0.02603671034428636
0 0.5707490427357567 0.27820940098794267 0.037192465153609786 0.03719246515360961
0 0.6780084381117677 0.06503233310926057 0.02411211179556503 0.06482639183263199
0 0.31562008783376594 0.368397858252186 0.024002984390903315 0.06170139183263199
0 0.7756498191446264 0.15739593710027738 0.03908234736759475 0.04662202885594056
0 0.2046255018140985 0.050062031303011255 0.03348711179556503 0.06515377404661712
0 0.5780159388295578 0.5086508691367773 0.04009921034428636 0.031051592558271324
0 0.29654024953666386 0.5370560890148923 0.040208337748947984 0.034176592558271324
0 0.5753051781146027 0.9002654502623031 0.03541171034428636 0.03088790145127902
0 0.1969048704027216 0.8121428798517325 0.02093254809323426 0.06315476442797027
0 0.6057589597961321 0.25290186614155236 0.03406746515360979 0.03708333774894799
0 0.5294048902729875 0.9712302254900468 0.03217758293962447 0.02765377404661713
0 0.29751987386128265 0.25228178493120834 0.034032748818873595 0.08077877404661712
0 0.23488840988879928 0.13461064609380125 0.03348711179556503 0.06515377404661712
0 0.2831424045313217 0.33215033420556894 0.02767362141421197 0.0774355192372937
0 0.7741220354793625 0.11364593710027734 0.03110615626060227 0.04166171034428627
5 0.26997273801910043 0.15612354754508004 0.0419543762235353 0.08417659255827141
0 0.43763398628981987 0.4436657314804965 0.0457688569862416 0.05934028366526398
5 0.23684772477225655 0.056649337200793806 0.036830366604888455 0.07151290145127882
0 0.25144109217975324 0.8990997320286507 0.023204376223535307 0.08352182813030104
0 0.19561767811460268 0.8870064705959052 0.02131449400955021 0.07409226442797028
0 0.5534177652305785 0.809766935834333 0.03691964664195542 0.02937996515360979
0 0.5896478317584982 0.12671138837407092 0.03751984736759475 0.0465674651536097
3 0.22084585660772352 0.9167584579820336 0.03805061542376213 0.1511458377489479
5 0.19384933618930347 0.9704365294889126 0.023129965153609655 0.03670139183263217
3 0.36890389989163436 0.9754737317121644 0.03623016587924912 0.04905253657567101
0 0.5770188569862416 0.07789194245775494 0.036175602176918176 0.05276290145127882
5 0.8354117765785058 0.5504118163190376 0.04187996515360979 0.03735615626060227