3 0.478125 0.59609375 0.10234375 0.0828125
3 0.91171875 0.9515625 0.05625 0.096875
3 0.75234375 0.4140625 0.0453125 0.0765625
3 0.98046875 0.48125 0.0390625 0.04375
5 0.92890625 0.2875 0.0359375 0.0296875
0 0.52421875 0.48359375 0.03671875 0.034375
0 0.5734375 0.56171875 0.03828125 0.03515625
0 0.65 0.85625 0.025 0.06796875
5 0.49609375 0.534375 0.04140625 0.0390625
0 0.734375 0.2359375 0.02578125 0.0625
5 0.440625 0.5640625 0.0421875 0.04296875
0 0.671875 0.91953125 0.0265625 0.059375
0 0.7015625 0.30625 0.0234375 0.06171875
5 0.34609375 0.546875 0.04140625 0.04140625
0 0.58359375 0.5125 0.040625 0.0390625
3 0.9546875 0.1625 0.05625 0.053125
0 0.3109375 0.615625 0.03515625 0.0390625
0 0.4703125 0.49609375 0.03125 0.03359375
0 0.65546875 0.32421875 0.0171875 0.06328125
0 0.70390625 0.79921875 0.025 0.06796875
0 0.87734375 0.290625 0.04375 0.03203125
0 0.57109375 0.45859375 0.040625 0.03515625
0 0.6484375 0.6015625 0.01796875 0.078125
0 0.690625 0.94375 0.02421875 0.05546875
0 0.7625 0.665625 0.02109375 0.06953125
0 0.67421875 0.01796875 0.0171875 0.0359375
5 0.61015625 0.859375 0.02734375 0.06875
0 0.7140625 0.86875 0.02734375 0.06796875
0 0.98203125 0.01953125 0.0359375 0.03203125
0 0.67890625 0.6296875 0.01796875 0.07890625
5 0.896875 0.334375 0.04375 0.03046875
3 0.3703125 0.590625 0.05703125 0.05625
0 0.25859375 0.178125 0.02890625 0.0625
0 0.64375 0.03203125 0.01640625 0.0609375
5 0.7421875 0.76953125 0.02890625 0.0796875
0 0.35078125 0.83203125 0.03515625 0.04609375
0 0.96171875 0.3359375 0.04140625 0.03125
3 0.0171875 0.0390625 0.03359375 0.07734375
5 0.12890625 0.028125 0.0390625 0.0375
0 0.30625 0.86796875 0.034375 0.05625
5 0.459375 0.91640625 0.04140625 0.059375
5 0.725 0.67890625 0.0234375 0.07734375
0 0.85078125 0.9875 0.0171875 0.025