3 0.877741718037327 0.1515745681006959 0.16093724212409236 0.08286553262324477
3 0.5082107259132347 0.08981464471589193 0.07082242515463033 0.08542284684397006
3 0.9738188478933647 0.7717650512947819 0.052362304213270504 0.07502385771838486
3 0.7292561627367947 0.22425201722584345 0.10382637272903601 0.050949687756441084
3 0.5674402706320991 0.671368392244434 0.04910692182065048 0.06740767589344294
0 0.31586269774358355 0.4221655241831067 0.03274859818322877 0.03870967292769336
0 0.2923451915346657 0.5085632806088973 0.030803460910325244 0.03395850593149898
5 0.26798330713670004 0.4021687005708413 0.0344386439408634 0.040335839923887916
0 0.3862385838085392 0.5353075113315254 0.03105855242559432 0.037083505931498985
5 0.43756235456132453 0.405448914981847 0.04094373545613248 0.04371550790866543
2 0.5272614229079122 0.7553096521302657 0.06591152667183912 0.13972834486680358
0 0.4074907989709282 0.824465511825817 0.030803460910325244 0.03395850593149916
0 0.12358050546001179 0.14076030977210102 0.060363415152690704 0.03360567885919248
5 0.41047472758022463 0.10241941547613857 0.044706464244305265 0.05165534190105418
5 0.37004053046486096 0.2600528433467479 0.06543355242559432 0.038484179847775656
5 0.331981776381975 0.4755942717116488 0.035746052425594324 0.03727450692008212
0 0.3730691619878887 0.47000084631249733 0.03262105242559432 0.03714717292769336
0 0.42047173879011235 0.04243957901229186 0.03743609818322895 0.03890067391627661
0 0.72636924729424 0.5441798566554397 0.032365960910325245 0.03402217292769336
0 0.4712051913654879 0.030182318137876946 0.04094373545613248 0.043715507908665394
0 0.7858241245652039 0.4947263433095669 0.04056109818322895 0.03902800790866543
0 0.46372701546195144 0.17863440559030686 0.07197059484924892 0.023177514828747636
3 0.3242164291168301 0.6781436101526619 0.03469373545613248 0.04346083992388792
0 0.8211875397178947 0.5246393363894846 0.04524859818322895 0.03921900889724857
5 0.3406072194144528 0.5332476042211628 0.03625623545613248 0.04352450692008212
0 0.718892747584104 0.19332035220681543 0.06323332363742154 0.030608012851581278
0 0.2771516577358249 0.2168068621298282 0.07209814060688347 0.024740014828747638
0 0.20859284743432283 0.2603605439547702 0.07704073212215254 0.02805601581733077
0 0.42621168469752807 0.004566165247583312 0.03459814060688356 0.009132330495166624
0 0.9930393501643288 0.6627256323214212 0.013921299671342525 0.04247134288963732
5 0.6154942307935183 0.9335673033091293 0.034566189698497854 0.04189833992388792
0 0.61261118348958 0.1012376229670621 0.06087359818322895 0.03985567885919248
0 0.17346738790112343 0.5886566403044486 0.03431109818322886 0.038773339923887915
5 0.4559147733378593 0.10213557258650123 0.046396510001939714 0.053281508897248565
0 0.632189715162389 0.2642642049822845 0.08823332363742153 0.03162668479069151
0 0.6369411169791601 0.22644587000131255 0.07898586939505617 0.03280718281352515
0 0.370453055638888 0.860464020228774 0.03989141848667064 0.04990184091247087
0 0.9708541181871082 0.10153346433664363 0.03603309484924892 0.021713173916276585
0 0.9853472462915672 0.17615146235947726 0.029305507416865596 0.04020850593149907
0 0.8508128140945239 0.061745405553125784 0.0688136439408634 0.041736513840164434
0 0.3894757988017504 0.35410659087528995 0.04862868969849785 0.04247134288963732
0 0.09039992532380825 0.5504974071103627 0.03781873545613244 0.043588173916276673