5 0.72421875 0.31171875 0.0359375 0.028125
0 0.44140625 0.30546875 0.03515625 0.0265625
5 0.6359375 0.315625 0.03671875 0.02890625
5 0.696875 0.47890625 0.03671875 0.02734375
5 0.771875 0.484375 0.0421875 0.0296875
0 0.91640625 0.6171875 0.0328125 0.0265625
0 0.62578125 0.87890625 0.0140625 0.0609375
0 0.53203125 0.95234375 0.01328125 0.05859375
0 0.56328125 0.94453125 0.0125 0.05703125
0 0.64609375 0.878125 0.0140625 0.06015625
0 0.66875 0.95 0.0125 0.05546875
0 0.93359375 0.04609375 0.01328125 0.0609375
0 0.6296875 0.946875 0.0125 0.05703125
0 0.546875 0.95078125 0.01171875 0.05390625
0 0.82578125 0.04296875 0.0203125 0.04609375
0 0.47109375 0.7546875 0.01640625 0.06484375
5 0.725 0.5953125 0.03671875 0.02421875
0 0.59921875 0.946875 0.0140625 0.05546875
0 0.61328125 0.9453125 0.0140625 0.059375
0 0.57890625 0.94765625 0.0125 0.053125
0 0.8203125 0.31953125 0.0390625 0.0265625
0 0.8828125 0.184375 0.01328125 0.04453125
0 0.93359375 0.178125 0.0140625 0.05390625
5 0.90625 0.209375 0.0203125 0.0671875
0 0.675 0.7453125 0.0109375 0.04609375
0 0.65 0.946875 0.01171875 0.0546875
0 0.78125 0.20234375 0.0140625 0.05234375
3 0.153125 0.95703125 0.071875 0.0859375
0 0.67109375 0.53984375 0.02109375 0.06328125