0 0.3684549442718535 0.6422246128929052 0.02296627404661713 0.03277964901126431
0 0.3117263169520098 0.9593467748936197 0.022857146641955418 0.02965464901126431
0 0.45181304817805223 0.4181476105471166 0.024474210344286363 0.03132640965492613
0 0.3431226498916343 0.9873875164696958 0.022748019237293703 0.02522496706060835
0 0.7798462789407585 0.4161469760379119 0.05685020072563951 0.021120883171822414
0 0.7078720752198941 0.43059760610764125 0.05361607332097762 0.017777361884499143
0 0.9426116629688422 0.4797445723350706 0.05049107332097762 0.017558840597175517
0 0.29597974354621404 0.6200111232844654 0.022857146641955418 0.02965464901126431
0 0.2437921839354164 0.17447474815841457 0.022911710344286185 0.031217149011264312
0 0.2738492169677082 0.09786297167531102 0.022857146641955418 0.02965464901126429
0 0.2618478241235859 0.8031078465492602 0.022911710344286185 0.031217149011264312
0 0.3694742964487717 0.6937324825710742 0.02280258293962447 0.028092149011264313
0 0.45210319173996477 0.15864692440908706 0.022857146641955418 0.02965464901126431
0 0.26100457593768445 0.8459127055837676 0.024474210344286273 0.03132640965492613
0 0.31154028927719557 0.8424324265027738 0.025982146641955417 0.029873170298587583
0 0.3322545494439966 0.6545007377668544 0.024419646641955416 0.029763909654926125
0 0.3734003938163665 0.739208873536567 0.022857146641955418 0.02965464901126431
0 0.44975459580795035 0.9950086283541946 0.02296627404661713 0.009982743291610774
0 0.2643899815653145 0.7643184981584146 0.02280258293962456 0.028092149011264313
5 0.34968008538669526 0.21617021128375083 0.026309528855940557 0.03924817029858776
0 0.6752679063454202 0.4119515129125757 0.04100694591631608 0.013778276735204997
0 0.5674355589778255 0.3592092891435777 0.05685020072563951 0.021120883171822414
0 0.27354675987310084 0.9954760269873066 0.022748019237293703 0.009047946025386722
0 0.4110244233052793 0.9016049667316324 0.01984127404661713 0.03256112772394104
0 0.3193948738612827 0.26393036808868525 0.022857146641955418 0.02965464901126431
5 0.41318214563046507 0.7848545093062794 0.02296627404661713 0.03277964901126431
0 0.26900310361249863 0.9633733571929219 0.024474210344286273 0.03132640965492613
0 0.44863839664195543 0.059428174409087084 0.02609127404661713 0.03299817029858776
0 0.07671135525696114 0.344378066711962 0.03949900961864685 0.015231516091543362
0 0.7859697933687289 0.435279388290728 0.06142857332097762 0.018323665102807675
0 0.9376513444571879 0.47160429040408547 0.05049107332097762 0.017558840597175517
5 0.03707842558271396 0.392263909654926 0.047420637023308565 0.01890281930985207
0 0.06267862630835337 0.4111995799535137 0.05205357332097771 0.01766810124083733
0 0.45899564263524023 0.824687187650639 0.02754464664195542 0.029982430942249748