0 0.5680045704759035 0.9428578423772624 0.03368532218833344 0.039602720542635694
0 0.7051869542159032 0.5023200848191232 0.02896145459715278 0.03773983189368764
5 0.6786128025241326 0.8352734847268382 0.033758057370694414 0.0427277205426357
1 0.5847530465402089 0.7910345265227036 0.047021776785486226 0.07634125693983033
5 0.5094601461796187 0.6730972524640102 0.05258079255305557 0.04705427513842757
5 0.6867876720151742 0.7843117620247341 0.03368532218833344 0.039602720542635694
0 0.659601697282049 0.48769757787929296 0.028925087005972117 0.03617733189368781
0 0.4370039179311117 0.6770349784053167 0.035247822188333444 0.039702850092285046
0 0.6701833598948271 0.8752977074289422 0.033758057370694414 0.0427277205426357
0 0.5210542224520145 0.8025542149870815 0.030487587005972115 0.03627746144333699
0 0.056405268520451815 0.5130099421650056 0.06457164627652781 0.025980311535622212
0 0.04950326472072968 0.6186591648671097 0.05828527868534724 0.024017293337024802
0 0.5372805941272577 0.8964241309339254 0.030487587005972296 0.03627746144333699
0 0.052954919830972724 0.599378238741233 0.06141027868534723 0.02421755243632351
0 0.8288881722995146 0.9880382811507946 0.06933188145888884 0.023923437698410766
0 0.05404464114562548 0.5791658682908823 0.06141027868534723 0.02421755243632351
0 0.05884059070878518 0.550610071714655 0.04891027868534725 0.023416516039128865
0 0.25331924895316027 0.6613635063215215 0.04887391109416672 0.021854016039128864
0 0.1233583388089241 0.6077903184754525 0.06148301386770836 0.027342552436323508
5 0.23070459222739662 0.929823609653009 0.06311824905006942 0.030567681985972685
0 0.0564409829012504 0.4810287569398303 0.0630091462765278 0.02588018198597286
0 0.0607303990294102 0.5647727012643042 0.05356141109416668 0.022154404688076924
0 0.05526034260864625 0.497334877390181 0.06144664627652778 0.02578005243632351
5 0.7154796357303828 0.9780512700442987 0.07885235182361114 0.03625647748246621
0 0.8021081199628133 0.9989059299787755 0.0678057490500695 0.0021881400424490494
0 0.059948495819028225 0.5311789512643044 0.04887391109416668 0.021854016039128864
0 0.25006304312173644 0.45443238587117085 0.06773301386770836 0.027743070634920743
0 0.7899321622315284 0.85878893275194 0.05363414627652787 0.025279404688076924
0 0.7954574232494451 0.9621141918512386 0.04880117591180557 0.018729016039128864
0 0.9476732334699314 0.932864387716872 0.06504442496187508 0.046292811535622036
0 0.12524749391916715 0.5884092627999264 0.06460801386770836 0.027542811535622037
3 0.08900990824437507 0.10399469000553732 0.09273432028847231 0.09643251387966063