0 0.86328125 0.58125 0.0359375 0.0578125
0 0.25703125 0.17421875 0.03203125 0.06328125
3 0.9109375 0.94375 0.05390625 0.10546875
0 0.69921875 0.025 0.0171875 0.05
0 0.4234375 0.56328125 0.03046875 0.03125
5 0.15 0.70859375 0.0421875 0.04921875
3 0.94609375 0.3234375 0.090625 0.040625
5 0.7765625 0.15 0.02265625 0.07265625
5 0.9609375 0.475 0.0421875 0.0328125
0 0.6671875 0.13125 0.01796875 0.06640625
0 0.69765625 0.11953125 0.01875 0.07109375
0 0.7515625 0.67890625 0.02265625 0.08515625
0 0.2609375 0.64609375 0.04140625 0.0453125
0 0.73203125 0.77578125 0.0234375 0.06640625
0 0.34765625 0.82578125 0.0359375 0.04375
0 0.72578125 0.67265625 0.01953125 0.07265625
0 0.83984375 0.43671875 0.040625 0.03203125
3 0.63984375 0.04140625 0.025 0.0828125
0 0.73203125 0.1953125 0.02578125 0.07109375
0 0.7046875 0.88125 0.02109375 0.0578125
0 0.6671875 0.01875 0.01875 0.0375
5 0.675 0.96953125 0.0328125 0.06015625
5 0.121875 0.0265625 0.0375 0.040625
0 0.30390625 0.86875 0.03828125 0.05703125
5 0.2359375 0.940625 0.04765625 0.06171875
5 0.45390625 0.9140625 0.0390625 0.0625
3 0.69453125 0.8140625 0.06875 0.17421875