3 0.3846970826375692 0.2319361845820377 0.12514677678548622 0.08062691567207611
3 0.881832428574166 0.8286944613845073 0.15029224715020817 0.0883329998588259
3 0.31722964038951335 0.6165988818947321 0.043605836056041715 0.06339464206513981
5 0.5327196213909027 0.0735181978773917 0.041643292553055565 0.046116136803468065
0 0.38320535818878443 0.3295469319512018 0.03662848423243057 0.03178062101845249
0 0.8050562954997564 0.6076909876222792 0.03677395459715278 0.03803062101845249
5 0.16824140083874922 0.9170678607068703 0.03223192496187499 0.04400760523343692
0 0.475579268617361 0.08152738992841418 0.03844555737069442 0.042809126280124385
0 0.5173868685411112 0.008508784447922111 0.03848192496187508 0.017017568895844222
0 0.7249941211065623 0.25970778490673874 0.06791485182361115 0.0351632262518895
0 0.6515325584175342 0.5667005085277923 0.03521145459715278 0.03793961575678075
0 0.7250070792190968 0.5273125138600513 0.03837282218833345 0.03968412628012423
0 0.03707785343913176 0.2170741079348601 0.048946646276527804 0.024696163111827298
0 0.7492069922131245 0.5602314296733016 0.043060322188333444 0.039957142065139804
0 0.900176612272847 0.20815444823032755 0.06798758700597247 0.038288226251889504
3 0.15179497008038179 0.1823057238328151 0.149419424961875 0.05083299985882563
3 0.23511661635690956 0.1556074449642071 0.1101750870059723 0.04074536831702944
0 0.03311182636930514 0.4880313500423523 0.030523954597152802 0.03766659997176518
0 0.6428901359242012 0.26761056114451076 0.06620688145888884 0.028822220990217674
0 0.9495687084937842 0.6336024982867973 0.04589438145888884 0.02763915258848364
0 0.1045497620647565 0.5361433553746113 0.03052395459715278 0.03766659997176518
0 0.6207443386214928 0.17995864270042444 0.06769664627652787 0.0257882262518895
0 0.9338904635277773 0.5697598061651876 0.0709307490500695 0.030657736775233247
5 0.7705072960684373 0.21492663494909098 0.08375805737069442 0.04544827886860805
0 0.8936908761405554 0.18512647190785086 0.06478985182361115 0.0349812157285458
5 0.406907123387673 0.7525903188252571 0.03699216014423605 0.04740562101845249
0 0.8098055322007289 0.2360435007764589 0.06326371941479181 0.03645271046687402
0 0.9766494997156595 0.1405049456700788 0.038409189779513755 0.04124662628012441
5 0.29988305870187465 0.3897934581889739 0.03219555737069442 0.04244510523343701
0 0.8880116530229507 0.7308106982303275 0.046039851823611144 0.03388915258848364
3 0.959146343086805 0.49026972724010986 0.05221711664124982 0.031128173635170953
0 0.6489771349742706 0.24072954272865932 0.08030574905006951 0.031203768345264303
4 0.9714294439604856 0.431820190408407 0.03510235182361114 0.033252115756780755
5 0.9688908978920484 0.1721644693476021 0.05254442496187508 0.04519067363517104
0 0.23684146409645815 0.21558168444086342 0.07718074905006941 0.03102175782192056