0 0.8069322424116455 0.5474077974783472 0.044659282132453626 0.032013659090609534
0 0.4002299498543508 0.4442638376596843 0.0438696719450391 0.05854888555165925
0 0.7594541856685858 0.4185191383877377 0.03868206677218957 0.0412795649348082
0 0.7659733071387713 0.2936964163909149 0.03836381802583091 0.030342064934808198
0 0.9739763045649819 0.786922085220757 0.023602636051661817 0.05975682954530477
5 0.718111434810656 0.5809958189887027 0.04475021034569906 0.035138659090609536
5 0.5445338793212373 0.43897414001259083 0.04350595909205772 0.04604888555165907
0 0.34262542069139795 0.07469563149117411 0.023602636051661817 0.05975682954530477
5 0.3235885449980703 0.5475603871732171 0.04782974623907634 0.03363070616851012
5 0.6430790279093115 0.39071964650541247 0.04092652837152997 0.06474433847375849
0 0.21588237892552592 0.2809711306803952 0.026864028371529968 0.06449887662320544
0 0.37907504922121243 0.20026837580913126 0.03173338479802066 0.07083069724005649
0 0.5035712808788124 0.050955942772534304 0.02373902837152997 0.06444432954530477
0 0.521380906505633 0.045800838470463213 0.026954956584775404 0.06762387662320543
0 0.5780521068222021 0.1686031387947748 0.024846887305303156 0.048846603084255105
0 0.8491197424116457 0.5481441830300063 0.046540030878812644 0.042978432629559825
0 0.7115933471887838 0.4106560454497523 0.04015363855894449 0.038181838473758486
5 0.8212494920159342 0.39539132994575127 0.05517088479802048 0.07123980032431154
5 0.992489826107992 0.9084249383050121 0.015020347784016152 0.0770806972400564
0 0.8773202649106807 0.8195924890363608 0.045568564264907255 0.06326365909060953
0 0.7981830312080168 0.6760958591667444 0.02985263605166182 0.059865923701106286
0 0.9803436280010892 0.9252442455291826 0.02810827962517095 0.05358865016215582
0 0.9466743555020539 0.6537004821365019 0.03017088479802048 0.07080342370110611
0 0.8946261221951012 0.6629430685816656 0.028017351411925517 0.050463650162155815