0 0.87421875 0.21328125 0.03984375 0.0296875
5 0.8015625 0.653125 0.03671875 0.0703125
0 0.496875 0.534375 0.0375 0.03359375
0 0.44765625 0.49765625 0.040625 0.03671875
0 0.50625 0.4328125 0.0375 0.03515625
0 0.57734375 0.50546875 0.03359375 0.03203125
0 0.31640625 0.50078125 0.04296875 0.0421875
0 0.4515625 0.4453125 0.0375 0.0359375
0 0.56875 0.45546875 0.03671875 0.03203125
0 0.6078125 0.64921875 0.02734375 0.0546875
5 0.696875 0.73125 0.0296875 0.07890625
5 0.38671875 0.51875 0.03984375 0.03828125
0 0.75390625 0.609375 0.0203125 0.06953125
0 0.25625 0.5234375 0.03671875 0.03671875
0 0.32578125 0.54765625 0.040625 0.03359375
0 0.38359375 0.47421875 0.03828125 0.03359375
0 0.515625 0.475 0.03828125 0.03359375
0 0.515625 0.1765625 0.03203125 0.05
0 0.9609375 0.303125 0.03984375 0.0296875
0 0.59375 0.84296875 0.02578125 0.06640625
0 0.8765625 0.25703125 0.0390625 0.02890625
5 0.56796875 0.41171875 0.04296875 0.0375
0 0.34296875 0.76171875 0.034375 0.04140625
0 0.903125 0.3078125 0.03671875 0.03203125
0 0.98828125 0.1640625 0.0234375 0.03125
0 0.2953125 0.7984375 0.03828125 0.0484375
5 0.98984375 0.21640625 0.0203125 0.0296875
0 0.9546875 0.26171875 0.03828125 0.02890625
5 0.19921875 0.97578125 0.028125 0.04609375
5 0.6921875 0.8625 0.03125 0.084375
0 0.9828125 0.00703125 0.03125 0.0140625
0 0.66875 0.99296875 0.0171875 0.0140625
0 0.90234375 0.09375 0.034375 0.0484375
0 0.26484375 0.103125 0.02890625 0.06484375
5 0.446875 0.853125 0.03828125 0.0546875
0 0.65 0.959375 0.0328125 0.0703125
0 0.73671875 0.79921875 0.02734375 0.07265625
5 0.72109375 0.6125 0.02421875 0.0671875
5 0.73125 0.7234375 0.0296875 0.0875
5 0.94140625 0.2140625 0.0453125 0.03671875
5 0.8625 0.01640625 0.0265625 0.03203125