0 0.54375 0.25703125 0.0359375 0.0265625
0 0.8890625 0.53125 0.03203125 0.025
3 0.8453125 0.921875 0.06796875 0.146875
0 0.409375 0.2515625 0.034375 0.028125
5 0.7796875 0.3390625 0.03828125 0.0265625
0 0.58359375 0.67421875 0.03515625 0.03046875
3 0.10546875 0.55 0.0734375 0.05546875
5 0.51015625 0.29765625 0.03671875 0.028125
0 0.83203125 0.34609375 0.03671875 0.02734375
0 0.39453125 0.29609375 0.03203125 0.0265625
0 0.28203125 0.79453125 0.02734375 0.0625
0 0.5453125 0.74296875 0.0359375 0.03515625
5 0.49140625 0.25703125 0.034375 0.0265625
5 0.28359375 0.68046875 0.02578125 0.07421875
0 0.72578125 0.34296875 0.0359375 0.02734375
0 0.31484375 0.09296875 0.01484375 0.06015625
0 0.2109375 0.9234375 0.0296875 0.0625
0 0.58359375 0.2984375 0.02890625 0.025
0 0.51875 0.515625 0.0265625 0.03125
0 0.74921875 0.8828125 0.0359375 0.0453125
5 0.66328125 0.3421875 0.0390625 0.0265625
3 0.20703125 0.1203125 0.02734375 0.15625
0 0.1796875 0.92734375 0.02890625 0.0640625
0 0.5171875 0.04375 0.02734375 0.02578125
0 0.1203125 0.49765625 0.04296875 0.0390625
0 0.2375 0.07578125 0.01484375 0.07109375
0 0.740625 0.9328125 0.03359375 0.03984375
0 0.21328125 0.84296875 0.028125 0.0578125
0 0.56171875 0.11953125 0.034375 0.028125
0 0.58125 0.7703125 0.034375 0.0375
0 0.2875 0.25078125 0.015625 0.065625
0 0.2828125 0.0265625 0.01328125 0.05234375
3 0.43828125 0.3390625 0.08515625 0.034375
0 0.5640625 0.8984375 0.03125 0.04375
5 0.25078125 0.796875 0.03203125 0.0765625
0 0.28671875 0.02578125 0.01328125 0.05078125
0 0.440625 0.2984375 0.03515625 0.02734375
0 0.5484375 0.34296875 0.03671875 0.02890625
0 0.309375 0.34296875 0.0171875 0.06484375
0 0.55234375 0.9484375 0.04375 0.053125
3 0.62265625 0.2484375 0.08046875 0.04765625