0 0.7765625 0.9703125 0.02265625 0.05859375
0 0.05859375 0.07578125 0.04296875 0.03984375
0 0.54140625 0.31015625 0.0421875 0.0328125
0 0.7015625 0.75859375 0.02421875 0.0859375
0 0.70078125 0.25234375 0.04609375 0.034375
0 0.07734375 0.01875 0.04921875 0.0375
0 0.80703125 0.48515625 0.03046875 0.0875
0 0.7875 0.62578125 0.0234375 0.08203125
0 0.2140625 0.0234375 0.0375 0.040625
0 0.14609375 0.0140625 0.04375 0.02734375
0 0.01484375 0.021875 0.0296875 0.04375
5 0.3171875 0.20234375 0.05546875 0.03125