0 0.9230218051384889 0.5978122192075512 0.03454771682251305 0.030087489337999783
0 0.6604127208295335 0.619616683243186 0.031413626463433174 0.028488626670909057
0 0.3266104134515494 0.5250699886219111 0.0376727168225127 0.03012385200509069
0 0.8653133233870574 0.71488208788196 0.0376727168225127 0.03012385200509069
0 0.6430070522116227 0.6573166779121858 0.03456589754067192 0.033212489337999786
1 0.4239030490883646 0.5864336552753209 0.08934430113146803 0.049473836012090364
0 0.9673212509819585 0.6371378012015061 0.028279536104353298 0.026889764003817974
5 0.07983488652057806 0.6451210486553187 0.03793633723582164 0.07543635200509069
5 0.33679341364794113 0.6546302192870931 0.04081589754067201 0.033285214672181596
5 0.25013829616149846 0.6447017832988652 0.04081589754067201 0.033285214672181596
0 0.1344729104264873 0.5187125426480008 0.03767271682251274 0.03012385200509069
0 0.48063886241827714 0.6365512866009121 0.03766362646343317 0.02856135200509069
0 0.6747337751824555 0.7092877105745042 0.0361193071815924 0.03166817067154533
0 0.06065763964383604 0.7187767246578641 0.02688975292686624 0.05655908267027243
0 0.1573013563681529 0.6231273226448192 0.04394089754067201 0.033321577339272324
0 0.0061348078689634055 0.8749000026655 0.012269615737926811 0.05957499466899989
0 0.36351655757437584 0.22387965861713863 0.017469301131468207 0.048637494668999894
0 0.07379798907810195 0.7428409333227277 0.019004530054229286 0.043968176002545434
0 0.4201079669207086 0.030265471276275352 0.02064884328594587 0.05804885733609079
0 0.43218072004396657 0.10355752060791179 0.020630662567786652 0.0549238573360908
0 0.5208210392276115 0.04081152526259416 0.020657933645025394 0.05961135733609078
0 0.5051960392276115 0.040993338598048615 0.02064884328594587 0.058048857336090776
0 0.4134579911212054 0.09908819661045713 0.022211343285945873 0.05806703866963621
0 0.5680858829063408 0.24181040392268538 0.023810204722264316 0.0643352200031817
0 0.46848183440715124 0.040639349936366566 0.020621572208706952 0.05336135733609078
0 0.10884463388829943 0.8955477626511825 0.028434072208706994 0.05345226400381797
0 0.45521876512531045 0.037668891271502844 0.020639752926866352 0.056486357336090774
0 0.4880085392276115 0.04119333326704851 0.020630662567786652 0.05492385733609077
5 0.32973034739116247 0.6601807852880476 0.04081589754067192 0.033285214672181596
0 0.43807217174116875 0.03228387297104678 0.02382838544042354 0.06456774594209357
0 0.1761099228213233 0.7471188059755012 0.023773843285945874 0.058085220003181705
0 0.025355943898562154 0.7441858046626365 0.022220433645025472 0.05962953866963616
0 0.03504404040596184 0.8245363759945912 0.02539088544042356 0.06747840133672725
3 0.9063812893258074 0.1011644858768693 0.08496587334017533 0.10254429201145401
0 0.5387625181503726 0.04528993992682155 0.028534066158582762 0.07063976400381801
0 0.3998272831774873 0.027433014640364843 0.025345433645025485 0.054866029280729686
5 0.020449754399804204 0.9161062579965001 0.020576120413308918 0.04554885733609062