3 0.46171875 0.33203125 0.0859375 0.04453125
3 0.7609375 0.21484375 0.10625 0.04609375
0 0.45703125 0.24453125 0.0359375 0.0265625
0 0.4203125 0.290625 0.0375 0.02734375
0 0.7125 0.30234375 0.03515625 0.02734375
0 0.41328125 0.2484375 0.028125 0.02421875
0 0.67265625 0.259375 0.028125 0.025
0 0.52265625 0.24765625 0.0359375 0.03046875
0 0.09140625 0.53515625 0.034375 0.02890625
0 0.55390625 0.29375 0.03671875 0.02890625
0 0.96171875 0.22578125 0.03828125 0.03046875
0 0.584375 0.67265625 0.034375 0.03046875
0 0.240625 0.0546875 0.01640625 0.06328125
0 0.5453125 0.740625 0.034375 0.034375
0 0.1140625 0.4359375 0.03984375 0.03359375
3 0.8421875 0.92578125 0.065625 0.140625
5 0.56015625 0.33515625 0.0375 0.02890625
0 0.421875 0.91171875 0.034375 0.04921875
0 0.09921875 0.48359375 0.03984375 0.0328125
0 0.5203125 0.03984375 0.0421875 0.03671875
0 0.734375 0.9390625 0.0359375 0.040625
0 0.23828125 0.15703125 0.015625 0.06875
0 0.65078125 0.34140625 0.0375 0.02890625
0 0.57890625 0.76953125 0.03359375 0.03828125
0 0.0234375 0.51640625 0.040625 0.03671875
0 0.37578125 0.959375 0.03203125 0.04609375
0 0.61328125 0.2890625 0.03828125 0.03046875
0 0.5671875 0.1171875 0.03515625 0.028125
2 0.2828125 0.353125 0.025 0.22734375
0 0.29921875 0.1046875 0.0140625 0.05703125
5 0.1328125 0.5203125 0.03359375 0.03046875
5 0.32265625 0.025 0.0171875 0.05
0 0.2171875 0.17421875 0.015625 0.07265625
0 0.2734375 0.665625 0.0234375 0.06640625
0 0.6046875 0.25 0.03828125 0.03046875
0 0.4765625 0.2921875 0.04140625 0.034375