3 0.21484375 0.671875 0.10703125 0.1
3 0.475 0.590625 0.10234375 0.0796875
0 0.7015625 0.11953125 0.01796875 0.0703125
0 0.528125 0.47578125 0.0359375 0.03515625
0 0.571875 0.559375 0.03828125 0.034375
0 0.46875 0.4921875 0.03125 0.0328125
0 0.3515625 0.353125 0.03515625 0.04140625
0 0.31015625 0.6125 0.03515625 0.03828125
0 0.8765625 0.28046875 0.0453125 0.0328125
5 0.4140625 0.51640625 0.04140625 0.03984375
0 0.70234375 0.02421875 0.0171875 0.0484375
5 0.9296875 0.2828125 0.0375 0.03046875
0 0.35 0.82265625 0.03515625 0.04375
0 0.26015625 0.17109375 0.02890625 0.0625
0 0.7796875 0.10703125 0.01640625 0.0625
3 0.36875 0.58671875 0.05625 0.0578125
0 0.98203125 0.015625 0.0359375 0.03046875
0 0.56875 0.45703125 0.0390625 0.034375
0 0.98515625 0.9796875 0.0265625 0.040625
5 0.44453125 0.5578125 0.0421875 0.03984375
0 0.58203125 0.5078125 0.0375 0.0375
5 0.66796875 0.27109375 0.02109375 0.08671875
5 0.89296875 0.3296875 0.0421875 0.03203125
5 0.49921875 0.53046875 0.04140625 0.0390625
3 0.9125 0.9484375 0.05234375 0.10078125
0 0.8890625 0.23828125 0.040625 0.03046875
0 0.77109375 0.4125 0.0171875 0.08125
5 0.12734375 0.021875 0.0390625 0.0390625
0 0.30546875 0.86640625 0.0375 0.06328125
5 0.4546875 0.90859375 0.0375 0.05546875
0 0.2109375 0.6171875 0.040625 0.04609375
0 0.96171875 0.33515625 0.0421875 0.03671875
0 0.74453125 0.15859375 0.021875 0.0671875