0 0.9141994229292993 0.8544442875540937 0.041792657850155734 0.04960651609154354
0 0.7231839549228535 0.40692515932594986 0.05107665258848364 0.048699579953513886
0 0.5468621915569123 0.61245462144288 0.04142863680346807 0.04335651609154336
5 0.6363118284309676 0.5852526190970915 0.046662168373499215 0.05305929802252862
0 0.43552984940706774 0.6513535944555733 0.0619231473268119 0.047901904459146036
0 0.4734800865352368 0.3544510973055649 0.056128173635170954 0.055277361884498964
0 0.5948908969032887 0.528669483327379 0.04482665258848364 0.04826253737886681
0 0.5121015127306566 0.48319881017879956 0.0496961631118273 0.05171531930985207
5 0.4736235706796341 0.4237091956964106 0.0496961631118273 0.05171531930985207
0 0.5925541231551783 0.5954199407527321 0.0416106473268119 0.046481516091543364
0 0.5662429811606255 0.4776479327069604 0.04795165258848364 0.04848105866619044
0 0.2942721867187635 0.14973682811192837 0.05759966837349921 0.05382412252816069
0 0.49895385452756524 0.805177716983734 0.07405912628012441 0.042525989608439826
5 0.3646852703408157 0.7708905622724865 0.08554265785015547 0.052665814114071806
0 0.43160339967529904 0.3701964296048672 0.046571163111827296 0.05149679802252862
0 0.3580903049652057 0.3370454399964274 0.057872684158514695 0.05851162252816078
0 0.516827539109603 0.4173934937189391 0.04657116311182748 0.05149679802252862
0 0.5570114653050228 0.5462504672358356 0.04482665258848364 0.04826253737886681
0 0.6061113050357929 0.2804722839477976 0.049332142065139986 0.04546531930985207
0 0.8518652938771647 0.9597930692329776 0.04023015785015538 0.049497255447881375
5 0.9475524362952404 0.638917476542115 0.08021812101845249 0.04140053218308672
0 0.23096563381969631 0.42541453528517986 0.050985647326811726 0.047137079953513704
0 0.8696149650226742 0.8637757288879035 0.04013915258848364 0.04793475544788173
0 0.8327820939336344 0.8993254627963602 0.041519642065139806 0.04491901609154354
0 0.18268775753957192 0.38469134629715873 0.06072466837349921 0.05404264381548422
5 0.9450160544005083 0.9694190775308507 0.0343595894484217 0.02885697351689629
5 0.931302893919517 0.9209980030252186 0.04858868942018688 0.05941855866619008
0 0.31652151514973104 0.6920500142499579 0.07231461575678066 0.03929172896477802
5 0.1709675494917724 0.5441538276077253 0.06871917889684287 0.057713947033792935
0 0.8406158366764112 0.23229078210621218 0.07773015785015538 0.05211951089576328
5 0.23631734663505752 0.7844781788485625 0.0918836631118273 0.05466535668871888
5 0.3797866255742527 0.8030692777436113 0.10291216837349922 0.05699268119435104
0 0.1314555413875031 0.7608060960450571 0.08398015785015547 0.052556553470410175
5 0.48849449666329237 0.7725455334435944 0.07736613680346807 0.04586951089576328
0 0.8906169807371025 0.9438292156463517 0.046662168373499215 0.05305929802252862