3 0.13505582009726394 0.4144962982526388 0.08819351282028158 0.05043771751493065
3 0.4348760376322752 0.43723758833715254 0.078600188998964 0.045532011967847195
0 0.8492448302269491 0.9547263743376035 0.038411836641598994 0.05396145459715278
5 0.4438079278313122 0.3267540300165274 0.04684076674922295 0.033867160144236144
0 0.3947197644729114 0.3810791605254858 0.037320217535011316 0.03052395459715278
5 0.6175857220831252 0.24606380841753422 0.03895549214211709 0.03212282218833336
0 0.15528908333183028 0.3115706667937499 0.040590766749222996 0.03372168977951393
5 0.9113893418088856 0.509048892005034 0.045569365177646405 0.040080792553055564
0 0.25068501240599683 0.19359995716260398 0.037320217535011316 0.03052395459715278
0 0.6977698358130296 0.3388312302452772 0.040192660462916766 0.058685322188333354
0 0.12855530128112633 0.1909678792746874 0.04037244292790545 0.02903418977951393
3 0.5786559627775004 0.33378266717499955 0.056579639784752445 0.0418978656913195
0 0.4571086801031147 0.9145813383371525 0.039756012820281586 0.04931032218833309
5 0.29527622849326607 0.2778106497919095 0.04684076674922304 0.033867160144236144
0 0.9939405527288685 0.27545318237388805 0.012118894542263092 0.04433188145888885
0 0.6344008486333113 0.3887961690748606 0.039319365177646406 0.03993532218833336
5 0.8048761302697305 0.6569980423656243 0.02849318114108108 0.07558188145888885
0 0.46968780107172936 0.7312778758562148 0.03768409057054054 0.03833645459715278
0 0.963043887094156 0.5266169452916658 0.03419521753501158 0.030451219414791807
5 0.9445871395753553 0.5669334739770131 0.04222604135632899 0.035320557370694415
5 0.559920925350113 0.2841645268823954 0.04371576674922295 0.03379442496187508
5 0.5158005901562558 0.1764799666619093 0.045787688998963995 0.04476829255305557
5 0.6157171610820893 0.2899047273954856 0.043570217535011224 0.03066942496187499
0 0.9136025051672865 0.4558147892314923 0.044006865177646404 0.04004442496187508
0 0.9709805115774273 0.47872430594899223 0.042298815963434676 0.036883057370694416
0 0.431928781841307 0.6594217128621872 0.03746576674922295 0.03364895459715278
0 0.2673053939185815 0.41611073679788174 0.04215326674922295 0.033758057370694414
0 0.7372926780362 0.7172283339687494 0.031108758891340217 0.06471711664124999
0 0.5325836375084407 0.3856913125015968 0.040517992142117265 0.03215918977951393
0 0.837911030602962 0.1572513090831243 0.025077082712657982 0.06925914627652778
0 0.435732332088976 0.7578773966577774 0.03790241439185813 0.04302395459715278
0 0.4971512516526298 0.3302050319163885 0.03739299214211726 0.03208645459715278
0 0.7891570467285032 0.8904287914156939 0.03601458271265763 0.06951371941479181
0 0.7249874230738014 0.6377408557202425 0.02812930810555194 0.06776938145888885
0 0.8651951619061495 0.9277638308346173 0.03423375889134021 0.06478985182361115
0 0.841881438998964 0.025900371439357295 0.024422111248705036 0.05180074287871459
0 0.7575195949092576 0.7988777242613535 0.03437930810555194 0.06791485182361115
0 0.9233605330841612 0.19514939295496453 0.03721320967712849 0.06173758700597225
0 0.5067979636060699 0.03356576804868013 0.040517992142117085 0.032159189779513916
0 0.4601455955329393 0.10660453096645794 0.04371576674922295 0.033794424961875034
0 0.79887641749223 0.30988665302295076 0.023441808105551944 0.06766027868534721
0 0.3607452564056316 0.9614037465815276 0.022422963606069858 0.04578527868534721
0 0.26936893155085667 0.8634221478920484 0.03633991439185813 0.04298758700597247
0 0.7553470111631425 0.6346879376922215 0.02812930810555194 0.06776938145888885
0 0.8508693345701754 0.78810191879052 0.02842040653397504 0.07401938145888884
0 0.2649382967285031 0.9026301182567706 0.03187073821317572 0.04756598423243048
3 0.5047135802269491 0.9627454281929163 0.02896406203449331 0.05218074905006951
3 0.16791774751429142 0.901759908909965 0.08347608767505643 0.15021951196784755
5 0.7808457789458229 0.7623583428024647 0.0429195541766104 0.08372168977951375
5 0.8250988548340551 0.956852572000902 0.042953787427387626 0.050945557370694415
0 0.8137931736929739 0.8820344099568048 0.03437930810555194 0.06791485182361115
5 0.7816053726212445 0.14057360857003406 0.027294554176610576 0.08335801386770836
5 0.6039683701400451 0.10482121257784671 0.04026543507002263 0.060247822188333355
4 0.5597649532624784 0.9692850625015967 0.023621590570540717 0.03800914627652787