0 0.4575392218625606 0.26171875 0.031088173916276673 0.034375
5 0.6991828241809191 0.746875 0.03277800790866543 0.0375
0 0.7165971813678315 0.46484375 0.03440417490485981 0.0390625
0 0.4357861690477229 0.8015625 0.02965300790866543 0.0375
0 0.45231586958138303 0.171875 0.026146005931499162 0.028125
0 0.3954622579830275 0.828125 0.02789950692008212 0.0328125
0 0.4284485129259433 0.8515625 0.029525673916276675 0.034375
0 0.41194022037968586 0.2546875 0.03446784190105419 0.040625
0 0.42271323570272495 0.32734375 0.031151840912470873 0.0359375
0 0.26744605144350614 0.6390625 0.04594916996194396 0.015625
0 0.4058148261580855 0.75625 0.03121550790866543 0.0375
0 0.13423962060714728 0.571875 0.05876750494291585 0.0234375
0 0.4026130054372074 0.02578125 0.03290534190105419 0.040625
0 0.9585326023555396 0.88046875 0.047893671939110406 0.025
0 0.05979537752722951 0.6046875 0.06339133794672147 0.021875
0 0.06576685182406697 0.4828125 0.058703837946721474 0.021875
0 0.0749800257403436 0.5171875 0.049137836958138295 0.0171875
0 0.06368704007479961 0.58515625 0.058703837946721474 0.021875
5 0.8079861157014125 0.94375 0.06995967292769337 0.0296875
0 0.0685827871090501 0.57109375 0.06182883794672147 0.021875
0 0.06724843878220528 0.5 0.06026633794672147 0.021875
0 0.6857835104544854 0.83984375 0.036157675893442945 0.04375
0 0.9458336255872443 0.990625 0.046076503954332534 0.01875
5 0.4277415642950874 0.7 0.03290534190105419 0.040625
5 0.42026593980796945 0.9 0.026209672927693363 0.0296875
0 0.07102469619657908 0.53515625 0.05557883794672149 0.021875
5 0.6965645015572368 0.79765625 0.03446784190105419 0.040625
0 0.26688634144394363 0.43359375 0.06508117193911023 0.025
0 0.0693494496566202 0.5515625 0.06182883794672147 0.021875
0 0.13187862456147997 0.590625 0.057205004942915846 0.0234375
0 0.06278643186212306 0.4671875 0.06189250494291587 0.0234375
5 0.6565112100367435 0.60078125 0.036157675893442945 0.04375
5 0.8201651221272032 0.97421875 0.07464717292769336 0.0296875
5 0.46232610581558065 0.896875 0.039410009885831696 0.046875
0 0.3876298533441228 0.88515625 0.04559634288963741 0.0453125
5 0.5000251522046278 0.3265625 0.05516234387822046 0.05
0 0.8067990060058612 0.81875 0.05739600593149916 0.028125
0 0.8172191942565938 0.92109375 0.057205004942915846 0.0234375
3 0.09766552026595507 0.09609375 0.08618685079830275 0.0828125