0 0.2109375 0.37421875 0.02734375 0.021875
0 0.2078125 0.33515625 0.02734375 0.021875
0 0.165625 0.33671875 0.0296875 0.02265625
0 0.20078125 0.40546875 0.028125 0.02109375
0 0.015625 0.37890625 0.0296875 0.02265625
0 0.1515625 0.3734375 0.02890625 0.02265625
0 0.82734375 0.20390625 0.03125 0.0234375
5 0.946875 0.20390625 0.03671875 0.02578125
0 0.34765625 0.29921875 0.02890625 0.0453125
0 0.2390625 0.4515625 0.02734375 0.02109375
0 0.13046875 0.2765625 0.03046875 0.025
0 0.8109375 0.246875 0.02890625 0.025
0 0.61796875 0.2890625 0.0296875 0.02265625
0 0.921875 0.24375 0.03046875 0.0234375
0 0.02421875 0.340625 0.034375 0.025
0 0.42265625 0.76484375 0.01328125 0.05625
0 0.9046875 0.196875 0.0265625 0.0234375
0 0.9859375 0.1953125 0.02734375 0.02578125
0 0.7265625 0.20703125 0.03046875 0.02421875
0 0.0171875 0.41640625 0.028125 0.02109375
0 0.7140625 0.53359375 0.02734375 0.02265625
0 0.7828125 0.63125 0.01171875 0.04609375
0 0.8703125 0.20546875 0.03046875 0.01953125
0 0.621875 0.53828125 0.03125 0.025
0 0.67734375 0.5359375 0.028125 0.0234375
0 0.93515625 0.4015625 0.02890625 0.02109375
0 0.75390625 0.5125 0.0125 0.05234375
0 0.8453125 0.63359375 0.01171875 0.0484375
0 0.459375 0.76875 0.0125 0.0546875
0 0.76875 0.5140625 0.01328125 0.0515625
0 0.67890625 0.6296875 0.01328125 0.05234375
0 0.646875 0.634375 0.01171875 0.0515625
0 0.884375 0.52890625 0.03203125 0.02421875
2 0.63671875 0.88359375 0.109375 0.046875
0 0.79609375 0.62890625 0.01171875 0.05
0 0.778125 0.20390625 0.02890625 0.0234375
0 0.82890625 0.63046875 0.0125 0.0546875
0 0.29140625 0.3140625 0.03125 0.03359375
0 0.865625 0.63046875 0.0125 0.0578125
0 0.38515625 0.0046875 0.0125 0.00859375
0 0.66328125 0.63125 0.01328125 0.05546875
0 0.815625 0.63125 0.01328125 0.05546875
0 0.34921875 0.6875 0.01171875 0.0515625
0 0.9953125 0.628125 0.009375 0.05703125
0 0.90078125 0.628125 0.01171875 0.05234375
5 0.1515625 0.41171875 0.03203125 0.02265625
5 0.3859375 0.47578125 0.02109375 0.0609375
0 0.35 0.978125 0.01328125 0.04375
0 0.62734375 0.63359375 0.0109375 0.0390625
0 0.3671875 0.00546875 0.01171875 0.0109375
0 0.4484375 0.10546875 0.01640625 0.06640625
0 0.7109375 0.63515625 0.01015625 0.04921875
0 0.72578125 0.63515625 0.0125 0.0546875
0 0.93359375 0.50546875 0.0140625 0.0578125
5 0.83984375 0.52421875 0.03984375 0.03125