0 0.30390625 0.4375 0.02265625 0.02109375
0 0.37578125 0.3234375 0.03203125 0.025
0 0.4015625 0.3953125 0.03359375 0.02578125
0 0.053125 0.41171875 0.03125 0.0265625
0 0.52734375 0.4421875 0.0296875 0.02421875
5 0.0328125 0.33984375 0.0375 0.02734375
0 0.28984375 0.60390625 0.03359375 0.02421875
0 0.55703125 0.60390625 0.03125 0.02109375
5 0.72421875 0.32109375 0.03671875 0.02890625
0 0.45546875 0.8875 0.01328125 0.06015625
0 0.86328125 0.3234375 0.0390625 0.0421875
0 0.5765625 0.40234375 0.0328125 0.025
0 0.81875 0.33125 0.03984375 0.02890625
0 0.91484375 0.0375 0.01640625 0.04609375
0 0.8296875 0.05859375 0.02421875 0.04765625
0 0.6421875 0.94765625 0.01640625 0.0578125
0 0.67265625 0.74921875 0.0109375 0.04453125
0 0.54140625 0.94765625 0.01171875 0.05390625
0 0.63984375 0.875 0.0140625 0.05859375
0 0.621875 0.87890625 0.0140625 0.05546875
5 0.896875 0.303125 0.025 0.06953125
0 0.93515625 0.065625 0.0171875 0.06484375
0 0.55859375 0.946875 0.01171875 0.0546875
0 0.6078125 0.94296875 0.0140625 0.053125
0 0.4671875 0.75546875 0.015625 0.06328125
0 0.5234375 0.9484375 0.0140625 0.05859375
0 0.59296875 0.94296875 0.0140625 0.0515625
0 0.78359375 0.21171875 0.015625 0.053125
0 0.93515625 0.19765625 0.01875 0.05703125
0 0.625 0.946875 0.0140625 0.06328125
0 0.6625 0.9578125 0.01328125 0.06015625
0 0.575 0.94453125 0.01171875 0.05078125
3 0.15 0.9375 0.06484375 0.08125
0 0.7171875 0.60390625 0.03515625 0.0296875
5 0.81640625 0.38359375 0.04296875 0.028125
5 0.9125 0.18203125 0.02265625 0.0734375
0 0.88359375 0.2015625 0.01328125 0.04609375
0 0.43203125 0.71875 0.0171875 0.0640625