0 0.8788187980546922 0.23734138664479038 0.04151911465389233 0.04823909255827132
5 0.24717032338100445 0.892167685749515 0.06890048620519007 0.0647916754978958
0 0.1399753833099425 0.33475200063297217 0.06454717887824382 0.04124504809323426
0 0.5699815451140161 0.5790352910064762 0.04768722749876275 0.04689484736759475
0 0.5931833497274288 0.5307168420949353 0.04456222749876275 0.046785719962933216
0 0.5355545561952925 0.44292417621568614 0.041191566033373664 0.041989092558271324
0 0.5827128392119792 0.46484630543444644 0.041355340343632994 0.045114092558271326
0 0.4951209859780475 0.5046776425504221 0.04776911465389251 0.04845734736759475
0 0.46081566429046444 0.7428844814804965 0.04768722749876275 0.04689484736759475
0 0.8367574508136542 0.22339544853302273 0.03823034034363317 0.0450049651536097
0 0.5261363698538168 0.6352108799365505 0.04628850180902226 0.04996528366526398
0 0.5179277221832376 0.567859688829558 0.049413501809022264 0.050074411069925696
0 0.4454938794647553 0.6737252537130151 0.04628850180902226 0.04996528366526398
0 0.7803292248967709 0.6495462315653145 0.05229284034363317 0.04549603847458741
0 0.4902674689038772 0.694784287378279 0.05262038896415202 0.051746038474587405
0 0.807625471505869 0.12879971114689445 0.041519114653892686 0.04823909255827141
0 0.5568806795556123 0.507614158792491 0.04456222749876275 0.046785719962933216
0 0.79182340909054 0.18439494671892417 0.04127345318850324 0.043551592558271415
0 0.4526148241739739 0.2739261503549705 0.07540279172311397 0.040064494009550165
0 0.2386839574839165 0.5963194724100038 0.050730340343632996 0.04544147477225646
0 0.6612904613291036 0.2827729046161397 0.0720321302577247 0.035267866604888454
5 0.6301201057203227 0.47663946650437206 0.04949538896415202 0.0516369110699257
0 0.8467665366347316 0.14654277185400044 0.03823034034363317 0.0450049651536097
5 0.490284079035214 0.6207019466341062 0.049413501809022264 0.050074411069925696
5 0.8978410357302202 0.1241519058820841 0.03732958163720568 0.0278174651536097
5 0.6338172365438743 0.3091072261230189 0.09119156603337349 0.04373513103285882
5 0.286873637493814 0.23616571161023064 0.08855788896415202 0.05300100362819702
5 0.4932055246489438 0.24493062031790364 0.10434666327441153 0.05667164065150558
0 0.19381519278459539 0.6329638113400782 0.06043288896415202 0.052018856986241604
5 0.8879204811168073 0.17293414626343726 0.048260437584671224 0.057832347367594794
5 0.16819331580623093 0.47142611061443873 0.06824538896415203 0.05229167549789597
0 0.872101724330944 0.8531647940865191 0.07573034034363317 0.046314494009550344
0 0.14850717831241692 0.24459079210278442 0.0773747274987628 0.04793155771188111
5 0.8135799796464693 0.34657748818873646 0.08165279172311415 0.040282748818873594