0 0.6966518979153675 0.5947555182144266 0.04892839600572696 0.044161176882026074
0 0.7045365759070952 0.6553428497353575 0.052053396005727136 0.04428851087441501
0 0.28093544390518616 0.6866591057040375 0.05049089600572696 0.044224843878220454
0 0.8332417365531871 0.8015891555531258 0.05052725867281786 0.04734984387822046
0 0.7502843332272776 0.7503078398495256 0.04892839600572696 0.044161176882026254
0 0.2655773572963199 0.26170552665456465 0.03224997334499946 0.08721083992388783
0 0.9673707412078695 0.8843632103823109 0.044204533338636054 0.04084517589344294
0 0.9015730185391877 0.9018809742224754 0.0441318080044546 0.034595175893442943
0 0.8311968838717785 0.910214739051223 0.053561352005090865 0.03966467787060921
0 0.7551980052116873 0.8648969218647482 0.04900112133990877 0.05041117688202625
0 0.3412445932129601 0.8723936758562619 0.056795440006363405 0.04916701186299797
0 0.3561877932050059 0.9303507558943179 0.058430665340545127 0.05548067885919252
0 0.46831726523714073 0.6891753161607106 0.04896475867281787 0.047286176882026076
0 0.07698155120150607 0.967496564715017 0.056722714672181554 0.042917011862998324