3 0.88984375 0.38359375 0.07578125 0.05859375
3 0.709375 0.2734375 0.05859375 0.1421875
3 0.96015625 0.47734375 0.06015625 0.0390625
3 0.7921875 0.29296875 0.05546875 0.08984375
0 0.50390625 0.43984375 0.0390625 0.03515625
3 0.728125 0.16484375 0.03671875 0.09765625
0 0.8734375 0.21875 0.040625 0.0296875
5 0.5859375 0.62578125 0.034375 0.0609375
0 0.56640625 0.4609375 0.03671875 0.03125
0 0.5765625 0.51171875 0.03359375 0.03203125
5 0.86875 0.55625 0.040625 0.05625
0 0.75390625 0.61640625 0.02109375 0.06953125
5 0.696875 0.7375 0.02890625 0.07734375
0 0.446875 0.50859375 0.040625 0.03828125
0 0.0453125 0.6546875 0.0421875 0.0484375
0 0.44921875 0.45 0.0375 0.03828125
5 0.3875 0.5265625 0.04140625 0.03984375
0 0.51875 0.478125 0.03984375 0.03671875
0 0.384375 0.48359375 0.0390625 0.03359375
0 0.675 0.03203125 0.01640625 0.06171875
0 0.98359375 0.01015625 0.0328125 0.0203125
0 0.96484375 0.31328125 0.03828125 0.02890625
0 0.875 0.26640625 0.040625 0.0296875
0 0.63984375 0.665625 0.02109375 0.0796875
0 0.95625 0.26875 0.0390625 0.02890625
0 0.9078125 0.30859375 0.0328125 0.028125
3 0.6546875 0.24296875 0.02421875 0.09453125
5 0.56953125 0.41328125 0.04140625 0.03203125
0 0.34296875 0.76875 0.0359375 0.04296875
0 0.3 0.80390625 0.03984375 0.05
5 0.378125 0.72734375 0.0265625 0.03359375
5 0.6875 0.8734375 0.0359375 0.0875
5 0.990625 0.221875 0.01875 0.0296875
5 0.72109375 0.62421875 0.0265625 0.07578125
5 0.94375 0.2203125 0.05 0.03515625
0 0.26328125 0.10703125 0.03046875 0.06953125
5 0.44453125 0.85859375 0.040625 0.065625
5 0.6515625 0.9625 0.0359375 0.07265625
3 0.578125 0.909375 0.0515625 0.11171875
5 0.7296875 0.7359375 0.02578125 0.09296875
5 0.2015625 0.97734375 0.028125 0.0453125