0 0.29785221360105896 0.15933056974169058 0.03331246974937905 0.08689224623907629
0 0.6344685079950317 0.6691552329777481 0.048673849336070066 0.04203438730530316
0 0.9451560231203423 0.6171391257598347 0.05023634933607006 0.04207985141192587
0 0.2444959303253758 0.2554303314201731 0.03489315046753827 0.09006271034569897
0 0.7170542698988884 0.7620808673800574 0.03769998789975162 0.035466138558944316
0 0.4316394655459665 0.8602445488920081 0.048692030054229285 0.04515938730530315
0 0.656957107232906 0.7739874854850306 0.048673849336070066 0.04203438730530316
0 0.8025917940993853 0.69083034151581 0.06438066256778648 0.05655152837152997
0 0.97996177341493 0.891874701307513 0.04007645317014017 0.041943459092057725
0 0.9241769443705319 0.9060796053058635 0.0517533975406721 0.034312815518548236
0 0.5450969357863248 0.618621687055241 0.06125566256778665 0.05646060015828454
0 0.44214569437053175 0.9201052821989606 0.059665891490547907 0.05172763605166182
0 0.20053036611170055 0.891191986672165 0.05339771077238851 0.048420779625170954
0 0.07992749550199993 0.9790904549354227 0.02678066861791084 0.038272889812585476
0 0.06620990826617827 0.9044768998417154 0.025318162567786608 0.05541492570596276