0 0.07109375 0.5732571155584036 0.0375 0.041027791723114146
0 0.15625 0.5636574655129752 0.0390625 0.04423467887824373
0 0.43203125 0.7452980483933764 0.0359375 0.04719590456798421
0 0.55546875 0.7587983836486268 0.0375 0.04727779172311415
0 0.4921875 0.6039194538658718 0.0359375 0.044070904567984216
0 0.45234375 0.6916750814100631 0.0328125 0.042344630257724704
0 0.51953125 0.8584774790806424 0.0359375 0.04719590456798457
0 0.8140625 0.45125695782260067 0.0734375 0.028848696291098364
0 0.1046875 0.5867364393936934 0.0359375 0.04094590456798421
0 0.02109375 0.5206367265942516 0.0390625 0.04579717887824373
0 0.2890625 0.494055373699004 0.0328125 0.0392196302577247
0 0.1203125 0.5516178109449908 0.0375 0.041027791723114146
0 0.21953125 0.47869264529573013 0.0328125 0.0392196302577247
0 0.25625 0.4868669934412793 0.0328125 0.0376571302577247
0 0.18515625 0.46985987788287564 0.03125 0.032887743102595124
0 0.33359375 0.5924829076202021 0.059375 0.026549211894930556
0 0.03671875 0.5659868481455492 0.0390625 0.04423467887824373
0 0.53828125 0.8078976249421995 0.0328125 0.042344630257724704
0 0.1125 0.34964587516934215 0.0671875 0.02852114767057934
0 0.009375 0.5551788229307786 0.01875 0.035357645861557076
0 0.35859375 0.9219181021022781 0.0390625 0.04735967887824373
0 0.478125 0.6438074694697041 0.0359375 0.04094590456798421
0 0.49296875 0.9195853974434367 0.0328125 0.0407821302577247
0 0.90078125 0.9941245123802428 0.04375 0.01175097523951436
0 0.41171875 0.8004835153766896 0.0359375 0.04719590456798421
0 0.34765625 0.5486886420163698 0.0671875 0.02852114767057934
5 0.6609375 0.24088826661988505 0.040625 0.050566566033373575
0 0.94140625 0.7837120109656756 0.0625 0.02358798620519007
0 0.5859375 0.682270183173657 0.0328125 0.0392196302577247
0 0.1984375 0.3682121687014785 0.0625 0.02358798620519007
0 0.33671875 0.5676466819304615 0.05625 0.026385437584671222
0 0.48046875 0.9579928002023987 0.0328125 0.042344630257724704
3 0.25234375 0.23822477555345492 0.128125 0.055152246720639654
5 0.8 0.29270747342643294 0.065625 0.05500176051544958
5 0.8515625 0.34619099954571475 0.0625 0.05171298620519007
5 0.9609375 0.4331731004047974 0.078125 0.03846935775648763
5 0.86171875 0.5467232660540582 0.0796875 0.03542624491161739
5 0.29296875 0.3919163415868285 0.0703125 0.02868492198083885
0 0.075 0.18439933344622808 0.071875 0.03657930913596861
0 0.48125 0.4783462437799636 0.0515625 0.041764776119281775
0 0.83515625 0.7000186844168523 0.084375 0.03410940637700666
0 0.61484375 0.5947225955435573 0.0359375 0.04719590456798421
0 0.60078125 0.6385168611473896 0.0328125 0.042344630257724704
0 0.45546875 0.9933726209854706 0.0453125 0.013254758029058778
0 0.38046875 0.8777520222740947 0.05625 0.05294793758467122
0 0.08984375 0.5383022614199607 0.04375 0.04448034034363317
0 0.32265625 0.6114409475342938 0.0734375 0.031973696291098364
0 0.31796875 0.6315077860689045 0.0796875 0.03386374491161739
0 0.31484375 0.650875261758645 0.0828125 0.0340275192218769