0 0.10286221941638737 0.7820124129940277 0.01740211347787035 0.020676175911805574
0 0.09952260593851706 0.7617362805852084 0.018964613477870353 0.020712543502986236
0 0.1422186623946283 0.694983885258611 0.028476314514629574 0.022493249050069507
0 0.1385372963248598 0.6708015028497917 0.03187471658814811 0.02569098423243048
0 0.6175543957119437 0.35669283710288147 0.028613015551388798 0.02405574905006951
0 0.20446296710731318 0.8516689899320138 0.028613015551388798 0.02405574905006951
0 0.09604629142388746 0.7398976481763888 0.02052711347787033 0.02074891109416672
0 0.17617399736161907 0.6714911806614582 0.028613015551388843 0.02405574905006951
0 0.6102695760135178 0.3271144398764231 0.031601314514629664 0.02256598423243066
0 0.8938824498589806 0.3565239572595132 0.03187471658814829 0.025690984232430568
0 0.1810120114988883 0.31518597606430543 0.030038814514629576 0.022529616641249993
0 0.3200511364756469 0.6517027446816664 0.02365211347787035 0.020821646276527873
0 0.7161572825168973 0.40997953163204803 0.028613015551388798 0.02405574905006951
0 0.49338487238486045 0.3243550754193746 0.02800742280870363 0.034956881458888936
0 0.20787093110356314 0.8727263723408332 0.026913814514629576 0.0224568814588892
0 0.7429850397269439 0.2692265918525341 0.028476314514629664 0.022493249050069507
0 0.7003279394913882 0.3453721709747216 0.028476314514629664 0.022493249050069507
0 0.2680587009902765 0.6748324265773956 0.028476314514629574 0.022493249050069507
0 0.6520675138079625 0.23220067695864532 0.028613015551388798 0.02405574905006951
0 0.28046980956717443 0.763004573803854 0.02874971658814811 0.025618249050069507
0 0.32720881706004495 0.6977237594993053 0.022089613477870352 0.020785278685347207
5 0.7036381586714345 0.37426023717913137 0.030038814514629662 0.022529616641249993
0 0.6579059936384252 0.35262227973218696 0.03187471658814811 0.025690984232430568
0 0.17654231013282232 0.9172946431423957 0.026913814514629576 0.022456881458888845
0 0.08895696135786904 0.69465788335875 0.022089613477870352 0.020785278685347207
0 0.16314490000078546 0.8267969297115277 0.028476314514629574 0.022493249050069507
0 0.30173779976522974 0.8987238682567706 0.028476314514629574 0.022493249050069507
0 0.8477886998589806 0.3575968011993396 0.03499971658814829 0.02576371941479163
0 0.2700408660232857 0.6974886765773955 0.026913814514629576 0.022456881458888845
0 0.21121054458143348 0.8930025047496526 0.028476314514629574 0.022493249050069507
0 0.23880042794601714 0.7162211459921873 0.025351314514629575 0.02242051386770836
0 0.092364925354119 0.7157152657675694 0.022089613477870307 0.020785278685347207
0 0.7827788545243974 0.36615549002892295 0.028476314514629664 0.022493249050069507
0 0.19730528652291512 0.8056479751143749 0.028613015551388843 0.02405574905006951
0 0.33095853364819305 0.7226873919081248 0.02521461347787035 0.020858013867708358
0 0.2515582488222215 0.36990853723472206 0.028476314514629664 0.022493249050069507
0 0.23205285047189683 0.6748876311745484 0.025351314514629575 0.02242051386770836
0 0.1463395258724986 0.7152418338718401 0.028476314514629574 0.022493249050069507
0 0.3170288409992589 0.20555379008451363 0.02841752591898139 0.03964438145888893
0 0.29870098265870204 0.872960802052361 0.028613015551388888 0.02405574905006915
0 0.3698871667299528 0.4697065558520831 0.027128427992499836 0.04273301386770836
0 0.1872152614524055 0.9945474741644442 0.025546804147037028 0.0068318814588892
5 0.8342942534403701 0.2123024849949299 0.03187471658814829 0.025690984232430568
0 0.3123813567869888 0.9845886330744094 0.02521461347787035 0.020858013867708535
0 0.06130368718231398 0.43226698613229164 0.02521461347787033 0.020858013867708358
0 0.25205157511856335 0.7871512418318749 0.028613015551388798 0.02405574905006951
0 0.6712357617817122 0.3797114565939231 0.02521461347787035 0.020858013867708358
0 0.23509037610805433 0.6380234108098263 0.02521461347787035 0.020858013867708358
0 0.18772594349740598 0.7408951440923263 0.026913814514629576 0.022456881458888845
0 0.19447352097152626 0.7822286589099652 0.02521461347787035 0.020858013867708358
0 0.17985536343138755 0.6956735630702777 0.028613015551388843 0.02405574905006951
0 0.2737905826114338 0.7224523089862152 0.026913814514629576 0.022456881458888845
0 0.21978375367671105 0.9820468209540625 0.028476314514629574 0.022493249050069154
0 0.321125620924258 0.6281925094993054 0.02521461347787035 0.020858013867708358
0 0.046577514373610344 0.3981647430661458 0.025351314514629585 0.02242051386770836
0 0.3680551583421277 0.9856413335874997 0.01699201036759259 0.015988675911805573
0 0.2867778896331929 0.8082625224170832 0.026913814514629663 0.022456881458888845
0 0.17995027412907225 0.9383520255512152 0.02521461347787035 0.020858013867708535
0 0.0742704532993507 0.6073215375190625 0.02874971658814811 0.025618249050069507
0 0.1660450160705539 0.8509974959159374 0.026913814514629576 0.022456881458888845
0 0.3520993847322205 0.874849303952222 0.025351314514629665 0.022420513867708537
0 0.3238692035821746 0.6774476270904859 0.022089613477870352 0.020785278685347207
0 0.17286094406305383 0.8931122607335762 0.026913814514629576 0.0224568814588892
0 0.16938462954842426 0.8712736283247569 0.026913814514629576 0.022456881458888845
0 0.3043645137614797 0.9197994344611804 0.026913814514629576 0.022456881458888845
0 0.567828506315092 0.2983543134515273 0.034999716588148114 0.02576371941479172
0 0.6247025143736102 0.3847087343293397 0.028476314514629664 0.022493249050069507
0 0.0803051312918506 0.6494544861322916 0.022089613477870328 0.020785278685347207
0 0.24183724505254486 0.741984212196597 0.022089613477870352 0.020785278685347207
0 0.17211263100902668 0.5713820778879166 0.021288531102777685 0.04727504350298606
0 0.07754171625884139 0.6268164199278818 0.02521461347787033 0.020858013867708358
0 0.24731768256416556 0.5719801835112499 0.019315927992499926 0.04255117591180557
0 0.15015759297902637 0.7409867162806597 0.028476314514629574 0.022493249050069507
0 0.13294565838861053 0.3116076875953124 0.028476314514629574 0.022493249050069507
0 0.21209308204578595 0.5720172043128124 0.019315927992499926 0.04255117591180557
0 0.2687885987284705 0.8979250876715625 0.02521461347787035 0.020858013867708535
0 0.11839832799328535 0.8701118250381249 0.016113015551388842 0.023764808320625264
0 0.11080115000078546 0.8280152440160762 0.015976314514629573 0.022202308320625263
0 0.27758669175397965 0.9626961024892011 0.028476314514629574 0.022493249050069507
0 0.11097007945388779 0.5704566639439583 0.021425232139536954 0.04883754350298606
0 0.19191515749365595 0.7619343427055554 0.028476314514629574 0.022493249050069507
0 0.45018982139536945 0.47488305870187464 0.02427683006601846 0.04578527868534721
0 0.38872960080120356 0.06767062395635384 0.021698634213055446 0.051962543502986125
0 0.08943293836009247 0.05584865007624993 0.0343941238454629 0.03666485182361114
0 0.7382865607449529 0.37658515017315913 0.02521461347787035 0.020858013867708358
0 0.22381183204578595 0.5717444473789582 0.017753427992499925 0.04251480832062491
0 0.2739485330825452 0.5721431844611804 0.019589330066018464 0.045676175911805575
0 0.26006841814407244 0.851940440445104 0.02874971658814811 0.025618249050069507
0 0.3327356471260634 0.7429998919081248 0.021952912441111038 0.01922277868534721
0 0.156836819934767 0.7815389810982986 0.028476314514629574 0.022493249050069507
0 0.1835632896804611 0.9617531579600346 0.02521461347787035 0.020858013867708535
0 0.2911038046662021 0.8308642210303123 0.028613015551388798 0.02405574905006951
0 0.15973693600453548 0.8057395473027082 0.026913814514629576 0.022456881458888845
0 0.2739053256842111 0.9385137200803818 0.026913814514629663 0.022456881458888845
0 0.2642576321403224 0.8729796390583331 0.026913814514629663 0.022456881458888845
0 0.24680770904879484 0.7630052270142359 0.026913814514629576 0.022456881458888845
0 0.2531430578237481 0.9875331015392707 0.018691211404351815 0.017587543502986237
0 0.1848258274276375 0.7166945778879166 0.028476314514629574 0.022493249050069507
0 0.1852720526399518 0.9812844079600346 0.026913814514629576 0.022456881458888845
0 0.23644853308254515 0.5730160066495137 0.01945262902925915 0.044113675911805574
0 0.27878760678698883 0.9853705362847915 0.022089613477870352 0.020785278685347207
0 0.31374305640962846 0.6064447960684373 0.02874971658814811 0.025618249050069507
0 0.22113164019884074 0.9616615857717011 0.03187471658814811 0.02569098423243048
0 0.2621614325641656 0.5716346913950345 0.019315927992499926 0.04255117591180557
5 0.08541229632485983 0.6720380009499305 0.02521461347787035 0.020858013867708358
0 0.21594656272472043 0.9202917033628818 0.032421520735185186 0.03194098423243048
0 0.472997645099813 0.8876921832269093 0.021698634213055356 0.051962543502986236
0 0.1846809815274063 0.5718723871584721 0.01958933006601842 0.045676175911805575
5 0.21975259128208274 0.28375348489802066 0.0364255155513888 0.024237587005972294
0 0.446817979501156 0.7137280063651733 0.0212885311027776 0.04727504350298624
0 0.47617258030235965 0.7897631762930553 0.02115183006601846 0.04571254350298606
0 0.41917355871870265 0.5319695132990274 0.02142523213953691 0.04883754350298623
0 0.21895150890699014 0.31038872008038176 0.030038814514629576 0.022529616641249993
0 0.107666588078054 0.8100828616072568 0.017675515551388844 0.023801175911805573
0 0.5064635474561555 0.9659801841768398 0.024550232139536908 0.04891027868534721
0 0.28032354660768377 0.7434369562126735 0.02521461347787035 0.020858013867708358
0 0.28807938360092483 0.5725971261405554 0.019589330066018464 0.045676175911805575
0 0.1541219230450448 0.7862992162806597 0.028476314514629574 0.022493249050069507
0 0.2572366525926836 0.8285211242406945 0.02521461347787035 0.020858013867708535
0 0.2005793836009248 0.5746337112466666 0.019589330066018464 0.045676175911805575
0 0.44994156244189654 0.8389098443210761 0.019726031102777597 0.04723867591180557
0 0.14248993887925754 0.8859907449660069 0.022714330066018463 0.045748911094166546
0 0.3651454803496278 0.9434356497919094 0.02052711347787035 0.020748911094166544
0 0.3624504158349982 0.9215788335874997 0.028476314514629664 0.022493249050069507
0 0.45240501522208215 0.6165256980445483 0.019589330066018464 0.045676175911805575
0 0.2833699256369429 0.7872051400082637 0.028476314514629664 0.022493249050069507
5 0.37165755240361065 0.22150479198437473 0.018573634213055447 0.051889808320624994
0 0.29600591814407246 0.8511039858479512 0.028476314514629574 0.022493249050069507
0 0.15257925542013742 0.7597185324850694 0.024941211404351814 0.01773301386770836
0 0.27049736168796124 0.9174563376715625 0.02521461347787035 0.020858013867708535
0 0.2547466396331929 0.8090080580362844 0.02521461347787035 0.020858013867708535
0 0.23989191065120194 0.9166030056995833 0.02529252591898139 0.03957164627652787
0 0.30896383086800744 0.9455261330744096 0.02874971658814811 0.025618249050069507
0 0.312440145382637 0.967364765483229 0.02874971658814811 0.025618249050069153
0 0.13468098152740632 0.57303615007625 0.021425232139536954 0.04883754350298606
0 0.14918085334661893 0.7566662676674305 0.024941211404351814 0.01773301386770836
0 0.11407241296027615 0.8475101264248959 0.01583961347787035 0.020639808320625265
0 0.36386594434587777 0.9646021349742707 0.01882791244111104 0.01915004350298588
0 0.74217368689949 0.3404839960128466 0.03343721658814793 0.025727351823611144
0 0.9722542917531942 0.11593336521954782 0.018573634213055357 0.051889808320624994
0 0.3497460728094891 0.8568987377478123 0.02874971658814811 0.025618249050069507
0 0.41354756677722104 0.6197786378240622 0.021561933176296223 0.050400043502986235
0 0.12371054458143346 0.895039089855764 0.012988015551388843 0.023692073138263936
0 0.12661066065120194 0.9192396560601737 0.01271461347787035 0.020567073138263937
0 0.12944242620259078 0.9426589722645833 0.009452912441111083 0.018931837955902607
0 0.0961263294538878 0.5708021560601736 0.020878427992499927 0.042587543502986235
0 0.23794126550490607 0.697452962196597 0.028613015551388798 0.02405574905006951
0 0.20013705207430393 0.8290672913187846 0.0333005155513888 0.024164851823611146
0 0.3566987018387483 0.9005760025654512 0.022226314514629662 0.022347778685347208