0 0.4631285943210761 0.3565538171492938 0.031868249050069505 0.02783583992388783
0 0.13716681278593723 0.3105170528520188 0.031868249050069464 0.02783583992388783
0 0.6539698402370135 0.44009719311928636 0.031868249050069505 0.02783583992388792
0 0.2113505016155206 0.24193153752897958 0.025581881458888935 0.026018671939110227
0 0.818851264248958 0.3646939920169725 0.03186824905006915 0.02783583992388783
0 0.8645443175355899 0.4135652321311408 0.028779616641250172 0.029271005931499162
0 0.883568380890208 0.33395864517300244 0.03506598423243048 0.031088173916276673
0 0.9791724748300344 0.2840130419032418 0.027180749050069508 0.027644838935304606
0 0.10174107190399292 0.1558587277568786 0.033430749050069465 0.027899506920082206
0 0.2589535066495137 0.17520961114124503 0.031868249050069505 0.02783583992388783
0 0.630442727679826 0.3778346150583967 0.031904616641249994 0.02939833992388783
0 0.0862602358479512 0.2173692307226281 0.027108013867708357 0.024519838935304607
0 0.9440123055677425 0.48681704832903244 0.031795513867708534 0.024710839923887916
0 0.8277197308139581 0.25193932403219493 0.028706881458888844 0.026146005931499072
0 0.27804507950343715 0.36097335619832915 0.03350348423243057 0.031024506920082205
0 0.8774287900845137 0.2624019801539744 0.03343074905006951 0.027899506920082206
0 0.453301612272847 0.24221940311884887 0.030305749050069507 0.02777217292769345
0 0.1351711677436804 0.16152113733869916 0.028743249050069464 0.027708505931499074
0 0.5384000448341663 0.4089028843357686 0.025509146276527873 0.022893671939110228
0 0.5778385256481243 0.6929622079480341 0.023111498100139016 0.05401633794672147
0 0.5636838002494091 0.7645652939175892 0.019804660144236052 0.046076503954332715
0 0.335206882124479 0.18537117832771985 0.03662848423243057 0.03115184091247101
0 0.7811720391345831 0.2397868339180267 0.03506598423243048 0.031088173916276586
0 0.5649391353555202 0.6770971274156864 0.023220600873680653 0.058703837946721474
0 0.21852852840100684 0.1682712030422992 0.03343074905006951 0.027899506920082206
0 0.23453408168763873 0.2183521160841609 0.03179551386770836 0.02471083992388783
0 0.9281373049021525 0.26345780277765674 0.03499324905006951 0.027963173916276673
0 0.6764709278116665 0.012531221065351622 0.01631598423243048 0.025062442130703244
0 0.29930574971565954 0.18527301924019085 0.02238414627652787 0.02276633794672147
0 0.746852243731736 0.20528184133240052 0.03535692496187508 0.04358817391627658
0 0.5465872192273604 0.7613593808757274 0.021512630508958352 0.052390170950527094
5 0.3519001535916316 0.37357417387909553 0.031868249050069505 0.02783583992388783
0 0.6917686194910416 0.024776553080574058 0.023075130508958354 0.049553106161148115
0 0.7385812295796871 0.42650292532478923 0.03826371941479181 0.03434050790866543
1 0.5945896145539578 0.7110118709898957 0.03659342306201392 0.09671317391627668
1 0.557685760546145 0.888130127909978 0.043425304520902944 0.12196784190105418
0 0.5746206470390272 0.7976815414461312 0.016570557370694416 0.041261669961943956