3 0.881215533777344 0.5252362794260909 0.09103379465362345 0.09451501666989941
5 0.5539150993364805 0.7395550313829449 0.05934417889684287 0.05771664727484325
0 0.5743130863940624 0.5157347651720874 0.05107665258848364 0.04926641848667046
0 0.45012442847331985 0.5328110816825073 0.04124662628012441 0.0406886439408634
0 0.5352043547393268 0.5918509839583204 0.0462071420651398 0.04575878121376711
0 0.5085137811465081 0.4940353662302542 0.0462071420651398 0.04575878121376711
0 0.4714225758001316 0.5780916307741217 0.04602513154179633 0.04263378121376693
0 0.2445962233387049 0.38152029334173854 0.03994173151356133 0.07168355242559432
5 0.7276894443995097 0.41240195532962726 0.05805469468185844 0.0622766015172088
5 0.7737075996894165 0.3881671009374806 0.05814569994353036 0.0638391015172088
0 0.3224621600574684 0.5169473524352927 0.04820925782192056 0.08013378121376694
0 0.6776663285721419 0.4479729224488703 0.049332142065139806 0.04601387272903601
5 0.43807580966218024 0.9400337792569129 0.04250528939195171 0.08899859818322894
5 0.6225384837914614 0.4893474794163925 0.05125866311182729 0.052391418486670636
0 0.749260607511337 0.46237000442124165 0.04804265785015538 0.05057382697140156
5 0.941312328642729 0.3956282698831931 0.05300317363517095 0.05564396424430518
0 0.5892625231834131 0.5721601083543464 0.04795165258848364 0.04901132697140156
0 0.8213022074831022 0.4977970635147958 0.04657116311182748 0.052008781213767105
0 0.515278991613382 0.5567904577455233 0.0462071420651398 0.04575878121376711
0 0.2509742969315236 0.47767781622055583 0.036634720990217674 0.06830346091032524
0 0.9057395787133163 0.31885860473050237 0.04813366311182747 0.05213632697140156
5 0.4849992283886152 0.6242969510775634 0.05263915258848364 0.04939396424430509
0 0.2657894129000658 0.2915010712215257 0.03801521046687402 0.06530600666795978
5 0.7952864680770331 0.42491767290791227 0.049878173635170955 0.05538887272903601
0 0.6459528679640936 0.5309130971444587 0.0462071420651398 0.04575878121376711
0 0.8292603786991988 0.3273888397275929 0.04482665258848364 0.04875623545613248
0 0.2795550522637827 0.407700027130881 0.038470236775233244 0.07311850666795969
5 0.2950483335514651 0.7137587084944292 0.05180469468185844 0.06176641848667064
3 0.4720258754330784 0.9456944925831342 0.059570963027122656 0.10861101483373155
0 0.20874608348087792 0.7805798045516262 0.04602513154179624 0.04263378121376711
0 0.6980922206372818 0.4916271986616675 0.05291216837349921 0.054081464244305086
3 0.15800887806391425 0.9373880428826966 0.04877069994353027 0.06307382697140156
0 0.7056988652626706 0.6088784715404847 0.0496961631118273 0.05226387272903601
0 0.6277672261813023 0.19197814290209328 0.0535492052052021 0.06501896424430513
0 0.5971311471856374 0.24001715911295074 0.04996917889684287 0.05695137272903601
0 0.49121622021375877 0.9179353807741217 0.035527247298576904 0.0759884151526908
5 0.33547185232025234 0.3531717659209934 0.0468287683452643 0.08313123545613248
0 0.8628112281768537 0.8767351354852273 0.049407736775233246 0.07401132697140156
5 0.47625793408792755 0.1671699772903606 0.0535492052052021 0.06501896424430513
3 0.3433698393778343 0.12833113364905963 0.11553253669052861 0.1680481115191484
5 0.5223212780215619 0.9917403162205559 0.03746917889684287 0.01651936755888812
3 0.30816006748410085 0.9936380428826965 0.08766659997176518 0.012723914234607036