0 0.39211722133108795 0.11277666090451441 0.031088173916276673 0.036104099971765134
0 0.44932754346047865 0.16244346096098414 0.031088173916276673 0.036104099971765134
0 0.20112221783386577 0.5346424975809256 0.02783583992388783 0.03279708944842134
0 0.6498873230807928 0.40484525063528454 0.058703837946721474 0.025242194681858444
0 0.6173321496588078 0.4386966058687215 0.04926517095052709 0.023133663111827296
0 0.1872985038799706 0.7591342633659413 0.02783583992388783 0.03279708944842134
0 0.13304208540090143 0.77086769489362 0.031088173916276586 0.03610409997176518
0 0.3798281269585758 0.16571194510538143 0.030960839923887828 0.03297909997176514
5 0.10795456068632207 0.8892382632953539 0.03290534190105419 0.04244510523343692
0 0.09627030277765669 0.927329797496221 0.02777217292769345 0.031234589448421345
0 0.11507865258737626 0.8482947448795024 0.02783583992388783 0.032797089448421704
0 0.1462676441844193 0.8862273843843937 0.02295733893530465 0.02783657366340577
0 0.6880120641835442 0.4447121164626523 0.05551517095052709 0.023497684158514786
0 0.3502335384803817 0.5859712371987562 0.023021005931498983 0.029399073663405773
0 0.43968206315777997 0.8582263978209219 0.031088173916276673 0.03610409997176518
0 0.12588616000175007 0.8125924633094714 0.027963173916276583 0.035922089448421346
0 0.4870212726630509 0.6528262662791258 0.02783583992388792 0.03279708944842134
0 0.5001871175298547 0.5975017294474227 0.031151840912470873 0.03766659997176518
0 0.47771259825248275 0.6900000425874849 0.026209672927693363 0.031143584186749607
0 0.5603075809522772 0.7670260031955334 0.05076400395433271 0.021662168373499213
0 0.45049884083810887 0.7266578794050705 0.05551517095052709 0.023497684158514786
0 0.1558986066554397 0.6689943817535576 0.027963173916276583 0.035922089448421346
0 0.579353352701107 0.6630364532096508 0.05551517095052709 0.023497684158514786
0 0.551939324032195 0.8002480268730567 0.052390170950527094 0.023315673635170953
0 0.5498356545645426 0.8136202821347285 0.052390170950527094 0.023315673635170953
0 0.5514790676064043 0.8306712742422206 0.05551517095052709 0.023497684158514786
0 0.1428600957810248 0.7211939185852607 0.031088173916276586 0.03610409997176518
0 0.5838962726630509 0.6471839400554711 0.05551517095052709 0.023497684158514786
0 0.4483315043742622 0.7415926346667423 0.052390170950527094 0.023315673635170953
0 0.5558919949827221 0.7797535163497129 0.05232650395433254 0.02175317363517095
0 0.5475582301539744 0.8503845347655643 0.06189250494291585 0.026986705205202098
0 0.971681410038931 0.36895616936171954 0.02276633794672165 0.02314907366340586
0 0.018580267757316093 0.30911739476656297 0.017760502965749526 0.015063557878390376
5 0.4469971560474174 0.8125953794050705 0.03290534190105419 0.04244510523343692
2 0.8358261871877873 0.6426428402954675 0.062396523725996286 0.11586719468185844
0 0.5900971931192864 0.6288966716396196 0.05557883794672147 0.025060184158514787
0 0.6985277529285685 0.339660595415965 0.052390170950527094 0.023315673635170953
0 0.023155021217357203 0.2924836316123834 0.019386669961943916 0.016717063140062115
0 0.4128038867700455 0.9057762320076715 0.058703837946721474 0.02524219468185862
0 0.5375001392415034 0.8868225637047594 0.05401633794672147 0.024969178896842692
0 0.5891713630812303 0.6133626769012915 0.04438666996194378 0.0181731473268119
0 0.5772032622829275 0.6966757058404867 0.05864017095052709 0.023679694681858442
0 0.5735370928152752 0.7101389663638302 0.05551517095052709 0.023497684158514786