5 0.671875 0.5203125 0.040625 0.03125
0 0.7265625 0.45703125 0.03359375 0.02734375
0 0.3015625 0.4078125 0.0328125 0.02890625
0 0.35234375 0.6265625 0.03359375 0.02734375
0 0.46015625 0.55234375 0.03671875 0.028125
0 0.41015625 0.95390625 0.01484375 0.059375
0 0.784375 0.4203125 0.04296875 0.02890625
0 0.9046875 0.159375 0.01484375 0.0578125
0 0.24453125 0.77265625 0.01640625 0.0703125
0 0.42421875 0.821875 0.01796875 0.06953125
0 0.5765625 0.95546875 0.01796875 0.059375
0 0.5921875 0.9578125 0.01484375 0.06484375
0 0.6296875 0.828125 0.01328125 0.05
5 0.6046875 0.55859375 0.03671875 0.03046875
5 0.68828125 0.4 0.03828125 0.02890625
5 0.90703125 0.03515625 0.0203125 0.0703125
5 0.8578125 0.46640625 0.0359375 0.06328125
0 0.75 0.2953125 0.01875 0.059375
0 0.82734375 0.4125 0.0421875 0.046875
0 0.8734375 0.32109375 0.0203125 0.06875
0 0.80078125 0.146875 0.0296875 0.05078125
0 0.8484375 0.29609375 0.01875 0.05234375
0 0.90234375 0.29375 0.01875 0.071875