0 0.41199654691210785 0.11372510232611803 0.027926592558271325 0.04091993094224948
0 0.5778770734906138 0.625274971500084 0.026200401451278842 0.03612317029858776
0 0.6374107530800429 0.24441310156981338 0.027762901451278844 0.03623243094224948
5 0.5959202345605394 0.6710027347416359 0.03266865626060209 0.04281021287323483
0 0.5838071257601992 0.5708224182817754 0.029270837748947898 0.03477919158591121
0 0.19166678809606924 0.8911445340246722 0.05668650961864685 0.016433383171822413
5 0.425597810876742 0.660201264578934 0.029434528855940556 0.03946669158591121
0 0.7773437831171097 0.19233751331842636 0.06617063702330875 0.020213947033792846
0 0.8391146407363236 0.36892751046843475 0.06940476442797028 0.02355746832111638
0 0.9635417218618496 0.343780408975496 0.06142857332097762 0.018323665102807675
0 0.9711905141963022 0.5075151270445108 0.05761897160739551 0.02312042574646931
0 0.9684338191870354 0.5273195286536652 0.06313236162592908 0.020323207677454748
0 0.8462079220393349 0.5720525104684347 0.05356150961864685 0.016214861884498964
0 0.44072679227242045 0.7570380597514711 0.03255952885594056 0.039685212873234656
0 0.4436261029795265 0.7952100491078093 0.045059528855940556 0.040559298022528625
0 0.7380159984403555 0.8827000693867266 0.03870040145127884 0.03699725544788137
0 0.3563096414541138 0.8514379057965282 0.07247520072563933 0.02221348960843983
0 0.32415934036565475 0.8278418686697631 0.038045637023308564 0.01824725544788137
0 0.32769851341647993 0.7273501957732852 0.05377976442797028 0.022464861884498966
0 0.1740576474445636 0.7905653798176278 0.04489583774894799 0.03587179802252862
0 0.3252332562449038 0.8810214989915938 0.06611607332097771 0.018651447033792935
0 0.21735626885877551 0.8642871030824226 0.06627976442797028 0.023338947033792933
5 0.06917422920306181 0.9044089945521183 0.07581845553496283 0.028682010895763454
5 0.43834085833700404 0.5990070384641476 0.04204365626060227 0.04346577673520517