3 0.8734062638600513 0.7116165514657975 0.16272678413027997 0.08896687476889084
3 0.5204570271554052 0.8661726369760988 0.07384629465362344 0.08950042069139812
3 0.40919038736816543 0.5402813898790926 0.05602175782192056 0.07806281551854859
0 0.3573589317394403 0.15806593494366994 0.03168961575678066 0.035238818025830954
5 0.1768692529837718 0.36453855845891947 0.033798147326811814 0.044659282132453626
3 0.7097378769859961 0.6828419967678017 0.10456567363517096 0.05451766693047429
0 0.25982044794797887 0.6007822838483132 0.03508763154179624 0.04001724623907634
5 0.25612338445498084 0.24914322750096485 0.03526964206513998 0.043142246239076344
0 0.3952376343138065 0.09690947459797095 0.03499662628012441 0.0384547462390763
3 0.8795216290521346 0.08437810154493981 0.14186825256024846 0.07900084138279592
0 0.546258476887174 0.5838686023363626 0.05861613680346807 0.04226170783841639
5 0.40155365066351933 0.6847899078257813 0.0540196420651398 0.04368781551854859
0 0.29585738750933976 0.6917649850228121 0.05843412628012441 0.039136707838416385
0 0.4528989448936199 0.1513863744396864 0.035087631541796324 0.0400172462390763
5 0.25806677410104634 0.4300295146479834 0.03508763154179624 0.04001724623907634
0 0.4096285450771465 0.34528713862545135 0.03499662628012441 0.03845474623907634
0 0.03717409029546746 0.86151651002913 0.07011507892507773 0.02543792069139812
0 0.6394756687970222 0.37603571879198316 0.034905621018452494 0.036892246239076346
5 0.34942897951801 0.5888158297708204 0.045008663111827295 0.049665030878812286
5 0.1857249823606074 0.8150781160599092 0.08307010523343701 0.0336141335443795
5 0.42051023506203045 0.881559607746639 0.04509966837349921 0.05122753087881229
0 0.30663307671776485 0.41301785939599156 0.03343412628012441 0.03840928213245363
0 0.7078315556710775 0.4075835839939625 0.04290013154179615 0.04024456677218957
0 0.4952225377493361 0.9378801524155047 0.041610647326811724 0.04488660266556721
0 0.44388755090351584 0.9354742179340534 0.03821263154179633 0.040108174452321774
0 0.012718506824144904 0.5308264511744989 0.02543701364828981 0.03363085391920819
0 0.08538813729757826 0.4756101022698556 0.03508763154179624 0.04001724623907634
5 0.309457884949091 0.7662421477966513 0.07405912628012441 0.03959134890464337
0 0.3009151557840169 0.5379723952893689 0.03343412628012441 0.03840928213245363
0 0.3111877139447559 0.8168870054767833 0.0655185841867496 0.026864028371529968
0 0.7057105296450669 0.7118164429277357 0.06275760523343692 0.03302310015828454
0 0.73648717668953 0.37087319418137693 0.04602513154179633 0.040335494985435004
5 0.46650527452456936 0.8685223986545811 0.04684417889684287 0.05439799498543536
0 0.6036621822335505 0.6695500380714554 0.09097361049510884 0.03540395407749273
0 0.8974610159967771 0.19148590789228825 0.047678636803468066 0.04194345909205777
0 0.6188930691076058 0.7026436828986059 0.07691111049510865 0.034994777117888634
2 0.042991293797022184 0.8108716523489978 0.08598258759404437 0.04817673871722903
5 0.5671037849773259 0.7883826060972863 0.08655912628012441 0.039955061757624935
5 0.832190458683084 0.8032872259181192 0.07874662628012459 0.03972774122451135
5 0.08772564006958852 0.6229481035234968 0.06155912628012439 0.03922763605166182