3 0.32592006704234555 0.5113677294137405 0.07704428903121974 0.08325792759490121
3 0.6170162030719443 0.8315382870863122 0.1834306444174139 0.1073135720123151
3 0.2213946308632373 0.8869631479334554 0.058267017953980905 0.07846134328594587
0 0.628147205016852 0.12680988047045388 0.03769089754067192 0.03303066861791084
0 0.2552888835937118 0.7008347503927835 0.042442030054229286 0.04399543969514959
5 0.44885409387512104 0.3286274314055303 0.042460210772388506 0.047120439695149674
0 0.4803075851927182 0.5620302838648583 0.03614657825883114 0.03614657825883114
0 0.2277745002945876 0.19319951239483601 0.06743293969514967 0.04257838544042354
3 0.03434214198152709 0.5708846717411689 0.06868428396305418 0.04573065651766228
0 0.25696903738089977 0.814883614854164 0.03458407825883114 0.036137487899751616
0 0.4681666543763631 0.5003842567374953 0.04557612041330898 0.04557612041330898
0 0.42879053698811626 0.5545177657144856 0.04715680113146803 0.048710210772388504
0 0.5181030218628058 0.5110308652469475 0.048719301131468204 0.048719301131468204
0 0.582706398228043 0.41768941052468317 0.04400453005422929 0.04400453005422929
0 0.5770502541052165 0.7184933864223823 0.07678975897699054 0.0395079275949012
0 0.13421383519271818 0.5640437984009937 0.08927157825883122 0.03645565046753809
3 0.6944013805686498 0.6896866094914109 0.15668633723582168 0.0759090359079618
0 0.11278828708631214 0.6211977682485685 0.07361930718159235 0.031677246876741984
0 0.508206367977422 0.3321882477605048 0.04400453005422929 0.04400453005422929
0 0.5333734978587007 0.5718774616561513 0.048719301131468204 0.04871930113146803
0 0.5892002752806513 0.7785769135497452 0.08146816861791066 0.03797269867214013
5 0.556688798891973 0.45846440144949685 0.04715680113146821 0.048710210772388504
0 0.8428671934075828 0.4153946157379268 0.05338862041330898 0.045621572208706954
0 0.7837224349215717 0.779007663844333 0.06895907825883114 0.036337475799503235
0 0.896959795768715 0.38304974834968003 0.06123748184962743 0.0519170240041051
0 0.736876789522199 0.23711105533488067 0.05340680113146803 0.04874657220870695
0 0.3353940192305271 0.7628665969001831 0.05646816861791084 0.03782725292686617
5 0.11309489763886785 0.031372198966727716 0.0455761204133089 0.04557612041330892
5 0.9062115550402929 0.5384594110156625 0.06279089149054755 0.050363614363184796
5 0.6782218686647931 0.785090013082207 0.08150453005422928 0.044222698672140126
0 0.0513775675333249 0.8371727470731336 0.05652271077238853 0.04720225292686635
3 0.02254612392935034 0.595171599434266 0.04509224785870068 0.04090680113146803
0 0.12701441354974527 0.592990955016852 0.07361930718159235 0.031677246876741984