3 0.85078125 0.925 0.065625 0.1421875
3 0.79765625 0.2078125 0.1 0.04453125
0 0.6046875 0.2578125 0.0359375 0.02734375
0 0.3328125 0.26640625 0.03515625 0.03046875
0 0.95703125 0.21640625 0.0359375 0.028125
0 0.77109375 0.2640625 0.028125 0.02421875
0 0.58828125 0.675 0.034375 0.03125
0 0.09375 0.50390625 0.0421875 0.0375
0 0.1203125 0.3796875 0.034375 0.03203125
5 0.7046875 0.2578125 0.03984375 0.0296875
0 0.4109375 0.30234375 0.0375 0.028125
0 0.109375 0.45 0.03828125 0.0375
0 0.653125 0.96796875 0.01875 0.0640625
0 0.56640625 0.12109375 0.0359375 0.0296875
0 0.240625 0.18359375 0.015625 0.0625
0 0.29765625 0.63046875 0.0203125 0.0625
5 0.175 0.30703125 0.0390625 0.03203125
0 0.5609375 0.32265625 0.03671875 0.0296875
0 0.5203125 0.0453125 0.0328125 0.02734375
0 0.5515625 0.74375 0.03359375 0.0359375
0 0.753125 0.88359375 0.03515625 0.04375
0 0.1859375 0.18046875 0.01640625 0.06640625
0 0.584375 0.77265625 0.0328125 0.03828125
5 0.1328125 0.53828125 0.04296875 0.034375
5 0.18671875 0.7890625 0.03125 0.07109375
3 0.21015625 0.0828125 0.03046875 0.16171875
0 0.24140625 0.0859375 0.015625 0.0734375
0 0.7484375 0.92734375 0.02734375 0.04140625
0 0.76796875 0.34140625 0.03828125 0.028125
0 0.00703125 0.37265625 0.01328125 0.03125
5 0.50703125 0.25234375 0.03984375 0.0328125
0 0.22109375 0.84453125 0.028125 0.0609375
0 0.5671875 0.89765625 0.0328125 0.04296875
5 0.490625 0.1859375 0.0375 0.0453125
0 0.25234375 0.33828125 0.0375 0.0328125
3 0.390625 0.0734375 0.0828125 0.14609375
5 0.39921875 0.35703125 0.04140625 0.0359375
0 0.55703125 0.9359375 0.034375 0.046875
0 0.2609375 0.80859375 0.02578125 0.0703125