3 0.85078125 0.92734375 0.06328125 0.13828125
0 0.93203125 0.2203125 0.03515625 0.02734375
3 0.20859375 0.72109375 0.0390625 0.09609375
0 0.1078125 0.45078125 0.03828125 0.03671875
0 0.590625 0.675 0.034375 0.03125
0 0.2390625 0.18359375 0.015625 0.0625
0 0.3375 0.68046875 0.03203125 0.06328125
0 0.240625 0.75859375 0.028125 0.06796875
0 0.08984375 0.50390625 0.0421875 0.03671875
0 0.65390625 0.96796875 0.01875 0.06328125
0 0.296875 0.63046875 0.0203125 0.0609375
0 0.584375 0.7734375 0.0328125 0.03828125
0 0.178125 0.9453125 0.02890625 0.06328125
0 0.18828125 0.178125 0.015625 0.06484375
0 0.52109375 0.04375 0.02890625 0.02578125
5 0.128125 0.53984375 0.04453125 0.034375
0 0.5515625 0.74453125 0.03359375 0.03515625
0 0.56640625 0.11953125 0.03359375 0.02734375
0 0.27734375 0.74453125 0.0265625 0.08125
0 0.2109375 0.859375 0.02734375 0.0625
5 0.58359375 0.2109375 0.03515625 0.0265625
0 0.75234375 0.88359375 0.034375 0.04453125
0 0.26328125 0.675 0.0203125 0.06875
2 0.778125 0.2078125 0.13203125 0.04921875
3 0.21171875 0.075 0.02734375 0.14921875
0 0.7484375 0.92734375 0.028125 0.03984375
0 0.24140625 0.0921875 0.01640625 0.078125
0 0.1890625 0.10390625 0.01484375 0.07265625
0 0.0140625 0.546875 0.028125 0.03828125
5 0.24765625 0.84296875 0.03515625 0.084375
5 0.21015625 0.9375 0.0328125 0.06953125
5 0.3734375 0.01640625 0.025 0.0328125
0 0.42734375 0.146875 0.04296875 0.059375
5 0.5078125 0.1984375 0.03984375 0.034375
0 0.56640625 0.9 0.0375 0.04609375
0 0.55546875 0.9328125 0.0328125 0.0453125