3 0.39856607726126564 0.3293499259130711 0.13048446757828502 0.07446792093374795
3 0.28691277633348333 0.8220841865070019 0.1189409318225902 0.12355786831702957
0 0.38214604375228883 0.9728492969315237 0.05188123545613248 0.045008663111827475
0 0.6187981842384861 0.1412261125612474 0.04107128121376711 0.04593412628012437
3 0.028794808634512135 0.13237986049510883 0.05758961726902427 0.06788472099021767
0 0.537773258914678 0.6914767415427948 0.04394118969849785 0.04299113680346807
0 0.7894953845186519 0.7618703544569781 0.06855855242559414 0.03975972099021767
5 0.44794522649296287 0.6187379205808121 0.04757637272903601 0.049423147326811724
0 0.38852281588220006 0.7408712548381489 0.0438136439408634 0.04142863680346807
0 0.4790035210426494 0.507511994244218 0.04081618969849785 0.04280912628012423
0 0.34741945482209363 0.7251328627730089 0.0438136439408634 0.04142863680346807
0 0.9344236999903017 0.3134622175123357 0.053220594849248924 0.023315673635170953
5 0.47375868527725623 0.7160070337067568 0.04706618969849785 0.0431731473268119
0 0.39963475649878194 0.46050121537560995 0.04419628121376693 0.046116136803468065
0 0.8382821525656773 0.31806714655035295 0.07547823212215263 0.029277247298576902
0 0.5033974852869546 0.45869506264595206 0.04107128121376711 0.045934126280124235
0 0.4727696254347961 0.5550317363517102 0.04030600666795969 0.036559126280124234
5 0.4279513330111415 0.5367220811323906 0.04457891848667046 0.05080363680346807
0 0.4548164640751272 0.4480158969032887 0.042378689698497854 0.042900131541796324
0 0.7214287187862329 0.08597644141573797 0.03781873545613248 0.04418961575678067
3 0.3732961707333887 0.6677676838055788 0.06603933030538141 0.0660492052052021
0 0.1296738454289771 0.6904716235081141 0.0500636439408634 0.04179265785015538
0 0.6995542345380485 0.23855540984570686 0.04445137272903601 0.04924113680346807
0 0.038139147105665405 0.4174674920369051 0.07624350666795979 0.0386522472985769
3 0.3680981008889889 0.5583548864505323 0.09980829454968658 0.11777830517696727
0 0.5445000727193378 0.24365389157102973 0.06307382697140156 0.04877069994353027
0 0.028492242039503297 0.33788640785015545 0.056984484079006595 0.041686242036905075
0 0.8019452662108574 0.08046145976100227 0.04056109818322895 0.03968412628012437
0 0.5921573542229688 0.5541356362387708 0.04588632697140156 0.047769642065139804
0 0.3505606881521942 0.8116618969738759 0.0507013727290361 0.04960515785015538
0 0.6455051080159906 0.4198740283039107 0.03925368969849785 0.042718121018452494
0 0.898677002874938 0.1551723044005084 0.059183552425594144 0.03921368942018657
5 0.9257043383019754 0.8914730964232959 0.0156886439408634 0.039790542093374626
0 0.08868231254822019 0.7406767498588257 0.06345646424430514 0.05345819994353036
5 0.046239205281135586 0.5874915657003109 0.056951372729036054 0.04996917889684287
5 0.6222895881812892 0.05037359940706778 0.04604582363742153 0.030673147326811766
5 0.4044183670998464 0.5942237679923285 0.04770391848667064 0.0509856473268119
0 0.41524455467231236 0.6827703285015547 0.05395391848667064 0.05134966837349921