0 0.15162111557569866 0.6284784413192279 0.0315818867226084 0.025345445337363513
0 0.26177736557569864 0.6271966573042741 0.02822008838228234 0.022184082670272432
0 0.24847188217243818 0.5960739266390922 0.02966418921211931 0.02063976400381797
0 0.21846599607452974 0.6644517566438648 0.03134508838228225 0.022220445337363514
0 0.2623343952446927 0.6655051793045923 0.029782588382282336 0.022202264003817973
0 0.20558656516078017 0.62863243531191 0.029900987552445368 0.023764764003817974
0 0.1738755464894482 0.6641886746499098 0.03134508838228234 0.022220445337363514
0 0.9887195884941397 0.7031355185391878 0.022560823011720643 0.023782945337363515
5 0.9961894689929707 0.7779809772040515 0.0076210620140585664 0.02699885200509069
0 0.8919412301024903 0.7809434398870507 0.03302598755244546 0.02380112667090888
0 0.07806521640553563 0.6277704639958638 0.03290758838228234 0.022238626670908878
0 0.7951245070721918 0.7312439792330047 0.02978258838228225 0.022202264003817973
5 0.19703943673654156 0.5880710699793191 0.03290758838228234 0.022238626670908878
0 0.6755690236689313 0.701357579248913 0.029900987552445458 0.023764764003817974
0 0.8648683220092576 0.7022826378899142 0.031463487552445456 0.023782945337363515
0 0.7911007805174085 0.7813348859007319 0.03134508838228243 0.022220445337363514
0 0.11903283590670458 0.5905426366565913 0.029782588382282336 0.022202264003817973
0 0.1417627087318658 0.7357187766550005 0.03650618506293442 0.028524989337999785
0 0.9704806271980608 0.7855031232097784 0.028456886722608488 0.02530908267027261
0 0.6898333558274364 0.7348149692473221 0.03134508838228243 0.022220445337363514
0 0.6342112404754523 0.7643939285885036 0.026657588382282427 0.022165901336727068
0 0.06825158590670458 0.5911335299968183 0.029782588382282336 0.022202264003817973
0 0.6558439064428475 0.45136666991568575 0.033144386722608485 0.025363626670909058
0 0.7912728435803744 0.4740309158975502 0.01808807178554268 0.05328863200190899
0 0.9355136313472456 0.7780906125477782 0.03290758838228243 0.022238626670908878
0 0.712271505198092 0.4530558919080496 0.029900987552445458 0.023764764003817974
0 0.9741580437901558 0.5657355158736876 0.029545790041956364 0.019077264003817974
0 0.46702743093697147 0.9727711446133206 0.017496075934727705 0.04547613200190881
0 0.8088370066479846 0.3549718332272776 0.016051975104890915 0.04702045066836362
0 0.3698919832027678 0.31003533461968397 0.0178512734452168 0.050163632001908987
0 0.749108654368255 0.4541911305697317 0.029900987552445458 0.023764764003817974
0 0.43987108985539675 0.862051820615866 0.015578378424238615 0.04077045066836362
0 0.7052267545733921 0.3600871419080497 0.018088071785542857 0.05328863200190899
0 0.34318223755244537 0.020315676977251045 0.015696777594401645 0.04063135395450209
0 0.6886429058181476 0.3579342959102768 0.01820647095570589 0.054851132001908984
0 0.8703189583076586 0.3511286705522325 0.017614475104890913 0.047038632001908984
0 0.8908090570629031 0.35323606321614176 0.018324870125869096 0.056413632001908985
0 0.8059981944102115 0.47229569322886844 0.01796967261537965 0.05172613200190899
0 0.8416495066479847 0.35459002522282324 0.018324870125869096 0.056413632001908985
0 0.6462581867365416 0.5828439365850038 0.03001938672260849 0.025327264003817972
0 0.8215146054032292 0.35717013255891406 0.017851273445216975 0.050163632001908987
0 0.4897168018880329 0.8387955866088663 0.02097627344521662 0.050199994668999895
0 0.6426865913052893 0.7627314312540037 0.026539189212119396 0.020603401336727067
2 0.6398339398368192 0.1059359912476403 0.11460787427505377 0.04972837468172657
0 0.9267465570629032 0.3528178925445965 0.016051975104890915 0.047020450668363536
0 0.8557120066479846 0.3544263932209143 0.018088071785543038 0.05328863200190899
0 0.672485109552414 0.3510848592457313 0.018088071785542857 0.05328863200190899
0 0.9200723498041518 0.4608031152132782 0.029782588382282427 0.022202264003817973
0 0.9187583035384181 0.453780955880051 0.033144386722608485 0.025363626670908877
0 0.08036234482977427 0.6684045546626366 0.021733290041956278 0.018986357336090796
5 0.13018474607452973 0.6654790019891823 0.0393943867226084 0.02543635200509069
5 0.8722385010489072 0.45901389588641434 0.03951278589277152 0.02699885200509069
0 0.9696346419207004 0.4750832438733695 0.02036096680652122 0.06268181333545453
0 0.7375656578927401 0.35345533390359535 0.018088071785542857 0.05328863200190899
0 0.7503024562330661 0.35643488323523176 0.01820647095570589 0.054851132001908984
0 0.6535458554032292 0.3591246259150494 0.015578378424238615 0.04077045066836362