3 0.7997546719019292 0.3466029683962718 0.1479865138401646 0.06985316191590929
0 0.8182367109509645 0.16112846964991304 0.0362213428896375 0.04631271034569897
0 0.7889551402672677 0.4967393607161398 0.06728034190105418 0.042534492478152684
0 0.388752210419492 0.5708099758516122 0.045469008897248565 0.04346049498543501
0 0.4527603136892527 0.474528357746639 0.0487850098858317 0.048238923198680436
0 0.5471708413695815 0.3406869036691461 0.07627333992388792 0.03343227711788872
0 0.4892044910655704 0.42274689740093996 0.03740184091247105 0.03698317445232178
3 0.13401024406850096 0.027011129387744314 0.1194795118629981 0.05402225877548863
3 0.9378329920541535 0.4050111988002305 0.09059050790866544 0.040091454077492726
3 0.7494641477188224 0.06793005060786769 0.0553188527754692 0.09368781551854846
0 0.33246110665543965 0.669208023423472 0.05497134288963732 0.046858279625171306
0 0.26045870304229923 0.2148136916075875 0.07015067391627658 0.036375420691397944
0 0.43564840954463957 0.4157216590794225 0.0487850098858317 0.048238923198680436
5 0.4162206358186434 0.528653568092338 0.04891234387822045 0.05136392319868044
0 0.7440286649446659 0.7758418390085275 0.06890650889724856 0.044142456584775405
0 0.36022128110318896 0.23688125673042454 0.07471083992388783 0.033386813011266094
0 0.3589598700384936 0.21038695289035864 0.08896434091247096 0.038483489970870186
5 0.6649100755894318 0.017507956849137994 0.035775673916276673 0.03501591369827599
0 0.12437137543852002 0.5863059098708453 0.05015650889724856 0.04359688730530316
0 0.285880514297275 0.3186373735817566 0.07308467292769345 0.03177884890464337
0 0.15151478456323006 0.22656719701786382 0.06221083992388783 0.03302310015828454
0 0.6719227850575217 0.209083899512511 0.05484400889724857 0.04373327962517113
0 0.07509161703556304 0.627536315122837 0.05816000988583174 0.04851170783841656
0 0.9249788008748524 0.12680964245288204 0.0519100098858317 0.048329851411925785
5 0.8617852148309353 0.9308211925320243 0.039219008897248386 0.043278638558944496
5 0.013973680799177787 0.682016878134103 0.027947361598355574 0.054716243731793845
5 0.06895831665500218 0.47165002797581856 0.0646646778706093 0.05494356426490725
5 0.05869061460128615 0.24487457930860207 0.06890650889724856 0.044142456584775225
0 0.048728024183106726 0.2787183818950268 0.06259284190105417 0.04239810015828453
3 0.2201228631184114 0.24720029427315454 0.18663251977166348 0.0990693004748537