3 0.8933773650516799 0.05449759968104092 0.08919980721668566 0.10899519936208184
3 0.15095214219269226 0.4683039766621408 0.09336807063492084 0.07445760818516849
3 0.45442759561646484 0.44902884968104095 0.09997901603912887 0.05634533697334128
3 0.533803017423405 0.5234391761934004 0.10330427513842758 0.05972542848861018
0 0.15667241363049206 0.41050745211633355 0.04439035009228505 0.03781873545613248
0 0.30954589219269224 0.45535808226223545 0.041165220542635786 0.0360011439408634
5 0.4052310271410124 0.34309758513717337 0.0452309592838688 0.07519118969849795
5 0.40092066625138567 0.5209355427135187 0.04585272054263569 0.03638378121376693
0 0.627928047499078 0.2887934960378003 0.039702850092285046 0.037436098183228864
0 0.2324932364248812 0.42944902862869316 0.03804022054263569 0.035746052425594324
0 0.29994964913252253 0.5016909483233117 0.04282785009228505 0.03769118969849785
0 0.6270886358711708 0.1899095858860794 0.040303627390180986 0.04681109818322886
3 0.24275172500923067 0.8346307362050386 0.05109902991878954 0.14250623545613267
0 0.5905095882152093 0.21959695694812553 0.04010336829088246 0.04368609818322886
5 0.29111247454780537 0.6579089974149261 0.04825582973421945 0.07388378121376693
0 0.2725141525286086 0.07356594832331172 0.03868057063492083 0.06999350666795978
0 0.3395871522148416 0.8015953534740629 0.03243057063492074 0.06948332363742153
0 0.5447729048357353 0.9152120880121114 0.03950259099298634 0.03431109818322895
0 0.27721756014212096 0.796477160900627 0.023817034237726277 0.05634559484924893
0 0.05827568398855766 0.38241401621085747 0.04927810919158371 0.041326372729036095
0 0.21544874536729627 0.8007339683271912 0.02618057063492074 0.06897314060688373
0 0.30332166640826924 0.16215021620115916 0.0387807001845701 0.07155600666795978
0 0.3309226395717986 0.3232472128671793 0.03243057063492083 0.06948332363742163
0 0.5941733251015158 0.8404992593737198 0.039602720542635694 0.03587359818322895
3 0.2092766933923981 0.9127556072670846 0.04038277297895929 0.09655600666796005
0 0.3250347825396832 0.24362348574599654 0.03379281153562221 0.06648586939505616
0 0.7921955968530826 0.033500733909828724 0.03415375693983016 0.047863415152690714
0 0.2656361173588065 0.9466365286286932 0.02045220234403846 0.028093049091614475
0 0.3455541548357352 0.9314741721105145 0.024017293337024893 0.05947059484924892
0 0.30342869524732463 0.32313551362578363 0.03283108883351806 0.07573332363742162
3 0.5574212762181617 0.007231458929225387 0.03329216378737563 0.014462917858450774
5 0.2407146375692138 0.016916819844399793 0.04705427513842757 0.033833639688799585
5 0.21964067396640835 0.030182094390207005 0.04240634793281668 0.06036418878041401