0 0.72109375 0.7703125 0.0234375 0.08828125
0 0.721875 0.9640625 0.02265625 0.06796875
0 0.39765625 0.296875 0.04296875 0.034375
0 0.63515625 0.14765625 0.0421875 0.0375
0 0.209375 0.29921875 0.0453125 0.0359375
0 0.38359375 0.13515625 0.046875 0.0390625
0 0.01875 0.015625 0.0375 0.03125
0 0.3890625 0.1890625 0.0453125 0.03203125
0 0.6921875 0.92421875 0.0234375 0.0984375
0 0.08359375 0.0140625 0.0546875 0.028125
0 0.3703125 0.23984375 0.04140625 0.03671875
0 0.15078125 0.01015625 0.0421875 0.01953125
0 0.78359375 0.15234375 0.0484375 0.03984375
0 0.78046875 0.075 0.0484375 0.0421875
0 0.9828125 0.09375 0.034375 0.03984375
0 0.37890625 0.07578125 0.04765625 0.0421875
0 0.32890625 0.19140625 0.03671875 0.02578125
0 0.28203125 0.246875 0.05703125 0.040625
0 0.5640625 0.4328125 0.0453125 0.0640625