5 0.5912871989115409 0.009247528640745776 0.034176592558271324 0.01849505728149155
0 0.7715972030878921 0.10601852026838887 0.038973219962933216 0.04393409057054058
0 0.5149305408368401 0.08521383044085536 0.05934028366526398 0.046442660462916716
5 0.6760490901112007 0.0948691586053991 0.04097222958158007 0.05650686517764645
3 0.6938020413849942 0.27889740219525827 0.12120536660488845 0.07584337014004516
5 0.7408134837579311 0.027114424321164805 0.03908234736759475 0.04705909057054057
5 0.8734052066312712 0.3399504104674259 0.07447421034428636 0.03310790653397531
0 0.7376959182415017 0.07171844892827066 0.032450401451278664 0.03583049214211713
5 0.2979662409295073 0.2006163143108049 0.09694941106992569 0.051314251033457305
0 0.4921080774125109 0.40372838999414923 0.041989092558271324 0.040954639784752445
0 0.9026487625290537 0.3066092175395205 0.07770833774894789 0.03637845574818703
0 0.44316214592416525 0.3982082901179838 0.037192465153609786 0.03761131596343477
0 0.6936234813108605 0.19466795140947002 0.05626984736759475 0.04785961124870504
0 0.9027826825846541 0.3697813056288617 0.07436508293962447 0.029982906533975305
0 0.37642605762706305 0.23206105934840612 0.08390377404661713 0.0351070541766104
0 0.30201384546867827 0.30806494127527556 0.08077877404661712 0.03496150496239867
0 0.1393401975607785 0.5886343527716497 0.04991071996293313 0.04444351282028158
0 0.4126190179713493 0.20073613068852433 0.0730208377489479 0.03616013192686944
0 0.7670311440252486 0.7504941122866715 0.06693452885594056 0.0405565334984459
3 0.689866020333602 0.34693892680236416 0.1219494110699257 0.052478644747151026
3 0.05270581543161138 0.2775577657157657 0.0752926658792491 0.05654540653397531
5 0.17479163575736417 0.2211728709686147 0.08746528366526399 0.04775260339082212
5 0.8875469967503211 0.8954170064146499 0.03886409255827132 0.04080909057054072
0 0.09199148240716881 0.6267187036812725 0.05487103847458741 0.05247433664159917
5 0.07554557078908898 0.4722687981807544 0.059394847367594816 0.048005160462916766
0 0.06955849873405565 0.2416737696447071 0.06052083774894799 0.035577935070022625