0 0.004978737278515298 0.609645938031508 0.009957474557030596 0.04005091515269079
0 0.21290080429125005 0.5380572068274393 0.030327850092285048 0.03667082363742171
0 0.8386691671834615 0.44228025821426353 0.06203892504614252 0.022161784547746775
0 0.4685710109542251 0.6170423025947722 0.030528109191583754 0.03979582363742153
0 0.057865245994830374 0.653411655609793 0.03032785009228507 0.03667082363742154
0 0.04904666024363126 0.42337346924527497 0.06516392504614253 0.022416876063016032
0 0.9098234739387218 0.4716486359442694 0.06193879549649317 0.020599284547746954
0 0.5491446807585805 0.8670738666892962 0.030728368290882456 0.042920823637421536
0 0.09971158698781679 0.6254140724294736 0.0335529796419344 0.03848841515269079
0 0.45157567320044123 0.7106807322913304 0.028965609191583752 0.039668277879787085
0 0.13393639266334284 0.6305638290974335 0.03345285009228505 0.036925915152690794
0 0.015327292571057749 0.6554366701536605 0.03052810919158371 0.03979582363742153
0 0.25040080429125006 0.541118305010668 0.030327850092285048 0.03667082363742154
0 0.42932233652639146 0.8250940475938023 0.030528109191583754 0.03979582363742153
0 0.4416208798634164 0.7679830492607923 0.030628238741233105 0.041358323637421535
0 0.0885645334717591 0.6645563207624837 0.03032785009228507 0.03667082363742154
0 0.5646473696843836 0.759962868356286 0.030528109191583754 0.03979582363742153
0 0.18018843384089936 0.5338162459171141 0.030127590992986432 0.033545823637421715
0 0.1442008690660747 0.5316639434915198 0.026802331893687813 0.030165732122152632
0 0.46196126311369345 0.6589109382006859 0.030528109191583754 0.03979582363742153
0 0.5317080544481335 0.9308334777494025 0.028765350092285046 0.03654327787978708
0 0.5888928053709842 0.5899532572961796 0.028965609191583752 0.039668277879787085
0 0.31669763032484166 0.5850115683465876 0.06516392504614252 0.022416876063016032
0 0.40440507480619914 0.9565673171386397 0.030728368290882456 0.042920823637421536
0 0.557286650221482 0.8135502539621997 0.028965609191583752 0.039668277879787085
0 0.10674734114986995 0.3440525021260319 0.07297642504614252 0.023054604851188643
0 0.30910637338501135 0.6299414310736842 0.05422642504614252 0.021524055759574168
0 0.5761041062661483 0.6792230513868243 0.030327850092285048 0.03667082363742154
0 0.31075851095422513 0.6041601810736841 0.05422642504614252 0.021524055759574168
0 0.5337421213824266 0.9726223650223063 0.027002590992986342 0.03329073212215263
0 0.23721609114986997 0.3547025728885156 0.06193879549649317 0.020599284547746864
0 0.5410830544481335 0.9315987522952097 0.027002590992986342 0.03329073212215263
0 0.13581547501845592 0.4296710087939918 0.06506379549649322 0.020854376063016034
0 0.13087765114433264 0.43319462152108806 0.0634011659468439 0.019164330305381404
0 0.5256792975083032 0.9758908862341336 0.02720285009228505 0.036415732122152634
5 0.5551416756644514 0.22201658714251904 0.03385336829088246 0.04317591515269079
0 0.5837954927556279 0.6327306886597277 0.030327850092285048 0.03667082363742154
5 0.6960775562938348 0.2531545010872618 0.0712532387412331 0.04467451333591956
5 0.7589990584533032 0.3006989229079123 0.06979086829088246 0.046109467578285025
5 0.9023695242155769 0.3673757241255586 0.08587694324473993 0.03032497091226487
5 0.8123581886212614 0.49746209472856273 0.06995155459579187 0.024362013335919565
0 0.6792545943890724 0.45439813669317547 0.07307655459579188 0.02461710485118864
5 0.23503422501845592 0.4377701644037847 0.07297642504614252 0.023054604851188643
0 0.3802849706995192 0.3648105097120756 0.06672642504614253 0.022544421820650484