0 0.5290706634657993 0.9421074188671803 0.027398954597152782 0.03795028589277152
0 0.572051718367952 0.6367561454219635 0.02732621941479163 0.03482528589277134
0 0.37586182370694476 0.3784853945967709 0.02405574905006951 0.02833848755244528
0 0.3937006742962849 0.23704325579957003 0.030560322188333357 0.0397495842330974
0 0.6081535257386464 0.6747171640932954 0.027362587005972116 0.036387785892771515
0 0.3851264145126391 0.30578160040562974 0.027398954597152782 0.03795028589277134
0 0.6122065525241326 0.7479770653380509 0.02420121941479163 0.03458848755244546
0 0.6076437262517367 0.619189214508214 0.027326219414791807 0.03482528589277152
0 0.35241975123427094 0.14469073505364566 0.03066942496187508 0.044437084233097446
0 0.527720490119445 0.6487242717716096 0.027398954597152782 0.03795028589277134
5 0.33899499050069465 0.24040597675527592 0.03052395459715278 0.0381870842330974
0 0.8322969277147575 0.5199900848345754 0.04723867591180557 0.01917697510489056
0 0.8974673328250005 0.49548606968772846 0.059738675911805574 0.020124168466194803
0 0.5938104302802085 0.2602286116037845 0.055342116641249994 0.0322689709557058
0 0.5790518264598272 0.903884445836882 0.03052395459715278 0.03818708423309758
0 0.8907958394745142 0.30972616844297296 0.05817617591180557 0.020005769296031862
0 0.2495837323325695 0.0640462315291607 0.06776938145888885 0.030091164317010023
0 0.9834635770317017 0.5629560669884361 0.03307284593659645 0.023509277594401645
0 0.9642878908612851 0.30650515744531087 0.059811411094166544 0.02324916846619498
0 0.962727350492431 0.4075824053707183 0.05661367591180557 0.01988737012586874
0 0.9584035264042365 0.42356260288120745 0.053488675911805575 0.01965057178554268
0 0.08533874116628475 0.03501269481119671 0.06293641109416667 0.02348596680652095
0 0.961163544071667 0.3403949053707184 0.053488675911805575 0.01965057178554286
0 0.9631618019554518 0.3253735566154739 0.05505117591180557 0.01976897095570589
0 0.9596380648732297 0.37572875412596296 0.053488675911805575 0.01965057178554277
0 0.7689241055264241 0.48722605164109645 0.06293641109416673 0.023485966806520864
0 0.9615460569894448 0.3904541049557999 0.05661367591180557 0.01988737012586883
0 0.5666751937666673 0.7083826916876971 0.027398954597152782 0.03795028589277152
0 0.9615272199834726 0.3560199053707184 0.053488675911805575 0.01965057178554286
5 0.5787081878796528 0.04849820620984415 0.03372168977951393 0.041548882573423505
0 0.08078048736656263 0.1417954910769303 0.04582164627652778 0.025308575934727705
0 0.9708827297671183 0.2872223611795772 0.05661367591180557 0.01988737012586892
0 0.8912504343642713 0.32925741844297296 0.05665004350298588 0.02144987012586892
5 0.6461138934267362 0.05278204189283413 0.03528418977951393 0.04166728174358654
0 0.7641599510817711 0.2825385516410964 0.04407730832062491 0.017377676764564677
3 0.9388976455140284 0.796006287944142 0.08295927678548623 0.07959425684847724
0 0.23359766926229186 0.18421702157111697 0.04731141109416672 0.022301975104890737
0 0.225327961531007 0.03066596908160606 0.06769664627652779 0.026966164317010034
0 0.22580139342673622 0.08463141866668758 0.04880117591180557 0.019295374275053744
5 0.6962768943766667 0.022371568862535846 0.04622168977951393 0.04249607593472769