0 0.1140625 0.35703125 0.03203125 0.02578125
0 0.0484375 0.43515625 0.02890625 0.0234375
0 0.15546875 0.38984375 0.0296875 0.02265625
0 0.45234375 0.6375 0.015625 0.04765625
0 0.903125 0.20859375 0.03046875 0.025
0 0.15625 0.43046875 0.02578125 0.0234375
0 0.61171875 0.29765625 0.0265625 0.02109375
0 0.33671875 0.26953125 0.03046875 0.0484375
0 0.4546875 0.74140625 0.015625 0.06328125
0 0.38359375 0.8234375 0.01484375 0.053125
0 0.0125 0.396875 0.025 0.025
0 0.65 0.3375 0.02734375 0.02109375
5 0.66796875 0.2921875 0.04296875 0.03046875
0 0.41875 0.6828125 0.01484375 0.05546875
0 0.78359375 0.6453125 0.015625 0.05078125
0 0.39921875 0.15859375 0.01953125 0.05625
0 0.6125 0.334375 0.03125 0.02421875
0 0.0765625 0.39375 0.03984375 0.025
0 0.73203125 0.28984375 0.03671875 0.03125
0 0.77578125 0.21015625 0.0328125 0.02578125
0 0.40703125 0.42265625 0.0296875 0.0265625
0 0.825 0.21015625 0.0328125 0.03125
0 0.7234375 0.2140625 0.03125 0.02578125
0 0.73203125 0.375 0.0265625 0.01875
0 0.67265625 0.2625 0.034375 0.02265625
0 0.02265625 0.25 0.0359375 0.03828125
0 0.82890625 0.4046875 0.03046875 0.02421875
0 0.3484375 0.7015625 0.015625 0.05390625
0 0.615625 0.2640625 0.02734375 0.01953125
0 0.6765625 0.54453125 0.0296875 0.02578125
0 0.9859375 0.20625 0.0265625 0.021875
0 0.565625 0.41484375 0.025 0.03515625
1 0.21015625 0.3546875 0.0765625 0.03671875
0 0.28203125 0.41953125 0.03125 0.02421875
0 0.32890625 0.38203125 0.03359375 0.0296875
0 0.42734375 0.38125 0.0234375 0.025
5 0.48203125 0.37421875 0.03359375 0.03359375
5 0.94375 0.2109375 0.04140625 0.0265625
0 0.61953125 0.55078125 0.0328125 0.028125
0 0.71171875 0.5453125 0.03046875 0.02578125
0 0.74921875 0.521875 0.01875 0.05390625
0 0.76796875 0.525 0.01484375 0.05703125
0 0.8375 0.53828125 0.04140625 0.0328125
0 0.884375 0.534375 0.03359375 0.02890625
0 0.93125 0.51484375 0.0171875 0.06484375
0 0.9015625 0.64140625 0.0171875 0.06015625
0 0.86328125 0.64453125 0.015625 0.06484375
0 0.84609375 0.6421875 0.015625 0.05859375
0 0.82890625 0.6421875 0.01328125 0.0609375
0 0.81328125 0.6421875 0.01796875 0.0640625
0 0.79609375 0.63984375 0.015625 0.05546875
0 0.725 0.63984375 0.01796875 0.06640625
0 0.7109375 0.6484375 0.01640625 0.05703125
0 0.67890625 0.646875 0.015625 0.06484375
0 0.6609375 0.6484375 0.01640625 0.059375
0 0.64453125 0.64765625 0.015625 0.06328125
0 0.6265625 0.6453125 0.015625 0.04609375