0 0.5989030736122655 0.07407558643220216 0.03296900889724856 0.04364299214211716
0 0.5863009614452561 0.2104668507002258 0.026082338935304605 0.027726893713693725
0 0.5968007682516078 0.33697584677128434 0.032587006920082116 0.034267992142117086
0 0.5660694441078696 0.6877742133966729 0.029462006920082117 0.03412244292790536
0 0.5516647514085127 0.8107750657540377 0.029398339923887917 0.03255994292790554
0 0.4990013023205462 0.5664578314698034 0.02965300790866543 0.038809942927905364
0 0.4343246955907444 0.6745935090962278 0.03271434091247105 0.03739299214211726
0 0.5746233848300601 0.5738936499144376 0.03271434091247087 0.03739299214211709
0 0.5479812662744413 0.34409483395100277 0.032841674904859806 0.040517992142117085
0 0.6298108809129085 0.19918690239563688 0.029525673916276675 0.03568494292790545
0 0.6004059989370548 0.8247862158778723 0.029589340912470875 0.03724744292790518
0 0.5481987835746469 0.2619180347367911 0.029589340912470875 0.03724744292790545
0 0.4167153147150168 0.10785761931147564 0.03446784190105419 0.042153266749223
0 0.026811238365557176 0.516136576302517 0.05362247673111435 0.019952935070022625
0 0.3716309663881721 0.17698645491961748 0.03271434091247105 0.03739299214211718
0 0.02882073663553662 0.5342508755167287 0.05764147327107324 0.023223484284234354
0 0.5358713136520716 0.9102292562007438 0.031279174904859805 0.04044521753501122
0 0.029086686236385245 0.6187350374273874 0.05817337247277049 0.02649403349844608
0 0.3773995108372339 0.3619800390800173 0.029589340912471052 0.03724744292790545
0 0.03317071387953309 0.5690261358558109 0.041261669961943914 0.017517139784752445
5 0.41009796981103214 0.5584034288647696 0.03810217787060939 0.05479881596343468
5 0.6670748230807928 0.47566166521591846 0.03928267589344294 0.04549659057054054
5 0.5894883339552077 0.4203876602535198 0.036157675893442945 0.04535104135632899
0 0.21988148809982086 0.4626606275836432 0.07145850593149908 0.03139985731976367
0 0.030740698840820722 0.4998031009096229 0.061481397681641445 0.028274857319763667
0 0.03080971783386578 0.5501305866415992 0.060202670950527094 0.023077935070022627
0 0.030121274924544104 0.5679901747309404 0.06024254984908821 0.026421258891340216
0 0.031365439943572146 0.5843964247309403 0.06273087988714429 0.028274857319763667
0 0.030218104715454403 0.6007299001238344 0.060436209430908806 0.025149857319763668
0 0.0259703092592189 0.6370483897847523 0.0519406185184378 0.026857906533975396
0 0.09441462000131255 0.6219735074435981 0.06826983893530465 0.029691808105551942
0 0.22632119460216119 0.6696019863511489 0.052390170950527094 0.02271406203449331
5 0.6560776787848304 0.7647605525194714 0.03928267589344294 0.04549659057054054
5 0.6484760844123183 0.8168495913946009 0.03296900889724856 0.04364299214211727
0 0.6388490750207781 0.8610169683590716 0.03921900889724857 0.04393409057054072
0 0.6797022266939333 0.9341484073580357 0.07015067391627668 0.037577082712657986
0 0.48358196038231094 0.9930758736547018 0.032523339923887916 0.013848252690596396
5 0.7697568823214211 0.9875429652586998 0.07145850593149916 0.024914069482600353
0 0.4291040019028043 0.8027185090962279 0.039155341901054186 0.04237159057054072
0 0.7589042484427632 0.8345165884991168 0.05857650395433271 0.021442660462916763
0 0.910518486579765 0.8979348872990439 0.05433467292769336 0.032161836641598995
0 0.8992215478347407 0.9943334475784633 0.04945617193911005 0.011333104843073372
3 0.05877813931586551 0.13267125889134015 0.07700285178688593 0.0909204065339753