0 0.7313935107335763 0.06891359175566318 0.03535692496187508 0.04338790145127884
0 0.5534970615516663 0.4677752216073957 0.04004442496187508 0.043551592558271325
0 0.3611374156563881 0.9178818929289403 0.055814895326597294 0.05034722958157971
0 0.4550764389264925 0.5375644211519086 0.036810322188333446 0.03875496515360979
0 0.35014024468166643 0.2500594758685649 0.0709307490500695 0.029017866604888455
5 0.5682693827900691 0.40324893013758334 0.040153527735416715 0.04823909255827132
5 0.2737997633959367 0.9810391465571374 0.04727504350298615 0.018824411069925873
5 0.2328605192829511 0.3251909398410482 0.08056032218833335 0.040282748818873594
0 0.7581163988419789 0.22878709956021154 0.05207164627652787 0.023675602176918175
0 0.4555069711272216 0.8209126344914198 0.043242160144236055 0.046785719962933216
5 0.3430719738801039 0.28543398067788833 0.08212282218833336 0.04033731252120454
0 0.44244588630545073 0.7113020215147283 0.04636716014423605 0.04689484736759475
0 0.6355549870822221 0.027765291300176253 0.03851829255305574 0.045059528855940535
0 0.6875344079600346 0.07512887542092714 0.03379442496187508 0.043333337748947987
0 0.24097495849378414 0.6808680209665743 0.04465918977951393 0.04059028366526398
0 0.9130948395714235 0.21088529302945674 0.07234777868534721 0.0228224303072194
0 0.5164880240326039 0.4479910004633362 0.036883057370694416 0.04187996515360961
3 0.8795731715434026 0.24249988077840473 0.17772626291777768 0.056165698363386696
0 0.7958151141727081 0.2860167570019401 0.0756182490500695 0.029181557711881113
5 0.10097408643729136 0.3571180408368401 0.09167966014423615 0.048477194735189674
0 0.6694629811952078 0.6838590346767542 0.04465918977951393 0.04059028366526398
5 0.545011107904444 0.5305207582678845 0.04160692496187508 0.04360615626060227
0 0.20774357798482573 0.7335490768643568 0.05258079255305557 0.04555060217691818
5 0.050346692441874286 0.8553571333951115 0.05236258700597225 0.036175602176918176
5 0.23673105490215254 0.2930505624363865 0.08851829255305557 0.046805567330527965
5 0.18538676044923588 0.2854761646133047 0.0824501305089584 0.05439981252120454
5 0.9165094738801038 0.2654091019224642 0.07085801386770854 0.025892866604888543
0 0.9129045098805548 0.6550618789643062 0.06965918977951376 0.04146330290255769
5 0.1305115435998953 0.5972966075343958 0.055705792553055564 0.045659729581580065