0 0.677462834205569 0.3029861445377541 0.056324411069925695 0.049422111248705033
0 0.6447793089778255 0.34982260318142516 0.053090283665263985 0.04615156203449331
0 0.7947445926430895 0.4004861908564816 0.05152778366526398 0.04607878742738745
0 0.8717163204105709 0.41577089660466865 0.049856156260602094 0.04288101282028158
1 0.4723040751350762 0.07893640673886308 0.06335815027015243 0.11682793507002258
0 0.7188988552569612 0.37277425971540046 0.05141865626060227 0.042953787427387445
5 0.3858581436467305 0.08270991604448799 0.06275794954451311 0.09964043507002258
0 0.39123270144342964 0.48230965570540574 0.04217263103285882 0.0908818651776464
0 0.2932837524470707 0.17901552770747778 0.06689981252120454 0.08423375889134013
0 0.1545213528098904 0.18113233767505646 0.0646279843909034 0.06384848428423431
0 0.09582096460545551 0.24235662799792798 0.051800602176918245 0.05389128742738745
0 0.12565725362819707 0.09165030665780981 0.06758929328391083 0.059306533498446015
0 0.1094667692372937 0.03005783519385709 0.032668656260602266 0.04208049214211714
0 0.8893477313956785 0.13891945222902113 0.05336310217691818 0.05396406203449331
0 0.9632490228654907 0.15562110876299645 0.05783234736759475 0.047932385855810854