0 0.37183462672018497 0.11141602128422953 0.029433221771944316 0.03312158267027256
0 0.4427622813856016 0.11762911127468452 0.02603481969842587 0.02996022000318166
0 0.3043142275213885 0.18884213462763816 0.030995721771944318 0.03313976400381802
0 0.37344493633384224 0.2013324966184113 0.02915981969842587 0.02999658267027261
0 0.3131696920832864 0.3615711099618199 0.03581992280870363 0.03475680800445442
0 0.7528268058439807 0.45264681190327716 0.055917809330833276 0.014698846674090582
0 0.28399889340286955 0.43933303063336515 0.02915981969842587 0.02999658267027261
0 0.3198453763908783 0.7149779206317743 0.025624716588148112 0.025272720003181703
0 0.33367201347865577 0.846200648631456 0.02589811866166656 0.02839772000318135
0 0.6830905042888417 0.45111213124604943 0.048105309330833276 0.014607940006363406
0 0.28178759326185027 0.8163046106381376 0.026171520735185094 0.0315227200031817
0 0.3037497165881481 0.021491002625729155 0.03255822177194432 0.03315794533736345
0 0.39253172921833207 0.6429660132877293 0.02589811866166656 0.028397720003181703
0 0.2854381479745352 0.9742352893061831 0.027460618661666557 0.028415901336727244
0 0.7114014319985177 0.4171547545751405 0.05435530933083328 0.014680665340545218
0 0.3469472442040731 0.5152410026257291 0.02915981969842587 0.029996582670272432
5 0.28833897257393337 0.9358813139720012 0.02998002591898139 0.03937158267027243
0 0.6095407378424984 0.879746755927776 0.029433221771944316 0.03312158267027243
0 0.28223594406305386 0.8929398359723194 0.025898118661666646 0.028397720003181703
0 0.2790440106039337 0.7670676793045923 0.029433221771944407 0.03312158267027243
0 0.603302425354119 0.7101155085932761 0.02589811866166656 0.028397720003181703
0 0.472372928511665 0.8672660319462298 0.02589811866166656 0.028397720003181703
0 0.2862597712543502 0.858483019971365 0.024609020735185096 0.031504538669636165
0 0.27758952587249863 0.7146875666375013 0.02589811866166656 0.028397720003181703
0 0.6039278504718968 0.6725700552594125 0.02589811866166656 0.028397720003181703
0 0.602844512630184 0.6154933519255488 0.029433221771944316 0.03312158267027243
0 0.5902453507547207 0.7485876625955032 0.05435530933083328 0.014680665340545218
0 0.7126466139970354 0.8425729252466858 0.057343608294074144 0.013154528007635946
0 0.3883432237517119 0.5593359006206384 0.026308221771944317 0.0330852200031817
0 0.5907627606039337 0.7634405032622761 0.054492010367592415 0.016243165340545217
0 0.7055101828469895 0.6447984965786404 0.05435530933083328 0.014680665340545218
0 0.7087410725266652 0.7800547439131403 0.048105309330833276 0.014607940006363406
2 0.9492601828469894 0.641962208545551 0.056854175683425726 0.1146079400063634
0 0.7030201698874988 0.6252763372454131 0.04484360829407415 0.013009077339272502
0 0.04801358378921229 0.3521437553310001 0.026093608294074054 0.012790901336727157
0 0.04938059415680485 0.3677687553310001 0.026230309330833302 0.014353401336727157
0 0.7028438041005542 0.6768933812460495 0.055917809330833276 0.014698846674090582
0 0.7350740863811105 0.3480593092377771 0.05123030933083328 0.014644302673454313
0 0.699845943214582 0.660505312579595 0.05748030933083328 0.014717028007635946
0 0.7128612274749058 0.8629036065802312 0.05904280933083328 0.014735209341181488
0 0.7043659308207392 0.7926183785805494 0.051093608294074146 0.013081802673454134
0 0.7068559437802299 0.8121405379137766 0.05748030933083328 0.014717028007635946
0 0.7143745008019889 0.8980780379137766 0.05435530933083328 0.014680665340544862
3 0.6154450915649067 0.35727177192077636 0.10749943317629622 0.051199968013999356