0 0.01328125 0.31796875 0.0265625 0.0203125
0 0.0125 0.24765625 0.02421875 0.0203125
0 0.01328125 0.2921875 0.02578125 0.01875
0 0.0125 0.27109375 0.025 0.0203125
0 0.0703125 0.3328125 0.0265625 0.021875
0 0.01171875 0.13984375 0.0234375 0.02265625
0 0.0703125 0.30859375 0.02421875 0.01796875
0 0.1078125 0.3296875 0.02578125 0.01953125
0 0.18984375 0.01015625 0.02265625 0.01953125
5 0.47734375 0.64453125 0.02890625 0.03828125
0 0.58203125 0.58125 0.028125 0.0203125
0 0.68359375 0.73046875 0.0265625 0.02109375
0 0.15859375 0.03359375 0.02421875 0.01875
0 0.0109375 0.17890625 0.021875 0.0203125
0 0.1953125 0.23203125 0.0234375 0.0203125
0 0.1625 0.28125 0.021875 0.01953125
0 0.19375 0.121875 0.025 0.01953125
0 0.49609375 0.578125 0.02734375 0.021875
0 0.2 0.27734375 0.025 0.01953125
0 0.559375 0.671875 0.02578125 0.02109375
0 0.196875 0.2984375 0.0234375 0.01875
0 0.07109375 0.2890625 0.025 0.01796875
0 0.61953125 0.61796875 0.02578125 0.0203125
0 0.0125 0.22578125 0.02421875 0.01953125
0 0.10390625 0.0640625 0.0265625 0.0203125
0 0.06640625 0.08984375 0.02265625 0.01875
0 0.2328125 0.71328125 0.02734375 0.0203125
0 0.16015625 0.15078125 0.02421875 0.01953125
0 0.10625 0.2640625 0.02421875 0.02109375
0 0.7234375 0.5953125 0.028125 0.02109375
0 0.10390625 0.153125 0.02265625 0.01953125
0 0.19140625 0.07421875 0.0234375 0.01875
0 0.159375 0.103125 0.0234375 0.01953125
0 0.203125 0.684375 0.025 0.01875
0 0.1921875 0.1 0.025 0.01953125
0 0.171875 0.359375 0.02265625 0.01953125
0 0.2578125 0.34140625 0.02109375 0.0203125
0 0.784375 0.69375 0.02734375 0.021875
0 0.259375 0.3671875 0.02265625 0.01875
0 0.103125 0.128125 0.02265625 0.01875
0 0.68359375 0.59296875 0.02890625 0.021875
0 0.20078125 0.325 0.02578125 0.01953125
0 0.10234375 0.01796875 0.025 0.01953125
0 0.06640625 0.1109375 0.0234375 0.01953125
5 0.62890625 0.58359375 0.03046875 0.02265625
0 0.16015625 0.125 0.0234375 0.01796875
0 0.57265625 0.6453125 0.02265625 0.01875
0 0.01796875 0.72421875 0.025 0.02265625
0 0.25625 0.29375 0.01953125 0.01875
0 0.19375 0.18671875 0.02265625 0.01875
0 0.1046875 0.1953125 0.02421875 0.01953125
0 0.10234375 0.0421875 0.0265625 0.01875
0 0.16171875 0.23671875 0.02421875 0.01875
0 0.03203125 0.69921875 0.02421875 0.01875
0 0.25625 0.31953125 0.01953125 0.01953125
0 0.53671875 0.56875 0.0296875 0.02265625
0 0.1625 0.2140625 0.02578125 0.01953125
0 0.18828125 0.6265625 0.02578125 0.01875
0 0.234375 0.65546875 0.02734375 0.01953125
0 0.15703125 0.69375 0.02890625 0.02109375
0 0.19765625 0.65859375 0.02734375 0.0203125
0 0.2484375 0.11640625 0.021875 0.0203125
0 0.1078125 0.69296875 0.025 0.01953125
0 0.25546875 0.2734375 0.0203125 0.01953125
0 0.06171875 0.00546875 0.021875 0.0109375
0 0.1625 0.3015625 0.02109375 0.0171875
0 0.10703125 0.23984375 0.025 0.01796875
0 0.84140625 0.72421875 0.02578125 0.01953125
0 0.0671875 0.17734375 0.025 0.01953125
0 0.06796875 0.1328125 0.02265625 0.01953125
0 0.1609375 0.26171875 0.01875 0.0171875
0 0.81875 0.5984375 0.02890625 0.0203125
0 0.1078125 0.30625 0.02421875 0.01953125
5 0.7734375 0.6 0.03125 0.02109375
0 0.10625 0.21875 0.0234375 0.01796875
0 0.25546875 0.67890625 0.025 0.01796875
0 0.15859375 0.05859375 0.02421875 0.01875
0 0.34375 0.465625 0.01875 0.04765625
0 0.228125 0.628125 0.0265625 0.0203125
0 0.06640625 0.15703125 0.0234375 0.01875
0 0.01484375 0.35859375 0.02109375 0.01875
0 0.1625 0.32734375 0.02109375 0.01875
0 0.953125 0.73203125 0.02734375 0.021875
0 0.61640625 0.6484375 0.028125 0.0203125
0 0.065625 0.06484375 0.021875 0.01875
0 0.15703125 0.01171875 0.0203125 0.01875
5 0.10234375 0.72265625 0.028125 0.01953125
0 0.325 0.52734375 0.025 0.04765625
0 0.0171875 0.403125 0.02734375 0.02109375
0 0.10390625 0.10859375 0.02421875 0.01875
0 0.12734375 0.95078125 0.02890625 0.0375
0 0.0671875 0.2015625 0.02265625 0.01875
0 0.06953125 0.221875 0.025 0.01875
0 0.0578125 0.4390625 0.0109375 0.04609375
0 0.25859375 0.38671875 0.02421875 0.0203125
0 0.009375 0.00703125 0.01875 0.0140625
0 0.0171875 0.38046875 0.021875 0.0171875
0 0.19375 0.16640625 0.02421875 0.0203125
0 0.159375 0.078125 0.0203125 0.01796875
0 0.06953125 0.2671875 0.02421875 0.01875
0 0.065625 0.0453125 0.021875 0.01875
0 0.10859375 0.2859375 0.02421875 0.01875
0 0.13515625 0.43203125 0.0109375 0.04453125
0 0.22421875 0.42890625 0.0109375 0.04140625
0 0.19765625 0.20859375 0.02265625 0.01875
0 0.42421875 0.95 0.0109375 0.05078125
0 0.103125 0.084375 0.02578125 0.01953125
0 0.01015625 0.06875 0.0203125 0.021875
0 0.5765625 0.61328125 0.02421875 0.01875
0 0.0640625 0.02109375 0.02265625 0.01953125
0 0.42265625 0.1109375 0.01171875 0.04765625
1 0.39140625 0.40390625 0.01875 0.08828125
0 0.01015625 0.0484375 0.0203125 0.021875
0 0.121875 0.434375 0.01015625 0.04375
0 0.16171875 0.18984375 0.025 0.01875
0 0.19609375 0.14296875 0.02421875 0.01875
0 0.2546875 0.253125 0.01875 0.01796875
0 0.19609375 0.4296875 0.0109375 0.04140625
0 0.353125 0.2828125 0.0125 0.0515625
0 0.36484375 0.88125 0.01015625 0.0359375
0 0.35390625 0.39921875 0.01015625 0.0390625
0 0.24296875 0.00703125 0.01484375 0.0140625
0 0.38515625 0.04921875 0.01328125 0.053125
0 0.23515625 0.4265625 0.009375 0.0421875
0 0.17265625 0.43125 0.01015625 0.04296875
0 0.3828125 0.23671875 0.0109375 0.03828125
0 0.08515625 0.43203125 0.01171875 0.04375
0 0.18515625 0.71875 0.02734375 0.01953125
0 0.06328125 0.6921875 0.0234375 0.01875
0 0.375 0.4671875 0.01328125 0.0484375
0 0.1578125 0.4296875 0.009375 0.04140625
0 0.06953125 0.24296875 0.02421875 0.01640625
0 0.21171875 0.42890625 0.01015625 0.04140625
0 0.10546875 0.17421875 0.02578125 0.01796875
0 0.16328125 0.16953125 0.021875 0.01796875
0 0.246875 0.05 0.01640625 0.01875
0 0.24375 0.02578125 0.01640625 0.0171875
0 0.24921875 0.07109375 0.021875 0.02265625
0 0.01015625 0.02578125 0.01953125 0.02109375
0 0.1921875 0.05234375 0.025 0.01953125
0 0.184375 0.4296875 0.01015625 0.04296875
0 0.10078125 0.00390625 0.0265625 0.0078125
5 0.37734375 0.7734375 0.0109375 0.05234375
0 0.36484375 0.08671875 0.0109375 0.04140625
0 0.01015625 0.09375 0.0203125 0.0203125
0 0.146875 0.72421875 0.02734375 0.028125
0 0.046875 0.43671875 0.01171875 0.04140625
5 0.01328125 0.3359375 0.02578125 0.01953125
0 0.01171875 0.203125 0.02265625 0.01796875
0 0.0125 0.15859375 0.025 0.0234375
0 0.0125 0.11328125 0.0234375 0.0203125
0 0.2 0.25390625 0.02734375 0.01953125
0 0.1921875 0.0296875 0.02578125 0.01953125
0 0.246875 0.09609375 0.01640625 0.02265625
0 0.24609375 0.13828125 0.0171875 0.02109375