0 0.3859375 0.23671875 0.04765625 0.03671875
0 0.1765625 0.2921875 0.04375 0.0328125
0 0.096875 0.28515625 0.04609375 0.034375
0 0.4125 0.29296875 0.046875 0.03515625
5 0.63984375 0.13203125 0.0546875 0.0390625
0 0.203125 0.134375 0.04609375 0.0421875
0 0.253125 0.29765625 0.04609375 0.034375
0 0.36484375 0.071875 0.04453125 0.03984375
0 0.7828125 0.9640625 0.02265625 0.06953125
0 0.7015625 0.7453125 0.02265625 0.0859375
0 0.0328125 0.1046875 0.046875 0.04140625
0 0.33203125 0.29375 0.0484375 0.0328125
0 0.07421875 0.0171875 0.0546875 0.034375
0 0.13828125 0.01015625 0.0515625 0.0203125
0 0.2125 0.01640625 0.040625 0.03203125
0 0.01640625 0.01796875 0.0328125 0.0359375
0 0.39296875 0.1296875 0.040625 0.034375
0 0.79296875 0.0734375 0.0546875 0.0328125
0 0.7890625 0.13125 0.0515625 0.0375
0 0.634375 0.0625 0.0546875 0.0453125
0 0.5171875 0.1140625 0.05234375 0.0484375
0 0.46015625 0.0265625 0.04453125 0.053125
0 0.93125 0.01171875 0.053125 0.0234375