0 0.279370440737268 0.5454893725627203 0.0400509151526907 0.0319045649348082
3 0.565674344680071 0.459732699265356 0.059821281213767105 0.04473184740221221
5 0.2812681673994088 0.6660064241048479 0.04499350666795978 0.03511138555165925
5 0.13485490831555308 0.47568361282348776 0.05484673879011233 0.06024775324641087
1 0.85959968786233 0.4531277378185449 0.08271664727484307 0.05761367694751698
0 0.015705586429710303 0.5329721870937867 0.031411172859420605 0.03505683847375849
0 0.3692938101323242 0.5173291907439393 0.0400509151526907 0.03190456493480802
5 0.19584085042994698 0.6582563794625792 0.04343100666795978 0.03508411201270878
0 0.4670782505797281 0.709150272317839 0.04174096091032524 0.03349433847375849
5 0.7697400913460912 0.4805066696373258 0.04811850666795969 0.035165932629559825
0 0.03188940498157317 0.49109833279171566 0.04811850666795977 0.035165932629559825
5 0.27063304058748683 0.4991774342511176 0.0431759151526907 0.03195911201270896
0 0.5082909899980603 0.06050822077571152 0.029974284547746775 0.06137387662320544
5 0.17665977104264946 0.48110749837514694 0.04512105242559432 0.03667388555165925
0 0.22310433634512136 0.49678309131313225 0.040178460910325245 0.0334670649348082
0 0.4057877433320402 0.0415070304355139 0.028411784547746954 0.0613466030842551
0 0.40878545545031353 0.11979567166921594 0.031791876063016034 0.06452615016215577
5 0.08598594211439389 0.18300914326229695 0.033354376063015945 0.0645534237011061
0 0.34630181771836793 0.24310075811437953 0.02426641848667064 0.04879205600635448
0 0.11215176345660575 0.7538086128234877 0.02777405575957421 0.053534103084255234
0 0.4233100831803194 0.047289426133442815 0.026849284547746776 0.061319329545304765
0 0.4442762874226848 0.0492201189092724 0.026721738790112325 0.05975682954530477
0 0.5403222399980603 0.06106732832419348 0.026849284547746776 0.061319329545304765
0 0.47254480863451215 0.0575371793798537 0.025828918486670637 0.04881932954530477
0 0.5239797628768776 0.059999706165214904 0.028411784547746954 0.0613466030842551
0 0.010093702031744632 0.7512409460222405 0.020187404063489265 0.042487508928453724
0 0.4898120569675221 0.0664445750777826 0.02413887272903601 0.04722955600635444
0 0.10660287830973406 0.6300983774339843 0.04655600666795978 0.035138659090609536
0 0.548549972869119 0.26697245494739896 0.03360946757828494 0.0676784237011061
0 0.2842010751352337 0.4383899387153445 0.036798369395056166 0.03028751785690744
0 0.005222806653412281 0.7376596870937867 0.010445613306824562 0.06455342370110628
0 0.4578286043921467 0.05571558075982545 0.02621155575957417 0.053506829545304765
0 0.02815991648132491 0.9009915300317722 0.04767196757828503 0.06792388555165943
0 0.4292892740867652 0.11780647767557037 0.031791876063016034 0.06452615016215582
3 0.9053893884808517 0.12220502028594889 0.09515274545807202 0.09527731818121903