0 0.010221799868159414 0.7559051610941667 0.02044359973631883 0.04618532218833345
0 0.341027550249409 0.796645795971528 0.04302395459715278 0.03691942496187508
0 0.7528840381846525 0.26296896551816035 0.0348854526972918 0.08982621941479171
0 0.7764520908056944 0.08998606040791732 0.036266114741388834 0.08205008700597224
0 0.12205999791270769 0.7673173994106598 0.04465918977951393 0.040080792553055564
0 0.055617380321527146 0.7673342767854863 0.044622822188333355 0.03851829255305574
0 0.4164470839687494 0.7131988227570142 0.04778418977951393 0.040153527735416715
0 0.7229244344611804 0.2403847974901395 0.04139002583555573 0.10090918977951394
0 0.9298711914919437 0.8533433116421882 0.033830792553055745 0.044513719414791805
0 0.9562369357923606 0.6944956417143063 0.02754442496187508 0.04280574905006951
5 0.4994615653513884 0.6056967537028128 0.05795927678548622 0.07474673328249999
5 0.26534048527927034 0.6229160488213197 0.06526263050895835 0.05305357123840295
0 0.28675958396874945 0.710180312689028 0.04149782218833344 0.03844555737069442
0 0.27878212338767294 0.7842535923243059 0.04309668977951393 0.04004442496187508
0 0.18843183995267307 0.6695897206490626 0.05105466014423614 0.046476262917777865
0 0.17963610857003406 0.7788192502843405 0.055705792553055564 0.04502286569131932
0 0.15079998091086727 0.9094691850298613 0.055705792553055564 0.04502286569131968
0 0.016724413375277393 0.9303239328456598 0.033448826750554786 0.03564786569131968
0 0.5132999809108674 0.9179064661837504 0.057195557370694414 0.04193423328249999