0 0.5155857132982635 0.5909544574824659 0.03365310919158375 0.039867983403260435
4 0.7321523635105203 0.10258180956170278 0.04745479333702498 0.061127676764564674
0 0.4024381778239198 0.24952212884844588 0.027603368290882457 0.042519386722608396
0 0.6782182302602433 0.20918608445681208 0.027002590992986342 0.03314438672260831
5 0.3776303400701358 0.34263258880648956 0.03072836829088237 0.04275618506293437
0 0.596665732576595 0.6120141639160247 0.02720285009228505 0.03626938672260849
0 0.5320558266519004 0.2726897095570584 0.04302810919158375 0.040578378424238615
0 0.14891026449796946 0.11412446743122087 0.05871366594684391 0.01844326929603186
0 0.6424740900701357 0.3627012481491222 0.02856509099298634 0.03326278589277143
5 0.5524405729512727 0.3833554450349113 0.05270349784053163 0.0459762734452168
0 0.9142642427556279 0.6541363446292816 0.05871366594684382 0.018443269296031774
0 0.5472512276393495 0.3295792495990147 0.030327850092285048 0.03650618506293446
0 0.9172855205149493 0.472235149193385 0.04455103639719482 0.015815176764564676
5 0.02995880783499435 0.1017051325734235 0.0599176156699887 0.025285265146847015
5 0.4724188132336652 0.1865261439952929 0.06732720234403847 0.031535265146847014
5 0.46000514420450234 0.502743139846108 0.03521560919158375 0.03998638257342346
5 0.5271018090716121 0.4725004554078735 0.0366779796419344 0.038542281743586496
0 0.28245394972314475 0.12502884648015944 0.06692668414544123 0.025285265146847015
0 0.12965151989664028 0.21864602406991668 0.055227720542635785 0.03683807178554286
0 0.27909151295680995 0.2755024431608115 0.05755168414544123 0.024574870125868918
0 0.2830058598098925 0.17766859440556698 0.05432655459579187 0.022775571785542813
0 0.39664805521410074 0.20512093341254928 0.048116127390180986 0.0471835759347277
0 0.7285503809431505 0.808063137571023 0.07766392504614253 0.022989059337988137
0 0.7869903439276472 0.6311463626759137 0.06985142504614253 0.022397063487172984
0 0.800638241057585 0.4304243122609952 0.05256379549649317 0.01953217261537965
0 0.9279028454688065 0.4903106429696077 0.06985142504614253 0.022397063487172984