0 0.5645835426580721 0.5323999748259729 0.02838260523343692 0.03341827787978709
4 0.4760307349208562 0.7044660355865171 0.04059417889684287 0.05618609818322895
0 0.5750612271695228 0.846446628309734 0.030036110495108837 0.035108323637421536
0 0.7881693159826597 0.13782157209111792 0.030218121018452494 0.03823332363742162
0 0.6421646981597403 0.7756560251255353 0.030036110495108837 0.03510832363742171
0 0.4534284218513811 0.798837788920497 0.02829159997176518 0.031855777879787085
0 0.82399196586972 0.017523693696794913 0.030127115756780398 0.03504738739358983
0 0.6420832712584489 0.1629645775511297 0.03334312101845249 0.038488415152690705
0 0.6309226322476679 0.6482803242171498 0.033252115756780755 0.036925915152690794
0 0.6501360928557162 0.7322408649738146 0.024893584186749605 0.026913186364518005
0 0.054462173917519695 0.23970048666408045 0.05301858418674958 0.029209010001939716
0 0.49506843223355046 0.6445968280101717 0.024893584186749605 0.026913186364518005
0 0.6318950560946004 0.8184812539137081 0.030036110495108837 0.035108323637421536
0 0.7424172002258789 0.1757678533048849 0.028473610495108836 0.03498077787978708
0 0.5895416851467351 0.9315710563393024 0.02994510523343692 0.033545823637421535
0 0.951764295218321 0.4261512642055118 0.038774073663405774 0.02493609818322895
0 0.5058463085136748 0.6063953263431816 0.030036110495108837 0.035108323637421536
0 0.9544874768165869 0.4461448998114255 0.03059755261671846 0.01804836939505634
5 0.6601327191358406 0.6941031361856418 0.033252115756780755 0.036925915152690794
0 0.6514388005505799 0.5229774352772563 0.036468121018452496 0.03874350666795969
0 0.529708013718877 0.5437997314939327 0.03334312101845249 0.03848841515269079
0 0.9666913452042035 0.41015960238680094 0.010376057878390554 0.017952774545807237