0 0.3546875 0.34609375 0.0328125 0.02578125
0 0.27734375 0.4046875 0.0296875 0.02421875
0 0.1421875 0.3328125 0.0296875 0.025
0 0.60078125 0.36484375 0.03203125 0.025
0 0.16953125 0.4125 0.0359375 0.02890625
0 0.09609375 0.4484375 0.03203125 0.025
0 0.06875 0.4078125 0.03203125 0.02578125
1 0.83125 0.42109375 0.08984375 0.0390625
0 0.59140625 0.403125 0.0265625 0.02265625
0 0.03359375 0.45234375 0.03359375 0.025
0 0.3984375 0.30390625 0.03359375 0.0265625
5 0.6359375 0.32109375 0.0375 0.028125
0 0.82578125 0.3796875 0.034375 0.0265625
0 0.98515625 0.4796875 0.0296875 0.028125
5 0.7234375 0.31953125 0.03828125 0.02890625
0 0.93515625 0.059375 0.01328125 0.05859375
0 0.90234375 0.21484375 0.0171875 0.05078125
0 0.8265625 0.053125 0.02265625 0.0484375
5 0.89296875 0.2953125 0.028125 0.071875
0 0.621875 0.87890625 0.0140625 0.05078125
0 0.88359375 0.2 0.0140625 0.046875
0 0.640625 0.8796875 0.01328125 0.05703125
0 0.64296875 0.9484375 0.01484375 0.06484375
0 0.5421875 0.95078125 0.01328125 0.05859375
0 0.559375 0.9515625 0.01328125 0.05625
0 0.46640625 0.7578125 0.015625 0.0625
0 0.59375 0.94609375 0.01328125 0.05390625
0 0.6078125 0.9453125 0.01328125 0.05390625
0 0.67265625 0.74921875 0.0109375 0.0453125
0 0.62578125 0.9484375 0.01484375 0.06484375
0 0.66328125 0.95 0.01328125 0.05390625
0 0.575 0.94609375 0.01171875 0.053125
0 0.5265625 0.94921875 0.0140625 0.05859375
3 0.15234375 0.94765625 0.07109375 0.0859375
0 0.78203125 0.20859375 0.0140625 0.04765625
0 0.81953125 0.32734375 0.03828125 0.03515625
0 0.9125 0.10390625 0.01953125 0.06484375
0 0.93359375 0.19375 0.01875 0.065625
5 0.9125 0.025 0.0125 0.05