5 0.46717010622831445 0.43046875 0.05395391848667046 0.0484375
3 0.6434597341274982 0.97265625 0.04939396424430509 0.05
0 0.8223344200329745 0.8765625 0.03781873545613266 0.0421875
0 0.5498067472942398 0.571875 0.04056109818322895 0.0375
0 0.786604085185665 0.9078125 0.032365960910325245 0.0328125
0 0.500843088809509 0.575 0.03549096091032524 0.0328125
5 0.3546849212409223 0.765625 0.0906886439408634 0.0390625
0 0.8333195885196449 0.925 0.03093100666795969 0.034375
0 0.6028201769907982 0.5609375 0.04030600666795969 0.034375
0 0.5665148547305023 0.89140625 0.0563136439408634 0.0390625
3 0.12316411214736822 0.6953125 0.1113518303053814 0.0625
5 0.7311514395778117 0.86015625 0.04445137272903601 0.046875
5 0.7889317307935184 0.95546875 0.03781873545613248 0.0421875
5 0.5677264104900767 0.94453125 0.05044628121376711 0.04375
0 0.14078230472080408 0.63359375 0.060235869395056166 0.0296875
0 0.4299241662399525 0.73984375 0.08185577787978708 0.0265625
0 0.5070295738065995 0.49765625 0.04575878121376711 0.04375
0 0.4724463771502777 0.77265625 0.059725686364518006 0.0234375
5 0.23427682639167333 0.7453125 0.0875636439408634 0.0390625
0 0.1520237251643287 0.340625 0.05682382697140156 0.0453125
0 0.20592984622637484 0.37890625 0.05331618969849794 0.040625
5 0.9558351539428032 0.090625 0.042506235456132656 0.0421875
0 0.8356018865239975 0.23515625 0.06843100666796005 0.034375
5 0.13418200517014772 0.4953125 0.055261326971401556 0.0453125
0 0.14518250442124167 0.72578125 0.0572384151526907 0.03125
0 0.24679267290791226 0.77421875 0.05216827787978708 0.0265625
5 0.34706361093942023 0.80625 0.0781886439408634 0.0390625
0 0.46861961760737997 0.840625 0.0723212812137671 0.04375
0 0.8611737794260907 0.8546875 0.048883781213766755 0.04375