0 0.23867790905034791 0.4461748629141832 0.03277800790866543 0.03932010523343692
3 0.9018357781374394 0.31486582281635983 0.12292284684397004 0.07106990514873246
3 0.32479182258650124 0.46606940493697085 0.05519151878308035 0.09206567363517096
0 0.22058053057171634 0.6596913313441523 0.02777217292769336 0.031234589448421345
0 0.2720395542977125 0.5499214891943076 0.03290534190105419 0.04244510523343692
0 0.2876711659704302 0.41613802339517464 0.031342841901054186 0.04235409997176518
0 0.6418944564651593 0.6403762441030436 0.03590300790866543 0.039502115756780753
0 0.4988871916735927 0.3062757179358587 0.06807883794672147 0.02578822625188959
0 0.22978572870828068 0.5106545918674958 0.03446784190105419 0.04253611049510884
0 0.9568694935370283 0.4825230306523979 0.05152800790866543 0.040412168373499216
0 0.9013079016359742 0.5200083491247192 0.05315417490485963 0.042065673635170955
0 0.7126990463890471 0.613175978247441 0.03902800790866543 0.03968412628012423
3 0.43748943524780204 0.33324076536149255 0.11871550790866543 0.04432539462538863
0 0.4806358932701982 0.13919463374910915 0.037656508897248565 0.044280621018452496
0 0.5801729782511702 0.13716096786527157 0.03603034190105418 0.042627115756780666
0 0.2521475014456937 0.4038886523767221 0.02620967292769345 0.031143584186749607
0 0.27997407110362643 0.4705070049793232 0.03446784190105419 0.04253611049510884
0 0.08419729197760387 0.2014630604386391 0.0649538379467215 0.025606215728545757
0 0.09651297228249008 0.5334333972562246 0.032778007908665384 0.03932010523343692
5 0.3115331358186434 0.5608358733669399 0.03453150889724856 0.04409861049510884
0 0.3047154500393686 0.6512788628435962 0.03290534190105419 0.04244510523343692
0 0.1830658734985347 0.21583564455480148 0.0712675049429159 0.027532736775233248
0 0.22197854589475555 0.5869440760824803 0.03290534190105419 0.04244510523343692
0 0.2019949456279254 0.27018921558737147 0.06495383794672147 0.025606215728545757
3 0.8552433961615856 0.9394185017837898 0.14380834980971963 0.0863154735504665
0 0.026866317149293766 0.47455965521931953 0.031151840912470995 0.03766659997176518
0 0.7370159554765762 0.6506150650650264 0.04534167490485963 0.041610647326811724
5 0.5578695553234767 0.16561989683270156 0.03590300790866543 0.03950211575678066
0 0.2580287924347144 0.6054889497317688 0.03290534190105419 0.04244510523343692
3 0.13347705038056085 0.16439497091963048 0.10615184091247101 0.04203485253201391
0 0.9702913008748524 0.21078453854490564 0.048212006920082116 0.035542657850155465
0 0.5667590770723065 0.06276791261771714 0.04084517589344294 0.046025131541796216
0 0.0638901091640787 0.27702450256024874 0.06807883794672147 0.02578822625188959
5 0.6778252751716899 0.31591457039728543 0.08089717292769336 0.034328768345264306
0 0.5293917282511702 0.13420329686093643 0.04084517589344294 0.04602513154179624
3 0.6719281022439965 0.3453290546122699 0.11616351087441501 0.05820588410204497
0 0.7060510928524563 0.3919534256307224 0.07203150889724856 0.046282736775233244
0 0.8823881693932902 0.8305818280780317 0.0628475098858317 0.0504242052052021