3 0.9482176819700923 0.19264759112009852 0.099455654678545 0.09036423871722894
3 0.5469364452975926 0.24727788446881624 0.05247156667727211 0.0796253155185485
0 0.4192445132479585 0.616494548892008 0.03486589600572696 0.04318771034569906
0 0.23813142059200346 0.5428848673135505 0.033285214672181596 0.04157974623907634
5 0.5925274719128222 0.6247292830568905 0.0676965773392725 0.0457049565847754
0 0.6815825232734118 0.4214247751393316 0.036392033338636054 0.040108174452321774
0 0.14018317457036805 0.7050559098708453 0.06435340133672711 0.026864028371529968
0 0.7063616105585959 0.775271189166812 0.07232953333863605 0.041153848904643374
0 0.3848251545990031 0.48707147334432965 0.030051126670908878 0.03211381802583091
0 0.7427467426002758 0.4672851929277358 0.03951703333863606 0.04019910266556703
0 0.5125358153246367 0.049127540974449255 0.034865896005727134 0.04318771034569898
0 0.13155579861554784 0.37260712272382673 0.03326703333863614 0.04001724623907634
0 0.6982133032304592 0.7372399917532368 0.08482953333863605 0.041517561757624756
0 0.26925743531191004 0.14992447750096483 0.03486589600572696 0.043187710345698974
0 0.7774580972708665 0.4373787325820368 0.04264203333863605 0.04029003087881229
0 0.9716535399427298 0.3934599333608243 0.047202264003817974 0.02948892319868044
0 0.049142740611093465 0.4078064883215175 0.033230670671545226 0.036892246239076346
0 0.5916002239020045 0.7044167830568904 0.06438976400381798 0.029989028371529967
0 0.9572194172899564 0.29157082442705107 0.04414998933799978 0.03564799498543501
0 0.9127881646244564 0.28427280146579753 0.04891021467218124 0.04203438730530316
0 0.9454070239099586 0.6355481449601645 0.05828521467218124 0.0423071719450391
0 0.87796334321296 0.8608724053850058 0.06606135200509086 0.03940949247815269
0 0.12472125922982295 0.7586128188837608 0.06591590133672712 0.026909492478152684
0 0.4801040286441829 0.15159932310690288 0.036428396005727136 0.043233174452321686
0 0.6161729625636866 0.7404081073509275 0.08006930800445425 0.03513116943775678
1 0.030521104630819827 0.5552725217076123 0.061042209261639654 0.058204956584775404
0 0.8034815112190052 0.8185234325028944 0.0644988520050905 0.03936402837152997
0 0.029829666613638804 0.797369093494367 0.05965933322727761 0.036239028371529966
0 0.7762655778962775 0.7412167864221028 0.08017839600572696 0.04450616943775678
3 0.23689782662318382 0.3133110275801071 0.044549978675999566 0.0700229949854351
5 0.8760195825509598 0.8265656015449399 0.06918635200509086 0.03950042069139812
3 0.05299499395291126 0.7170905601082721 0.10598998790582252 0.05331887978345584
0 0.05131157857259524 0.6912411139483381 0.084702264003818 0.030580061757624753
5 0.7867485445576413 0.7799610376757439 0.08333975867281787 0.047722097651002215
0 0.04675989123173195 0.7468235242148948 0.06435340133672712 0.026864028371529968
0 0.9416291379296851 0.4903947693333439 0.0504727146721816 0.04207985141192587
0 0.8965620859325485 0.47061947842540164 0.0520352146721816 0.04212531551854859