3 0.6152228172017798 0.5349975440801782 0.09095894789030404 0.10881247334499947
3 0.6107964904849781 0.6411384560789054 0.06214043507002263 0.06006589067472703
0 0.516061995033092 0.8703799660645879 0.04705909057054072 0.038027258672817865
0 0.5041547305601807 0.48060894139876975 0.03768409057054054 0.03791817067154533
0 0.5832942669541108 0.43624187074313286 0.036194365177646404 0.039462489337999784
0 0.04013484842842343 0.006713624005408843 0.030269696856846863 0.01284544533736345
5 0.5413165903611435 0.5911379087364514 0.04571491439185813 0.042696577339272325
5 0.30507279776646967 0.06211183804104357 0.0346318651776464 0.03944430800445433
0 0.26181510339082215 0.0889374200349984 0.03477741439185813 0.042569308004454354
0 0.6362545628585536 0.7015583354153143 0.04386131596343468 0.036428396005727136
3 0.9597410270883053 0.12364515746335765 0.08051794582338942 0.06035679201145401
0 0.3052397717116217 0.1159908160407254 0.034922963606069855 0.04569430800445433
0 0.9317445754739474 0.35674801145763063 0.06544521753501123 0.03043293467536321
0 0.8215133968140655 0.3203281587762222 0.07162244292790554 0.02894316000954502
0 0.5334933200972639 0.42316915873645133 0.03939213978475244 0.04106135200509069
5 0.7940583308506308 0.28409066677272243 0.07801799214211727 0.03214088534372674
0 0.5160768418088857 0.5354055294000425 0.03434076674922295 0.03319430800445424
0 0.4799873304363461 0.4311356527291335 0.03626713978475227 0.041024989337999786
0 0.6879517260120667 0.2524037674251776 0.06515411910658778 0.0241829346753633
0 0.8940240975998538 0.3180485907860854 0.07489299214211727 0.032104522676635924
3 0.18691995719592908 0.02325732869190793 0.05821491439185813 0.042842028007636014
5 0.5585896734880861 0.5093521067393147 0.04913101282028158 0.048982940006363405
0 0.9679539032242065 0.3462377727959486 0.06068494292790518 0.02881589067472685
0 0.9498010626536658 0.30854686879372145 0.06849744292790519 0.028906797342454115
0 0.8529133699306481 0.675969631444904 0.048548815963435035 0.03648294000636341
0 0.19217923117935318 0.7229391553548628 0.06551799214211718 0.031995434675363296
5 0.3536580010334573 0.0993760280474069 0.03485018899896399 0.044131808004454334
5 0.7099380419755014 0.2885776247612684 0.09684076674922296 0.03392156134627218
5 0.05276147435492764 0.8478107913351363 0.028381865177646425 0.03937158267027243
0 0.8957579954473769 0.7240985961170855 0.061631012820281585 0.04912839067472685
5 0.9371363585581086 0.5730997174569943 0.06468323821317554 0.04760225334181776
5 0.5832301085581086 0.5689816454089511 0.04415241439185813 0.042678396005727134