5 0.70625 0.77578125 0.0328125 0.084375
0 0.13359375 0.48671875 0.028125 0.03515625
0 0.56328125 0.4609375 0.0390625 0.0375
5 0.709375 0.875 0.03046875 0.075
0 0.98828125 0.3328125 0.02265625 0.03046875
0 0.56015625 0.51796875 0.0390625 0.03828125
0 0.509375 0.578125 0.0421875 0.03828125
5 0.91796875 0.33359375 0.04140625 0.03125
0 0.98359375 0.025 0.03046875 0.02734375
0 0.50234375 0.48203125 0.0375 0.0359375
0 0.57578125 0.55390625 0.03984375 0.03671875
5 0.86796875 0.24375 0.03359375 0.02421875
0 0.7703125 0.775 0.0265625 0.06171875
0 0.3421875 0.3546875 0.03828125 0.04140625
0 0.353125 0.81953125 0.03515625 0.04375
0 0.73984375 0.7625 0.02578125 0.0703125
5 0.77578125 0.35546875 0.0359375 0.06015625
0 0.9109375 0.24609375 0.03671875 0.03046875
5 0.7328125 0.6546875 0.02109375 0.071875
0 0.26640625 0.17421875 0.0296875 0.0625
0 0.30703125 0.8625 0.03828125 0.05
0 0.653125 0.83359375 0.0265625 0.08125
0 0.50390625 0.534375 0.04140625 0.03984375
3 0.653125 0.49765625 0.025 0.1171875
0 0.671875 0.9125 0.02734375 0.06484375
5 0.865625 0.2890625 0.0421875 0.0296875
0 0.5109375 0.23203125 0.02890625 0.04453125
5 0.76484375 0.66875 0.0234375 0.08046875
0 0.6046875 0.97265625 0.02578125 0.0546875
5 0.13671875 0.02109375 0.0359375 0.0421875
5 0.46015625 0.909375 0.0421875 0.06328125
5 0.68359375 0.9640625 0.0359375 0.0671875
0 0.96171875 0.171875 0.0421875 0.04375
0 0.684375 0.3453125 0.01796875 0.078125
0 0.59921875 0.0609375 0.0265625 0.0828125