3 0.7458551591459295 0.8941119991973917 0.06142088479802066 0.07238592068857272
5 0.7730688093168493 0.3343550532810758 0.057477530878812466 0.044151793283910834
0 0.29229721628470073 0.6297668232361596 0.03863660266556703 0.04037202885594056
0 0.6183381937191585 0.42170626425833424 0.04488660266556703 0.04059028366526398
0 0.1703814491959419 0.7963591009109738 0.0483753155185485 0.05319941106992569
0 0.7629256165221276 0.5220187443880684 0.03315949247815268 0.06671627404661713
5 0.6215363677092618 0.07038930091882309 0.0383016335443795 0.0825049651536097
0 0.19050166488541023 0.1853397553574776 0.042579956584775314 0.06860615626060226
0 0.7610017521780781 0.6149602125369029 0.03793792069139794 0.0700049651536098
3 0.590050686988734 0.06159470395253238 0.0556088054894186 0.12318940790506476
5 0.5498719678675463 0.021946888752589083 0.037756064264907255 0.043893777505178165
0 0.7316432096207832 0.7119815454765275 0.03950042069139794 0.07005952885594055
0 0.6644248981923628 0.17893592170006284 0.042670884798020656 0.07173115626060227
0 0.7296979278840409 0.5910787684346855 0.03811977711788863 0.07625496515360979
0 0.38959445044958313 0.7996304007334887 0.046767351411925784 0.05158234736759475
0 0.6020027692003299 0.001433492110633676 0.02724446159934022 0.002866984221267352
0 0.6124866619824163 0.3009398964723194 0.04860263605166182 0.06101191106992569
0 0.349054366984346 0.85177574329176 0.053381064264907255 0.06430060217691817
5 0.5079747259181191 0.8618352456540126 0.05181856426490725 0.0642460384745874
0 0.5606299599499875 0.09827125345856105 0.03338681301126591 0.07452877404661713