3 0.18997222976207034 0.7591487827847038 0.13788285956550989 0.12732609016268803
3 0.46493568747312947 0.5974174390077787 0.12086577792830404 0.10067268657189174
0 0.8180052922889409 0.16809004995311777 0.048922178878243724 0.03933521077238851
0 0.49722696630594465 0.4733486799325923 0.04596095318850324 0.042442030054229286
0 0.8437810617379604 0.511313330007347 0.04694359905006031 0.06119203005422928
0 0.5559601571699762 0.545587294295777 0.04596095318850324 0.042442030054229286
0 0.9401038630720129 0.4329434111930445 0.049004066033373664 0.040897710772388504
0 0.4434092475136092 0.5011691529034251 0.03962906603337366 0.04084316861791084
0 0.3050383870435881 0.651191357920277 0.04620661465389251 0.047129530054229464
5 0.3930883429456249 0.5368248517719569 0.05270227611928178 0.051853391490547726
0 0.7433152357549642 0.8178537006170478 0.04611808344622794 0.07524543969514959
0 0.6948224248099732 0.937920760921898 0.04036605042954129 0.054905668617910665
0 0.8125874519453078 0.21182186923495855 0.05369156603337331 0.04092498184962743
0 0.7225357462704137 0.7520878000513136 0.04282930913596861 0.07210225897699055
5 0.7525032072608331 0.7170951765147467 0.04628185775648763 0.07837043969514959
0 0.7105127018337662 0.8622076886149952 0.04077548620519007 0.06271816861791066
0 0.5385037415207153 0.44623673408912257 0.04924972749876275 0.04558521077238851
5 0.8638600248760863 0.2027423059050461 0.04579717887824373 0.039317030054229284
0 0.557840239711693 0.4948014991162372 0.04924972749876275 0.04558521077238851
0 0.6526437273872212 0.6094503272768726 0.033208647670579336 0.0673602168225127
3 0.9333736697215904 0.8595968147838405 0.049563988014212156 0.11119203005422947
0 0.3766699683421096 0.850106101771957 0.04480788896415202 0.05024543969514959
5 0.4785721415661438 0.531070276341796 0.04448034034363317 0.04399543969514959
0 0.1864819753510562 0.22927947560311143 0.04579053482570909 0.06899543969514968
0 0.5997079144060653 0.3520327370159888 0.03649742198083885 0.070503397540672
0 0.7314902651536064 0.8943707488216497 0.03913109905006031 0.061146578258831144
5 0.8368980551792398 0.254945155339312 0.05204717887824373 0.03935339149054773
3 0.3600877351891373 0.614781680128984 0.0707905348257091 0.06914088544042354
0 0.4018303363869042 0.28054758069471813 0.04669793758467104 0.056504530054229285
5 0.42644307553277033 0.5714043848512483 0.050976001809022266 0.04871930113146803
0 0.7600877351891373 0.6171088120533662 0.04364818068726617 0.08772725897699055
5 0.035510374830657866 0.11274089451560987 0.047932888964152064 0.050263620413308896
5 0.7244025407070612 0.6419088241536146 0.05178822930778502 0.09402271077238851
0 0.3441164179125683 0.9046208849494441 0.05820864767057934 0.06750566256778683
5 0.49679103855935464 0.9141054901392469 0.056646147670579336 0.0674965722087073
0 0.9024378459978426 0.2420411552411162 0.04908595318850324 0.042460210772388506