0 0.59921875 0.03203125 0.0375 0.03203125
0 0.6390625 0.09921875 0.034375 0.03046875
0 0.7296875 0.4859375 0.0390625 0.02890625
0 0.81796875 0.59765625 0.040625 0.028125
0 0.61171875 0.17421875 0.0359375 0.03203125
0 0.409375 0.08125 0.01484375 0.06328125
0 0.5140625 0.28671875 0.03515625 0.028125
0 0.60625 0.13984375 0.03515625 0.03203125
0 0.5125 0.24921875 0.034375 0.02734375
0 0.7140625 0.6078125 0.04140625 0.02890625
0 0.3765625 0.05546875 0.0140625 0.0625
0 0.6703125 0.49296875 0.03828125 0.02734375
0 0.64765625 0.1296875 0.0328125 0.028125
0 0.57578125 0.50546875 0.03515625 0.02734375
0 0.640625 0.06015625 0.04453125 0.0359375
0 0.91796875 0.45859375 0.03984375 0.02734375
0 0.3578125 0.24453125 0.015625 0.06484375
0 0.51171875 0.18046875 0.0265625 0.02421875
0 0.55390625 0.3546875 0.015625 0.0640625
0 0.7671875 0.60390625 0.03359375 0.0265625
0 0.63046875 0.61640625 0.0328125 0.025
0 0.8859375 0.58203125 0.0359375 0.0265625
0 0.3890625 0.46953125 0.01640625 0.06484375
0 0.3390625 0.45078125 0.01484375 0.0671875
0 0.78515625 0.48046875 0.03984375 0.02890625
0 0.6171875 0.5015625 0.03671875 0.0296875
0 0.36640625 0.46484375 0.01328125 0.05546875
0 0.51328125 0.215625 0.034375 0.0265625
3 0.26796875 0.18671875 0.028125 0.11875
0 0.59921875 0.34921875 0.01640625 0.053125
0 0.65078125 0.975 0.0140625 0.05
0 0.41171875 0.1671875 0.0140625 0.06796875
0 0.60078125 0.00703125 0.0328125 0.01328125
0 0.696875 0.98046875 0.0140625 0.0390625
0 0.98125 0.571875 0.03515625 0.03359375
0 0.925 0.578125 0.03359375 0.02578125
0 0.5734375 0.34921875 0.01484375 0.05546875
0 0.25703125 0.01875 0.01796875 0.0375
5 0.41171875 0.26328125 0.015625 0.06953125
5 0.3015625 0.92421875 0.01796875 0.08515625
5 0.4359375 0.84140625 0.01640625 0.06953125
5 0.2015625 0.7234375 0.0390625 0.06171875
5 0.178125 0.57421875 0.03984375 0.03359375
5 0.23984375 0.784375 0.04140625 0.06875
0 0.59921875 0.1015625 0.03515625 0.034375
0 0.63828125 0.0234375 0.034375 0.03359375
0 0.61953125 0.34296875 0.01640625 0.06796875
0 0.63828125 0.346875 0.01875 0.0703125
0 0.659375 0.3453125 0.0203125 0.0734375
0 0.8703125 0.46484375 0.0453125 0.03671875
0 0.58515625 0.61953125 0.03671875 0.03359375
0 0.53828125 0.6265625 0.040625 0.03671875
0 0.45625 0.46640625 0.03515625 0.04765625
0 0.59140625 0.86015625 0.01796875 0.0734375
0 0.671875 0.97421875 0.0171875 0.05078125