3 0.8312747926509386 0.0384901555444267 0.07495041469812272 0.0769803110888534
3 0.9395063447508882 0.7027347918952168 0.06882441106992587 0.05157320767745475
0 0.43946170473235463 0.7166590781888029 0.036974210344286364 0.032200494804219916
5 0.2527429878494644 0.48422290864651985 0.03359623920022683 0.06937271287323465
0 0.6446129962021668 0.6890646838691156 0.038536710344286365 0.03230975544788173
0 0.6038441524627691 0.6513897212479824 0.03691964664195542 0.030637994804219915
0 0.20092748358829518 0.6959305869908793 0.040208337748947984 0.03554401609154336
5 0.6523510851322412 0.7352841200071453 0.043333337748947896 0.03576253737886681
5 0.32023055509517434 0.7164237674289258 0.040099210344286276 0.03241901609154354
0 0.5699553136175128 0.28279254055783454 0.0370833377489479 0.03532549480421991
0 0.27763631652791976 0.6640689457732851 0.03870040145127884 0.036997255447881724
5 0.5585118050951744 0.6997615192705111 0.045004965153609786 0.038996798022528624
0 0.09204853530972648 0.5554691139781859 0.04042659255827141 0.04179401609154354
0 0.07275538748664472 0.5053816326676193 0.04667659255827139 0.04223105866619044
0 0.2219443333181427 0.8082449166922915 0.019424611795565115 0.06526436708027923
0 0.383204270248784 0.6761704720042871 0.04015377404661713 0.03398151609154336
0 0.5490772629923899 0.8360268012014963 0.03859127404661713 0.03387225544788173
5 0.7839210328626557 0.6723092365832212 0.04640377404661713 0.03441855866619044
0 0.5025990778758471 0.9172110992240249 0.03384921034428636 0.03198197351689629
5 0.11390866634258526 0.4650954862542451 0.04511409255827141 0.04212179802252862
0 0.27984617958942914 0.3552948793134247 0.02249504809323426 0.0639203883676025
0 0.6356820396557137 0.0077807409458221285 0.022385920688572546 0.015561481891644257
0 0.5663888587155222 0.18406546345431235 0.03735615626060209 0.04313799480421991
0 0.735297604539171 0.05613221554799934 0.03751984736759475 0.047825494804219916
0 0.5340748665200705 0.21671942632754707 0.03562996515360979 0.038341234160558194
0 0.7345362019067657 0.016557666314139206 0.031160719962933216 0.03311533262827841
0 0.16601922633190103 0.8698269088986214 0.019479175497895927 0.06682686708027923
0 0.87560010137431 0.6581049889290098 0.03379464664195524 0.030419473516896466
0 0.5473164549019907 0.060704373109238395 0.03757441106992569 0.04938799480421992
0 0.5377703293114274 0.026284722508490253 0.03801092068857255 0.05256944501698051
0 0.22464769266663706 0.9093703741176447 0.023149812521204537 0.0826703883676025
3 0.19280741562479506 0.9061414673127102 0.03983137023308556 0.1586537341605581
0 0.7751115172535592 0.6121365610888534 0.04015377404661713 0.03398151609154336
0 0.1938566382044349 0.050350289220452246 0.0368303666048885 0.07271623416055817
5 0.4621303676163788 0.6254495701430313 0.040044646641955416 0.030856516091543364
3 0.5098808429367896 0.7756409582585323 0.09086310217691818 0.05779035668871888