0 0.46796612067876264 0.4017033820359064 0.04180706677218957 0.04299113680346807
5 0.43292822796318325 0.5605092346385074 0.05935827962517113 0.05649219468185827
0 0.06092651049134827 0.398893255332259 0.05559678213245363 0.034435184158514695
0 0.5876531126946969 0.016503659483215697 0.032295674452321774 0.033007318966431394
0 0.633155829308602 0.03175636113039335 0.03716503087881229 0.04428062101845254
0 0.41512095084529455 0.6364192872552259 0.048238923198680436 0.04960515785015538
5 0.17254362358175657 0.2886621396460655 0.08426735141192579 0.05482327886860805
0 0.41999162193240397 0.4154165425168978 0.03693771034569906 0.036468121018452496
0 0.6275339666139053 0.0013035937123175828 0.032295674452321774 0.0026071874246351655
0 0.8985043814993154 0.1598079534919994 0.06644335391920819 0.03194722099021767
0 0.49488604104095624 0.9507632373399307 0.05421613855894449 0.04059417889684269
0 0.6820790626155546 0.03904594538773011 0.040426423198680436 0.04915013154179622
5 0.7169194123781277 0.12826806910760574 0.07751724623907634 0.037271757821920604
0 0.8262716803248165 0.1226789507905763 0.07108538981258547 0.030657736775233202
3 0.4765157212327587 0.18828562414339864 0.12020485141192587 0.05691639988706054
0 0.5219405668386967 0.3962199505082276 0.03859113855894432 0.03968412628012432
3 0.015096151095356669 0.17868644212160967 0.030192302190713338 0.07387711575678066
0 0.4491502730277606 0.48547143728346087 0.048238923198680436 0.04960515785015538
0 0.6689174845605939 0.0021646555722553947 0.04029003087881229 0.004329311144510789
0 0.1958337417532368 0.6944270212584489 0.05122753087881238 0.04509966837349921
3 0.8183251365138803 0.20815371920642778 0.120022994985435 0.050666399887060544
5 0.8517260405787379 0.6148895666179441 0.07154003087881264 0.046282736775233244
0 0.16393287239462234 0.74542037386105 0.07332985141192579 0.05418624203690499
5 0.09068089199066363 0.6093001343138065 0.05770485141192581 0.053276189420186526
5 0.7987173301665319 0.1851180376081618 0.06965928213245362 0.03525423151356133
0 0.9017370300873896 0.2095349377069838 0.08385817445232177 0.04076077886860805
3 0.7994400588546309 0.02484402139962324 0.14486988229073816 0.04968804279924648