3 0.342596628416152 0.7394122518989166 0.16642858656782158 0.11817462504240908
5 0.15653758812746613 0.8259970487262065 0.030997028855940557 0.038536710344286365
5 0.7105008910300238 0.7765080356489985 0.08913691106992569 0.04993056733052796
5 0.4138789284083028 0.31090779518282735 0.0594494110699257 0.04889385698624169
5 0.2055380833181427 0.8339658053496283 0.03595734736759484 0.04651290145127902
0 0.4321378219702153 0.5720189099736173 0.04376984736759475 0.046785719962933216
5 0.23317944448073558 0.8935962656939147 0.03751984736759475 0.04656746515360979
3 0.2902082052805088 0.9628571863824871 0.04404266587924912 0.05459821996293286
0 0.2175519552805088 0.9603199742241024 0.03535714664195542 0.029325401451279022
5 0.8058853128997227 0.8001762033423461 0.08121528366526398 0.04653274881887341
5 0.21331838930074323 0.4767708642426358 0.06246528366526398 0.04587798439090331
0 0.14884165001569843 0.867185043916883 0.03735615626060227 0.04187996515360979
0 0.04039675527265958 0.523139888837407 0.06687996515360968 0.03822917549789597
0 0.8766666158870983 0.40841777847742244 0.05950397477225664 0.0504563569862416
0 0.46694189710529155 0.5161334977225653 0.04371528366526398 0.045223219962933214
0 0.5252057756910796 0.5948239821134687 0.04700397477225664 0.05001984736759475
0 0.13391608757931195 0.6226165883819201 0.06811508293962457 0.028908739200226918
0 0.48816956716089194 0.5802332032575281 0.046949411069925694 0.04845734736759475
0 0.5165326693378102 0.5295982861971528 0.04856647477225664 0.050074411069925516
0 0.5888541026402544 0.4969246846532066 0.04700397477225664 0.05001984736759475
5 0.5868996999230311 0.776885003164861 0.07932540145127884 0.03710318511654265
0 0.6914408669834067 0.8071305530721936 0.07312996515360978 0.038447430307219574
0 0.827055996286985 0.4403200537051658 0.05152778366526363 0.04549603847458741
0 0.009699859896648542 0.6225843281303012 0.019399719793297084 0.02954365626060227
0 0.4793575623515685 0.5861831028947084 0.046949411069925694 0.04845734736759475
0 0.2045609150766409 0.7275521142426358 0.06871528366526398 0.04609623920022674
0 0.21439977278067274 0.22181054573098152 0.06855159255827141 0.04140873920022683
0 0.3114682018219478 0.398849250084818 0.05794147477225655 0.05040179328391083
0 0.5334721434770945 0.6044990824762884 0.04856647477225664 0.050074411069925696
5 0.5896328303229178 0.8106151624206881 0.08255952885594056 0.04033731252120454
2 0.35382676117829137 0.9302480391075596 0.08621529691210786 0.1395039217848808
0 0.015014842473453383 0.5868105192372937 0.030029684946906766 0.029871038474587407
5 0.09630951560909662 0.06437501324684392 0.048511911069925695 0.048511911069925674
5 0.8954835593563436 0.5639510158635506 0.06580853847458741 0.052237111795565026
5 0.058851567076073884 0.8906374128840241 0.061121038474587386 0.05207342068857272
5 0.7074006836809624 0.8428870037978331 0.07491071996293304 0.04475199400955034
5 0.8992360088160387 0.7924852436310321 0.07830853847458741 0.05267362141421188