3 0.2140625 0.675 0.109375 0.103125
3 0.475 0.59375 0.1046875 0.08359375
0 0.77578125 0.2828125 0.015625 0.06953125
0 0.7015625 0.12109375 0.0171875 0.07109375
0 0.52265625 0.48125 0.0359375 0.034375
0 0.31328125 0.61015625 0.03359375 0.03828125
0 0.46953125 0.49296875 0.03046875 0.03203125
0 0.25 0.596875 0.0359375 0.04140625
0 0.571875 0.559375 0.03828125 0.034375
0 0.98203125 0.01484375 0.0359375 0.0296875
5 0.93046875 0.28359375 0.0375 0.03046875
0 0.88828125 0.2390625 0.040625 0.03046875
5 0.41328125 0.51875 0.04296875 0.0421875
0 0.70390625 0.025 0.01640625 0.05
0 0.5828125 0.51015625 0.0375 0.03515625
3 0.91328125 0.9515625 0.05390625 0.096875
0 0.56875 0.45859375 0.0390625 0.034375
0 0.25625 0.1765625 0.03046875 0.0625
5 0.49453125 0.53671875 0.0453125 0.04609375
0 0.87578125 0.28203125 0.04453125 0.0328125
5 0.89453125 0.33046875 0.0421875 0.03125
3 0.36640625 0.58828125 0.05546875 0.05625
0 0.34921875 0.83046875 0.03671875 0.04453125
0 0.4734375 0.2703125 0.040625 0.05390625
0 0.96015625 0.32578125 0.0390625 0.02890625
5 0.1234375 0.021875 0.0421875 0.04140625
5 0.44140625 0.55859375 0.04765625 0.040625
0 0.30625 0.86640625 0.03671875 0.05078125
5 0.4515625 0.90859375 0.0359375 0.0484375
0 0.34609375 0.54609375 0.04140625 0.04453125