0 0.5947717089087059 0.8874504809323422 0.024419646641955416 0.028943455534962935
0 0.5938887659876148 0.9351340127835076 0.024474210344286363 0.030505955534962936
0 0.5336730070019401 0.8227406509879426 0.02609127404661713 0.0321230192372937
0 0.5268203170760739 0.9069792417321156 0.022748019237293703 0.02576389183263217
0 0.299816395291193 0.5533184952754946 0.053725200725639424 0.019042665879248945
0 0.5586308230665237 0.9816171431833943 0.02765377404661713 0.03217758293962447
5 0.5671105003785181 0.873187084290387 0.023129965153609787 0.03670139183263217
0 0.5721452299600982 0.8186087116950486 0.02280258293962447 0.02732639183263217
0 0.29063980273292167 0.5921081767638403 0.05517857332097771 0.015972229581580066
0 0.5624304348620888 0.9176092068857253 0.01951389183263199 0.022529764427970278
0 0.5277032599971649 0.8592957098809502 0.027599210344286362 0.03061508293962447
0 0.6073287618112635 0.819055144997493 0.022693455534962936 0.024201391832632167
0 0.5189606878573136 0.9528547369227922 0.02296627404661713 0.03201389183263217
0 0.13943196679807218 0.5766592476377472 0.05997520072563942 0.019260920688572547
0 0.25942700826788445 0.5675521208660578 0.053725200725639424 0.01904266587924912
0 0.2735043772350257 0.6572148215916972 0.05528770072563942 0.01909722958157989
0 0.0038491639803325504 0.6380183551721432 0.007698327960665101 0.016661710344286363
0 0.9576437642583343 0.6654614413614466 0.03481150961864685 0.013700401451278843
0 0.9597246194304774 0.6506722550637776 0.033358137023308386 0.016770837748947897
0 0.21507680754224506 0.5832118372007938 0.05517857332097771 0.015972229581580066
0 0.3682514590783419 0.22874757041057087 0.04736607332097771 0.015699411069925694
0 0.5848932227037039 0.987147858252186 0.0261458377489479 0.025704283495628033
0 0.7876438106222879 0.3145735200399019 0.02603671034428636 0.030560519237293703
0 0.6859001951137078 0.7865997982628702 0.025982146641955417 0.028998019237293705
0 0.19382929011904987 0.5644791953681618 0.048983137023308566 0.01731647477225664
0 0.7709845563611187 0.5228398878259168 0.03541171034428636 0.030887901451278843
0 0.49292401063013713 0.7352753673226787 0.0321230192372937 0.02609127404661713
0 0.7964756627992062 0.2632565567003907 0.029107146641955416 0.029107146641955416
0 0.8028273557202972 0.2157639978073833 0.02609127404661713 0.0321230192372937
0 0.811078854539171 0.1362674707655413 0.029161710344286006 0.030669646641955418
0 0.8233184489115409 0.05456360297952645 0.02776290145127902 0.03530258293962456
5 0.816512888204435 0.09265388002136846 0.03255952885594056 0.03859127404661713
5 0.6857762649761244 0.20776547013256913 0.02485615626060227 0.04144345553496285
2 0.10237594401739944 0.36104168212131793 0.04751489546082906 0.10934028366526398
5 0.48020831125526015 0.18103181142489616 0.026309528855940557 0.03837301923729371
0 0.4834573076270631 0.26718756623421963 0.05685020072563951 0.019151793283910833
0 0.4878819127992061 0.25248022549004673 0.05216270072563951 0.018988102176918265
0 0.46105402877112256 0.30395095625275304 0.02603671034428636 0.030560519237293703
0 0.45664678176634743 0.3405605788480913 0.0261458377489479 0.0336855192372937
0 0.4468427066312712 0.397319010336437 0.023075401451278843 0.03513889183263199
0 0.35188487069642177 0.38383437449425484 0.04106150961864685 0.013918656260602269
0 0.35011403957089576 0.36734627894075855 0.05674107332097762 0.016026793283910833
0 0.35464777214770055 0.3495139381965857 0.053670637023308564 0.01748016587924912
0 0.35681047287334 0.33238100189891656 0.053725200725639424 0.01904266587924912
0 0.3571477787711225 0.3003224700477511 0.05049107332097771 0.015808538474587408
0 0.3599553202409348 0.28712306560124745 0.05986607332097771 0.016135920688572548
0 0.3776735882971022 0.1829266389222251 0.04580357332097771 0.01564484736759484
0 0.37340275054815414 0.21563001151756342 0.056795637023308566 0.017589293283910835
0 0.37165920127379354 0.1983606659640671 0.05992063702330856 0.017698420688572546
0 0.37434025717157615 0.16638397966639795 0.04736607332097762 0.015699411069925694
0 0.3780654578972156 0.14930560707105967 0.056795637023308566 0.017589293283910835
0 0.38414433230665235 0.10962554817805223 0.047475200725639335 0.018824411069925696
0 0.388871527041842 0.019055111880383103 0.06288194591631599 0.013120048093234239
0 0.507728165246277 0.08734629881102443 0.06310020072563952 0.019370048093234216
0 0.48407984492052414 0.13736365697839242 0.03406746515360979 0.03708333774894799