3 0.8515625 0.92421875 0.06640625 0.14375
3 0.46640625 0.5453125 0.07421875 0.06875
0 0.4109375 0.13046875 0.028125 0.04921875
0 0.41171875 0.25234375 0.0359375 0.02734375
3 0.93125 0.21484375 0.0640625 0.03828125
0 0.5875 0.67421875 0.034375 0.03046875
0 0.23828125 0.184375 0.015625 0.0625
0 0.2421875 0.75859375 0.02734375 0.0671875
1 0.53828125 0.203125 0.06484375 0.0421875
5 0.66640625 0.490625 0.03828125 0.02734375
0 0.178125 0.528125 0.03828125 0.03359375
0 0.565625 0.11953125 0.0328125 0.02734375
0 0.653125 0.9671875 0.01875 0.065625
0 0.378125 0.44921875 0.03828125 0.03046875
0 0.296875 0.6328125 0.0203125 0.0625
0 0.60703125 0.4296875 0.0375 0.0296875
0 0.51953125 0.04375 0.03125 0.02734375
0 0.27734375 0.74609375 0.0265625 0.07890625
0 0.75078125 0.8828125 0.03515625 0.0421875
0 0.58671875 0.771875 0.03359375 0.03984375
0 0.18828125 0.17890625 0.015625 0.0640625
0 0.1796875 0.94296875 0.02890625 0.0609375
0 0.2640625 0.66875 0.02109375 0.0734375
0 0.75078125 0.92578125 0.0265625 0.0390625
0 0.09921875 0.49921875 0.03046875 0.03046875
0 0.565625 0.8984375 0.03515625 0.04453125
0 0.2125 0.8625 0.02890625 0.0625
0 0.5515625 0.74375 0.0328125 0.03515625
3 0.2109375 0.07578125 0.02734375 0.1515625
0 0.22578125 0.41015625 0.03203125 0.04609375
0 0.51953125 0.909375 0.0375 0.0375
0 0.24140625 0.09453125 0.0171875 0.08203125
0 0.3140625 0.03125 0.015625 0.0625
5 0.21171875 0.9359375 0.0328125 0.065625
5 0.24765625 0.83828125 0.034375 0.08125
0 0.1859375 0.096875 0.01328125 0.06015625
5 0.184375 0.015625 0.0171875 0.03125
0 0.30078125 0.17109375 0.02109375 0.065625
0 0.58671875 0.96953125 0.01953125 0.0609375