0 0.5878657592530336 0.2623064716073956 0.03262105242559432 0.03697421034428618
0 0.3490418595622944 0.4367435095338289 0.03105855242559432 0.03691964664195524
0 0.6396043760630159 0.041909636853672536 0.03262105242559432 0.03697421034428626
0 0.5217129245749021 0.7668253352170593 0.0516261439408634 0.04075397477225664
5 0.3775963916941453 0.7193650365756709 0.0328761439408634 0.040099210344286186
0 0.6658298442695207 0.6991145016444624 0.038615960910325244 0.03406746515360979
0 0.4475746965356356 0.5304538147986392 0.029368506667959694 0.035302582939624474
0 0.46680383122346536 0.2861209722403678 0.025605777879787083 0.027380955534962847
0 0.5954869406165818 0.2596899030957413 0.03262105242559414 0.03697421034428618
0 0.983497188116097 0.5088763597270125 0.033005623767806115 0.01931548439090349
0 0.39546916003103466 0.8135416225105203 0.0328761439408634 0.04009921034428636
0 0.6301970383407687 0.17621271498397367 0.03262105242559414 0.036974210344286274
0 0.9901774938756711 0.6142632641735162 0.01964501224865778 0.017589293283910835
5 0.3879916288172677 0.7699280317663474 0.0344386439408634 0.04015377404661713
5 0.36520744624577145 0.8843278376641299 0.0710458236374217 0.030525802902557686
0 0.1382302291265284 0.9447470156090965 0.06584814060688346 0.02411211179556503
0 0.9874590943298639 0.5955951097270125 0.025081811340272254 0.017698420688572546
0 0.9870206719052395 0.5752553278758471 0.02595865618952118 0.01769842068857237
0 0.8041431741158604 0.6370906728811893 0.048150457576345215 0.017261911069925518
5 0.845022363065452 0.907529658453219 0.06428564060688373 0.02405754809323426
5 0.472286493670396 0.8907737559056319 0.0759884151526908 0.03381449400955035
0 0.9857452143288942 0.5449502689828396 0.028509571342211614 0.018933538474587407
0 0.9844219593279242 0.4931695141735163 0.03115608134415169 0.019260920688572547
0 0.9851791816776581 0.5590400508340051 0.0296416366446838 0.01748016587924912
0 0.9340858945690833 0.5972965081830666 0.06559304909161412 0.020987111795565026
0 0.28225129609599026 0.9334498731434924 0.06884559484924893 0.02265873920022656
0 0.27482194912070945 0.7848486820364998 0.057653003333979845 0.019151793283910833
0 0.982580469100343 0.47681782787584714 0.03483906179931395 0.01931548439090349
0 0.2853604495797514 0.9043526501853345 0.05778054909161447 0.020714293283910834
0 0.9338627539621998 0.5753669444807356 0.059343049091614475 0.0207688569862416
0 0.8365421174382022 0.3429388795972784 0.04658795757634522 0.017207347367594838
0 0.9861837012224954 0.5261729871316743 0.02763259755500904 0.017261911069925695
0 0.8015609527445534 0.43269334956021144 0.05672823212215263 0.026909729581580066
0 0.2728286276093197 0.8852033461016504 0.051530549091614475 0.02049603847458741
0 0.12968466336501455 0.8400595156090965 0.07311850666795978 0.03683036660488881