0 0.8909622065464532 0.7222322938248993 0.0336855192372937 0.02557274431795715
0 0.04995277142991038 0.7857250401780418 0.030560519237293693 0.025518197240056394
0 0.43057283276998853 0.6313331895261234 0.027271828130301046 0.020776150162155817
0 0.20943689883457206 0.7853819411509765 0.0321230192372937 0.025545470779006863
0 0.3074726386677711 0.5971336931795713 0.024146828130301133 0.020721603084255236
0 0.20170378830495136 0.6038864793004235 0.027380955534962847 0.023901150162155816
0 0.030977082137016342 0.7470892341716875 0.03524801923729369 0.025600017856907444
0 0.3489334523701019 0.5962939419617553 0.03206845553496285 0.023982970779006862
0 0.010350890524278612 0.7834261546263827 0.020701781048557223 0.02231137662320535
0 0.25181537179273006 0.7806495767026357 0.02420139183263199 0.022284103084255057
0 0.16711298957874493 0.7885518055993173 0.03374008293962456 0.027135244317957153
0 0.8607761987419049 0.6912180730458924 0.030505955534962936 0.023955697240056396
0 0.8029636987419048 0.6902089521047298 0.030505955534962936 0.023955697240056396
0 0.5984051403970516 0.8844150994275118 0.01904266587924912 0.05342500892845372
0 0.6187176403970517 0.8847696554338661 0.020659729581580067 0.05501478246740419
0 0.8369195472906259 0.7251976067311124 0.0336855192372937 0.02557274431795715
4 0.2636680749654402 0.5979325340889619 0.04952877404661713 0.032095479707460586
0 0.4123511116259291 0.5934922702892441 0.027271828130301046 0.020776150162155817
0 0.5782092022852839 0.9254940669601078 0.019206356986241603 0.058112508928453724
5 0.28934265364389555 0.7805228916374438 0.03374008293962447 0.027135244317957153