0 0.02578125 0.39609375 0.0296875 0.021875
0 0.18984375 0.42890625 0.0296875 0.02421875
0 0.25234375 0.346875 0.03046875 0.02421875
0 0.1078125 0.42890625 0.0296875 0.021875
0 0.38125 0.01171875 0.0125 0.0234375
0 0.3453125 0.44453125 0.03359375 0.0265625
0 0.47578125 0.3796875 0.0265625 0.02421875
0 0.25625 0.38671875 0.02265625 0.0203125
0 0.15703125 0.38984375 0.02890625 0.0234375
0 0.3375 0.28046875 0.025 0.0390625
0 0.65546875 0.40703125 0.03125 0.0234375
0 0.41953125 0.68203125 0.01328125 0.053125
0 0.73125 0.29140625 0.03203125 0.0234375
5 0.94375 0.209375 0.03671875 0.02578125
0 0.28125 0.425 0.025 0.02265625
0 0.98359375 0.20390625 0.03203125 0.025
0 0.3828125 0.71796875 0.01328125 0.05390625
0 0.01015625 0.43515625 0.01953125 0.021875
0 0.45625 0.76796875 0.0140625 0.05625
0 0.65078125 0.3359375 0.02578125 0.02109375
0 0.50390625 0.41796875 0.0296875 0.02421875
0 0.45234375 0.64140625 0.01328125 0.04609375
0 0.61015625 0.334375 0.02890625 0.0203125
0 0.8234375 0.2109375 0.03046875 0.025
0 0.15078125 0.3546875 0.03046875 0.021875
0 0.2625 0.25625 0.02890625 0.02578125
0 0.61171875 0.29453125 0.02578125 0.01953125
0 0.34375 0.53515625 0.025 0.0453125
0 0.69609375 0.2625 0.02734375 0.0203125
0 0.8828125 0.534375 0.03203125 0.025
0 0.90234375 0.20703125 0.02734375 0.02421875
0 0.78203125 0.63828125 0.01171875 0.0484375
0 0.6203125 0.5484375 0.03046875 0.0234375
0 0.71328125 0.54296875 0.0265625 0.02265625
0 0.8296875 0.63671875 0.0125 0.05234375
0 0.4171875 0.10546875 0.01328125 0.03984375
0 0.72265625 0.2140625 0.028125 0.021875
5 0.8375 0.53515625 0.0375 0.02578125
5 0.6671875 0.29140625 0.04375 0.03125
0 0.67578125 0.54375 0.028125 0.02265625
1 0.03671875 0.3578125 0.06796875 0.0375
0 0.678125 0.64140625 0.0140625 0.0515625
0 0.84453125 0.63828125 0.0125 0.0484375
0 0.615625 0.2640625 0.0265625 0.01953125
0 0.7953125 0.6359375 0.01171875 0.05078125
0 0.865625 0.63984375 0.01328125 0.0578125
0 0.775 0.2109375 0.0296875 0.025
0 0.35 0.98515625 0.01328125 0.0296875
0 0.6609375 0.640625 0.0125 0.05078125
0 0.7671875 0.52109375 0.0125 0.0515625
2 0.6375 0.8921875 0.11015625 0.0421875
0 0.90078125 0.634375 0.01171875 0.05234375
0 0.9953125 0.6375 0.009375 0.0578125
0 0.6453125 0.64296875 0.01171875 0.0484375
5 0.3109375 0.38203125 0.03359375 0.0265625
0 0.34765625 0.70078125 0.0171875 0.0515625
0 0.7515625 0.52421875 0.01484375 0.06171875
0 0.62578125 0.6421875 0.01484375 0.03984375
0 0.709375 0.64453125 0.0109375 0.0484375
0 0.72578125 0.64296875 0.0140625 0.05234375
0 0.8125 0.6359375 0.0109375 0.05390625
0 0.93125 0.5125 0.0140625 0.06015625