0 0.546547750254454 0.988136635151568 0.043497028855940555 0.023726729696863912
0 0.6875744773041452 0.5663119743711996 0.04338790145127884 0.036094008897248564
0 0.4861310615097142 0.8295919298849567 0.033958337748947895 0.03414950692008212
0 0.8477555199550839 0.5065270919754162 0.04495040145127902 0.036157675893442945
0 0.584015490002835 0.862445533649009 0.043551592558271325 0.04078150889724839
0 0.5742238277517829 0.8948123646756482 0.041989092558271324 0.04071784190105419
0 0.5960839587846418 0.9832800153416297 0.04495040145127884 0.03343996931674056
0 0.7430804328391081 0.5919778192380033 0.045059528855940556 0.03928267589344294
0 0.6000522069705433 0.9418929531166611 0.04037202885594056 0.039091674904859985
0 0.6100075603285878 0.914213622090022 0.04187996515360979 0.037592841901054184
0 0.49690238120249486 0.758258099352609 0.0402083377489479 0.03440417490485963
0 0.5949678258528663 0.5282124550938276 0.0402083377489479 0.03440417490485981
0 0.5788566978152325 0.4019537026223697 0.038536710344286365 0.03121550790866543
0 0.49193462820726985 0.7947221813678315 0.0402083377489479 0.03440417490485963
0 0.7962376599736174 0.48336416459909853 0.04338790145127884 0.036094008897248564
0 0.36900303737827905 0.46907624113993246 0.02734623920022674 0.06820617193911023
0 0.5852655098731009 0.9983233893530465 0.0399355192372937 0.0033532212939068272
0 0.5965725097882828 0.6858657876033417 0.027018856986241603 0.0588311719391104
0 0.5020611071558777 0.7272627673373866 0.0402083377489479 0.03440417490485981
0 0.7456647410991433 0.46492057072087806 0.045059528855940556 0.03928267589344294
0 0.7380109206885725 0.08936215520755839 0.0254563569862416 0.05876750494291585
0 0.9104018528947085 0.5356044383250947 0.03702877404661713 0.03271434091247105
0 0.6352753673226788 0.5431172134967847 0.043497028855940555 0.03921900889724874
0 0.4215253474524129 0.38696141950483337 0.029126994009550343 0.0745198389353047
0 0.9266493901881695 0.6657694407965526 0.04662202885594056 0.03934634288963732
5 0.21755461006628457 0.3544659599995625 0.048293656260602266 0.0425350098858317
0 0.5523587183184706 0.6708018617098988 0.027291675497895795 0.06664367193911022
0 0.3698637099657681 0.8958469881741828 0.025674611795565027 0.06501750494291585
0 0.5714088186812903 0.6801596156642314 0.027018856986241603 0.05883117193911023
0 0.6148959238534335 0.6967542080595772 0.027018856986241603 0.05883117193911023
3 0.24644851341647991 0.7574145464634092 0.05129465988879929 0.1284725098858317
0 0.20894605733336294 0.9345381205699663 0.03639385698624169 0.059213173916276673
0 0.38421389744456363 0.8152973251323212 0.030907748818873593 0.08083350593149916
0 0.5607168884588889 0.9324887782118015 0.04544147477225664 0.050220175893442943
0 0.6361260831092606 0.7015199625082016 0.03236112141421188 0.07777217292769337
0 0.6566022742162532 0.7070351334587286 0.035540685116542826 0.07946200692008229
0 0.6675025355641806 0.43833155440925564 0.04862103847458741 0.0519100098858317
0 0.6201091803920373 0.4215777945234239 0.04366071996293304 0.043906508897248564
0 0.7991493835647475 0.6114254976029041 0.054543656260602445 0.04278967787060921
0 0.8801191305695226 0.6513912644088181 0.049801592558271324 0.04103617688202625
0 0.9570958036203479 0.5546701147128292 0.04684028366526398 0.0455963428896375
0 0.9902257290334259 0.5767016236100778 0.0195485419331483 0.04684050790866543
0 0.6632961520842511 0.18383505539783881 0.03381449400955035 0.07471083992388783
0 0.7592137980932343 0.09334665965618268 0.028526793283910834 0.05733233893530465
0 0.7843502073490614 0.09827158159529295 0.026964293283910833 0.05726867193911027
5 0.5078993239539499 0.15721952277459406 0.03214286660488845 0.07152217292769344
5 0.3864657788559406 0.0531939145619175 0.03543155771188111 0.07633700692008223
5 0.30841767912609297 0.16391389726171196 0.05100199400955017 0.07541117688202612
5 0.25787453130301125 0.21334355288919982 0.05930556733052796 0.08979201186299815
0 0.46956852176918246 0.5340247619001792 0.05429068511654265 0.08022601087441501