3 0.20433842219117251 0.3095497709763745 0.08522895020978147 0.09875647748246603
3 0.4439462964662263 0.24599270897932696 0.09344326929603194 0.06351988433001132
5 0.3768017275804684 0.4959717250184559 0.05090057178554286 0.056128886489479515
0 0.4964891107785919 0.36313134176817874 0.045502676764564674 0.046453497840531634
0 0.44522076347323986 0.4651537191583598 0.040578378424238615 0.04302810919158375
0 0.6694115896084603 0.687133638962715 0.05187107593472771 0.04841651603912887
0 0.44960799107693034 0.04815598627722289 0.05667697510489074 0.050279404688076915
3 0.33286155081590385 0.5423250933093382 0.0697456601678251 0.07910531153562221
5 0.3105040665874507 0.3859341934016233 0.04405857593472771 0.04791586829088237
5 0.6461949580839439 0.2548008027500906 0.09081517676456467 0.04935725478036197
0 0.7158712698975098 0.7409106785991121 0.04538427759440165 0.04489099784053163
0 0.5241987910676416 0.4181099360003677 0.04898287427505377 0.05134125693983034
0 0.47442393401402727 0.4080828963639706 0.048746075934727705 0.04821625693983034
0 0.5921064962518005 0.5171599028423757 0.0471835759347277 0.048116127390180986
0 0.5260437883683492 0.5066217234772965 0.04874607593472753 0.04821625693983034
3 0.04005539232168578 0.19860867828534504 0.08011078464337155 0.09028264342930994
0 0.6150210101492476 0.6354197470745645 0.0553512734452168 0.05330427513842757
0 0.16990757446161325 0.7844496414267251 0.07038427759440165 0.04649307063492074
0 0.5769066261259316 0.5741108096899209 0.04898287427505377 0.05134125693983016
5 0.5850341603683178 0.16931268815983602 0.07807837842423862 0.04543121838316742
5 0.07898230206530366 0.37355981107419683 0.07916728174358653 0.03928134793281677
5 0.39899788152451626 0.40825167952196273 0.05343357593472771 0.04851664558877822
5 0.5841102777948943 0.20202505861018674 0.08444677759440164 0.04739423658176474
0 0.8036001033054149 0.516823534090068 0.05175267676456485 0.046854016039128865
2 0.07143360165502957 0.41168037476928737 0.14286720331005914 0.07976425046142524
0 0.2549779622331288 0.2876456901624208 0.047420374275053766 0.05124112739018098
0 0.8511729203170727 0.5456506385012897 0.06160127344521697 0.05370479333702498
0 0.19925187095106145 0.12017639034699097 0.04465057178554281 0.05572836829088237
5 0.04130620993482177 0.9528467928755996 0.05019017676456468 0.046753886489479514
0 0.5534117717716096 0.4737696506829073 0.04573947510489074 0.04957849784053181
0 0.1041589782051684 0.4209261644056844 0.08697978174358649 0.03978199568106326
5 0.875512837333375 0.38859960210409505 0.06796967261538 0.05566781153562221
0 0.6882775595384809 0.16114163788298083 0.07987767676456467 0.04865634793281672
0 0.30860171493242117 0.19557930367294118 0.06640717261537983 0.05556768198597286
5 0.2389772217808984 0.11918558683093328 0.04140717261537983 0.053965609191583705
3 0.1522458937715783 0.16594876773717196 0.07393625269929238 0.09336807063492084