3 0.84921875 0.92890625 0.0625 0.134375
0 0.584375 0.215625 0.0265625 0.02265625
0 0.3265625 0.4953125 0.0359375 0.02890625
0 0.5875 0.67578125 0.034375 0.03046875
5 0.221875 0.475 0.04453125 0.034375
0 0.2765625 0.72578125 0.025 0.0640625
3 0.38671875 0.06875 0.07265625 0.13671875
0 0.15546875 0.4859375 0.03203125 0.028125
0 0.2984375 0.64296875 0.0234375 0.06796875
0 0.1984375 0.40703125 0.03359375 0.0390625
0 0.07578125 0.5140625 0.03984375 0.03359375
0 0.65234375 0.9765625 0.01875 0.046875
0 0.55 0.7453125 0.03359375 0.0359375
0 0.17734375 0.0453125 0.01640625 0.06015625
0 0.5671875 0.12109375 0.0359375 0.0296875
0 0.58359375 0.77421875 0.03359375 0.0375
0 0.1109375 0.44609375 0.0390625 0.0359375
0 0.52109375 0.04453125 0.03359375 0.028125
0 0.25546875 0.69609375 0.025 0.06953125
0 0.75234375 0.88828125 0.03515625 0.04296875
0 0.4921875 0.19609375 0.025 0.028125
0 0.2421875 0.1609375 0.0171875 0.0703125
0 0.23984375 0.04296875 0.01484375 0.07265625
5 0.053125 0.234375 0.04140625 0.05
0 0.03046875 0.478125 0.0390625 0.03671875
3 0.2109375 0.09921875 0.02890625 0.121875
3 0.178125 0.165625 0.028125 0.10390625
0 0.55546875 0.93828125 0.034375 0.04921875
3 0.234375 0.8640625 0.05390625 0.11953125
0 0.753125 0.92734375 0.02890625 0.040625
0 0.8453125 0.2921875 0.0390625 0.028125
0 0.1890625 0.91796875 0.028125 0.06796875