0 0.28496396067798563 0.5453125 0.03659211664124999 0.028125
0 0.38002319396048573 0.4890625 0.03659211664124999 0.028125
0 0.6569103894395829 0.609375 0.03659211664125017 0.028125
0 0.5403645479682984 0.31328125 0.03659211664125017 0.028125
0 0.746848324469444 0.4375 0.033467116641249996 0.028125
5 0.16478070687826352 0.4390625 0.039789851823611146 0.03125
5 0.2611128058520831 0.328125 0.03502961664125 0.028125
0 0.7796582116279163 0.571875 0.038227351823611144 0.03125
5 0.22016049753145803 0.3421875 0.04011716014423614 0.0453125
5 0.0783496315557981 0.59453125 0.039789851823611146 0.03125
0 0.21690363848965227 0.5828125 0.030269381458888932 0.025
0 0.44420383558427 0.95390625 0.020204703647222287 0.0625
0 0.03805063345565918 0.64765625 0.03666485182361114 0.03125
5 0.14299793227697885 0.36796875 0.04193423328250003 0.05625
0 0.043621407010104106 0.07265625 0.023329703647222266 0.0625
0 0.16169403410059 0.33671875 0.04135235182361115 0.03125
0 0.46057371799308944 0.95546875 0.020168336056041625 0.0609375
0 0.33937086521954785 0.96015625 0.020168336056041715 0.0609375
0 0.3237861520730202 0.75703125 0.018314895326597202 0.0484375
5 0.05223780718326324 0.7765625 0.023329703647222266 0.0625
0 0.37854246799308944 0.95546875 0.018569468464861138 0.059375
0 0.3590307082094437 0.8875 0.021803571238402774 0.0640625
0 0.6003674890789925 0.72265625 0.02176720364722229 0.0625
0 0.47607143142395747 0.9609375 0.020022865691319502 0.0546875
0 0.19876023584795122 0.22109375 0.01995013050895835 0.0515625
5 0.21312663468993015 0.4765625 0.04160692496187508 0.0421875
0 0.048288110372985936 0.2078125 0.024928571238402843 0.0640625
0 0.09526960030499972 0.3375 0.02481946846486118 0.059375
0 0.42785213697104085 0.9515625 0.016788762917777866 0.05
0 0.37937957580062426 0.8859375 0.018569468464861138 0.059375
0 0.09908754416857621 0.20703125 0.01657055737069446 0.040625
0 0.3574305341974992 0.95625 0.018569468464861138 0.059375
0 0.528328181708298 0.76328125 0.026636541603125074 0.0703125
0 0.41066463697104083 0.9515625 0.018533100873680652 0.0578125
0 0.3926777031754506 0.95234375 0.021730836056041626 0.0609375
0 0.14912652460128467 0.07109375 0.030923998100138926 0.053125