0 0.1015625 0.37734375 0.0296875 0.02421875
0 0.21171875 0.375 0.0265625 0.021875
0 0.2015625 0.40703125 0.028125 0.0203125
0 0.16484375 0.3390625 0.0296875 0.02265625
0 0.20859375 0.33671875 0.02734375 0.021875
0 0.15546875 0.37578125 0.02890625 0.0234375
0 0.1203125 0.340625 0.0296875 0.02109375
0 0.93515625 0.278125 0.0296875 0.0234375
5 0.946875 0.203125 0.0375 0.0265625
0 0.8265625 0.20390625 0.03125 0.0234375
0 0.028125 0.38046875 0.03125 0.02109375
0 0.73515625 0.25625 0.02734375 0.021875
5 0.15078125 0.41640625 0.03046875 0.021875
0 0.61796875 0.2890625 0.02890625 0.0234375
0 0.80703125 0.2828125 0.0296875 0.0234375
0 0.72578125 0.20625 0.0296875 0.021875
0 0.9859375 0.19453125 0.02734375 0.02578125
0 0.07265625 0.41640625 0.028125 0.02109375
0 0.08203125 0.2703125 0.03359375 0.02734375
0 0.9046875 0.196875 0.0265625 0.02421875
0 0.6296875 0.25546875 0.0296875 0.021875
0 0.57109375 0.22734375 0.02578125 0.02109375
0 0.021875 0.4171875 0.02890625 0.021875
0 0.621875 0.5390625 0.03125 0.02421875
0 0.7546875 0.5125 0.0125 0.05234375
0 0.8703125 0.20546875 0.03125 0.02109375
0 0.678125 0.5359375 0.028125 0.0234375
0 0.92890625 0.415625 0.02734375 0.01875
0 0.38515625 0.0234375 0.0125 0.04609375
0 0.78359375 0.63125 0.0109375 0.046875
0 0.34921875 0.68828125 0.01171875 0.05
0 0.71484375 0.53359375 0.02734375 0.0234375
0 0.36796875 0.1359375 0.01171875 0.04140625
0 0.6796875 0.62890625 0.01328125 0.05234375
0 0.35 0.97890625 0.01328125 0.0421875
0 0.66328125 0.63125 0.0125 0.0546875
0 0.8453125 0.6328125 0.01171875 0.04765625
0 0.865625 0.63046875 0.0125 0.05703125
0 0.76953125 0.5140625 0.01328125 0.0515625
0 0.81640625 0.63046875 0.0125 0.05546875
0 0.6 0.40859375 0.02890625 0.02421875
0 0.79609375 0.628125 0.01171875 0.05
0 0.41953125 0.1578125 0.01484375 0.05
0 0.5796875 0.22890625 0.025 0.0203125
2 0.63828125 0.884375 0.10859375 0.046875
0 0.9015625 0.6296875 0.0109375 0.04765625
0 0.83046875 0.63046875 0.01328125 0.05390625
0 0.64765625 0.6390625 0.01171875 0.05234375
0 0.88515625 0.521875 0.02890625 0.02265625
0 0.884375 0.52890625 0.03203125 0.02421875
0 0.0265625 0.33984375 0.0203125 0.01875
0 0.9953125 0.628125 0.00859375 0.05546875
5 0.0765625 0.340625 0.03828125 0.02421875
5 0.8375 0.525 0.03828125 0.0265625
0 0.9328125 0.50625 0.0140625 0.0625
0 0.7125 0.634375 0.01328125 0.05234375
0 0.725 0.63125 0.0125 0.0546875
0 0.628125 0.63125 0.0125 0.040625