0 0.19765625 0.4328125 0.0296875 0.02421875
0 0.13671875 0.36875 0.0265625 0.0234375
0 0.0234375 0.4046875 0.03359375 0.02734375
0 0.0890625 0.36796875 0.03125 0.0234375
0 0.16015625 0.43828125 0.0296875 0.02578125
0 0.11328125 0.43515625 0.025 0.02109375
0 0.20390625 0.39453125 0.02734375 0.02265625
0 0.41796875 0.696875 0.0125 0.0375
0 0.10546875 0.39921875 0.02265625 0.01953125
0 0.3953125 0.94140625 0.01796875 0.06328125
0 0.4546875 0.68125 0.01484375 0.05625
5 0.15 0.396875 0.034375 0.02265625
0 0.2046875 0.35859375 0.0234375 0.021875
0 0.06640625 0.440625 0.03046875 0.02265625
0 0.43828125 0.7203125 0.015625 0.053125
0 0.21484375 0.4671875 0.02734375 0.021875
0 0.71875 0.2078125 0.02890625 0.02265625
0 0.34921875 0.70234375 0.01484375 0.05234375
0 0.421875 0.83984375 0.015625 0.05859375
0 0.35234375 0.9828125 0.0171875 0.034375
0 0.609375 0.24296875 0.028125 0.02109375
0 0.41953125 0.76484375 0.0140625 0.0578125
0 0.37734375 0.01796875 0.01328125 0.0359375
0 0.77265625 0.2015625 0.02890625 0.02578125
5 0.940625 0.19296875 0.034375 0.02734375
0 0.39296875 0.01640625 0.0140625 0.03203125
0 0.43671875 0.7859375 0.0140625 0.04921875
0 0.78203125 0.628125 0.0125 0.04453125
0 0.3953125 0.27421875 0.0265625 0.02578125
0 0.8984375 0.190625 0.02578125 0.0234375
0 0.03125 0.375 0.03046875 0.021875
0 0.82109375 0.2 0.0296875 0.02421875
0 0.796875 0.63203125 0.0125 0.04609375
5 0.9796875 0.2921875 0.0390625 0.03203125
5 0.06875 0.28828125 0.03515625 0.02890625
0 0.9796875 0.1859375 0.03046875 0.0234375
2 0.63671875 0.88671875 0.10703125 0.04296875
5 0.8359375 0.5203125 0.0390625 0.03203125
0 0.61875 0.540625 0.03203125 0.0265625
0 0.62578125 0.63515625 0.01171875 0.0421875
0 0.64296875 0.63671875 0.01484375 0.04921875
0 0.66171875 0.63671875 0.0140625 0.05234375
0 0.678125 0.6296875 0.0140625 0.0515625
0 0.67578125 0.53515625 0.028125 0.01875
0 0.7109375 0.53046875 0.025 0.02265625
0 0.7484375 0.51171875 0.0140625 0.05546875
0 0.765625 0.51015625 0.0140625 0.0546875
0 0.7109375 0.63671875 0.0171875 0.059375
0 0.72265625 0.63125 0.0125 0.05625
0 0.86328125 0.62578125 0.0140625 0.0546875
0 0.90234375 0.621875 0.0140625 0.05390625
0 0.8796875 0.51953125 0.0328125 0.02421875
0 0.93046875 0.49296875 0.01640625 0.05390625
0 0.99296875 0.6140625 0.0140625 0.0515625
0 0.84296875 0.62734375 0.0140625 0.05390625
0 0.82890625 0.625 0.0140625 0.04609375
0 0.81328125 0.62890625 0.01484375 0.05546875