0 0.6058644177775723 0.6903028072717852 0.03554401609154336 0.04001724623907634
0 0.6103383863507903 0.5482744316449647 0.02863845222957302 0.030460389812585476
0 0.6082735057768577 0.6224022534317193 0.03543475544788173 0.03845474623907634
0 0.386665211612727 0.3240031720115462 0.028747712873234653 0.03202288981258557
0 0.656831702054346 0.7753621173800574 0.03587179802252862 0.044704746239076346
5 0.6612074816395428 0.6793365635399914 0.035653276735205 0.04157974623907634
0 0.4081899223922747 0.12768210147843279 0.03230975544788173 0.038363818025830956
0 0.9210638108367519 0.8433008089876448 0.037467149011264314 0.022920674452321776
0 0.025678617118716378 0.7260563831486679 0.051357234237432756 0.022085600158284535
0 0.07342824823528918 0.5108800125364124 0.06246714901126429 0.023648100158284537
0 0.35778074094582213 0.30223347209068846 0.044809755447881724 0.03872753087881238
0 0.09501975292686618 0.6926923021907133 0.06246714901126431 0.023648100158284537
0 0.023607836738777744 0.6060621318950268 0.04721567347755549 0.0204321719450391
0 0.0270716903254035 0.687775133148668 0.054143380650807 0.025210600158284534
0 0.024181455118001852 0.5904825960016494 0.048362910236003705 0.022085600158284535
0 0.09331514129446875 0.6724707304039587 0.060904649011264266 0.023602636051661817
0 0.0266044736813845 0.6214825434152248 0.053208947362769 0.021994671945039103
0 0.771484063938845 0.7190091658098471 0.052982888367602496 0.02181281551854859
0 0.20120904080993612 0.5009246878466638 0.06257640965492603 0.025210600158284534
0 0.025820546762020852 0.654962633148668 0.051641093524041705 0.02181281551854859
0 0.024077730302160393 0.6371075434152248 0.048155460604320785 0.02020485141192587
0 0.22701279809940314 0.7005466031277854 0.04651436708027905 0.01850595909205772
0 0.9270402952494117 0.7355337730942676 0.04081067029858758 0.026136602665567034
0 0.028787191624348524 0.7056529549354227 0.05757438324869705 0.02530152837152997
0 0.02798130338279674 0.6713006869887339 0.05596260676559348 0.021994671945039103
0 0.7278219092275975 0.8528218761555462 0.06915419158591121 0.030079956584775403
5 0.47670679550151307 0.6753490601747792 0.0680287341605581 0.036284492478152686
3 0.024240893311281105 0.21864469992085772 0.04848178662256221 0.08458560015828454
0 0.28964846395851546 0.41804634019566167 0.06926345222957293 0.0316424565847754
5 0.3686218718487307 0.9053751924655173 0.03420003737886681 0.043096782132453625
5 0.306586411573386 0.9562988464638679 0.06501299480421992 0.037756064264907255
0 0.7950693933881556 0.8165601157307047 0.04996714901126431 0.023284387305303154
0 0.8025105527909802 0.8662418669843459 0.06123243094224975 0.028290136051661818