0 0.100650937979615 0.2442237099499876 0.0443727128732347 0.032477530878812375
3 0.22198680849096336 0.7724216031277855 0.054851026987306636 0.11542642319868043
0 0.4001382137064139 0.4881194963055833 0.03354447351689647 0.03372178213245362
3 0.3030432365063467 0.04849484705743499 0.03802415990702759 0.09698969411486998
0 0.4575190249704943 0.45916177052047813 0.04335651609154336 0.04024456677218975
0 0.7182533372429808 0.13113474426051924 0.03907320767745457 0.06818771034569897
0 0.10758399899159381 0.29002194325694014 0.0428102128732347 0.03243206677218975
0 0.5607754289254372 0.5434792830568904 0.04012225544788173 0.03859113855894449
0 0.4564756950169805 0.507531074360544 0.04491901609154336 0.04029003087881229
0 0.0293932970141224 0.24863607680131955 0.0346699309422495 0.027517246239076344
5 0.3232586394528833 0.42798362984996274 0.02722877153942509 0.0771989974927175
0 0.09551495977114155 0.09467835101621438 0.043760707677454616 0.06832410266556703
0 0.3996029821437458 0.5403723180923379 0.046590776735205085 0.041897994985435005
0 0.3982750649472512 0.43671612067876275 0.04179401609154336 0.04019910266556703
0 0.00615716485070612 0.034951661520197935 0.01231432970141224 0.02072167695960413
5 0.5149384050402237 0.5299994562555709 0.04491901609154354 0.04029003087881229
0 0.2708320340246722 0.15194997875460606 0.02355746832111638 0.06929556927947216
3 0.03492184918558759 0.3377213088546309 0.06984369837117518 0.04174488229073816
0 0.6122076169050521 0.7891351123654925 0.04244957995351371 0.04957410266556721
0 0.19793584738243947 0.29129127507282465 0.029446835401395432 0.08661946159934023
0 0.19539072954585576 0.5283820981132206 0.030211659907027587 0.09755696159934021
0 0.6589297975952001 0.8345552609535666 0.05037134059717552 0.05136392319868044
5 0.7557176802628195 0.9221796299164697 0.0522616225281606 0.056096887305303156
5 0.5024177176416863 0.8874482434025893 0.04623014381548422 0.05904003087881264
5 0.38334565352761435 0.9735568911327338 0.025294930942249483 0.02724446159934004
0 0.13397080841408876 0.024169622723826743 0.021732888367602544 0.020903533386094852
5 0.2008141009887357 0.015987398192362796 0.016717606436617415 0.016079641066226814
0 0.3030436004845326 0.15958898251552975 0.026791728964778015 0.07094899749271755
3 0.2777536594028245 0.0418164608079174 0.03838479282674845 0.0806422462390763