3 0.40546875 0.4703125 0.103125 0.06171875
3 0.8453125 0.9234375 0.06875 0.14453125
0 0.56796875 0.4375 0.0328125 0.0265625
3 0.22578125 0.290625 0.03984375 0.09375
0 0.4109375 0.25 0.03515625 0.02734375
0 0.95234375 0.2140625 0.03515625 0.02890625
0 0.58515625 0.675 0.034375 0.03046875
5 0.69140625 0.26171875 0.0390625 0.02734375
0 0.54765625 0.74375 0.03359375 0.03359375
5 0.753125 0.2078125 0.03828125 0.02734375
0 0.2375 0.75546875 0.028125 0.065625
0 0.3921875 0.4046875 0.0375 0.03046875
0 0.65078125 0.96875 0.01875 0.0625
0 0.17421875 0.940625 0.0296875 0.0625
0 0.565625 0.11875 0.0328125 0.02734375
0 0.696875 0.3421875 0.0359375 0.02578125
0 0.51875 0.04296875 0.028125 0.02578125
5 0.55 0.19609375 0.0359375 0.03046875
0 0.1546875 0.83125 0.02265625 0.06171875
0 0.5796875 0.77265625 0.03515625 0.0375
0 0.2765625 0.72890625 0.02421875 0.07109375
0 0.75 0.8859375 0.034375 0.0421875
0 0.7078125 0.8671875 0.01484375 0.0515625
0 0.2625 0.659375 0.01953125 0.06171875
0 0.29375 0.62890625 0.01953125 0.0609375
5 0.1875 0.51171875 0.0203125 0.07265625
0 0.18359375 0.22890625 0.015625 0.06328125
5 0.20703125 0.93671875 0.03125 0.0734375
5 0.30703125 0.753125 0.03359375 0.07265625
0 0.20703125 0.8609375 0.02890625 0.06171875
0 0.8125 0.3453125 0.0375 0.028125
0 0.5640625 0.9 0.03203125 0.0421875
0 0.06484375 0.209375 0.028125 0.046875
5 0.84140625 0.2265625 0.0296875 0.0265625
3 0.2078125 0.00703125 0.025 0.0140625
3 0.2671875 0.26484375 0.0625 0.13359375
5 0.2484375 0.8234375 0.028125 0.06328125
0 0.175 0.99140625 0.01796875 0.0171875
0 0.5515625 0.94765625 0.040625 0.04921875
3 0.57734375 0.3359375 0.07578125 0.0421875