3 0.32740483644845886 0.5237962350228121 0.0499375446422687 0.08734688730530316
3 0.9244800284102144 0.13707955271943875 0.14662162986961605 0.07922816191590938
0 0.6653333047918337 0.3999589520989358 0.03343979139585791 0.036892246239076346
0 0.7153473470017657 0.7108449763138307 0.07242047077900686 0.0333413489046432
3 0.4314351862830078 0.06631269246551733 0.04179776217486477 0.06836956677218971
0 0.6144218210271835 0.6325728752976162 0.05833069724005639 0.03136967194503928
0 0.8399012877490005 0.7774976157307047 0.06776024431795732 0.034767456584775404
0 0.7521245982195817 0.7511600877548863 0.07247501785690744 0.03646634890464338
0 0.43404497971405115 0.9009688372926679 0.04130683847375849 0.040244566772189926
0 0.07748310836585144 0.7949965997625732 0.047120461850553054 0.015426423198680438
0 0.26354648255012963 0.20081938776752156 0.027080697240056396 0.030460389812585566
0 0.022469694807719764 0.7444714140274804 0.04493938961543953 0.017307171945039102
0 0.7636889841749828 0.40178221338170683 0.03968979139585791 0.03707410266556703
0 0.7334151030875503 0.4362397814075377 0.03656479139585791 0.03698317445232178
0 0.9327134939142153 0.24694028602639131 0.03971706493480802 0.03863660266556703
0 0.1485086745184756 0.7968342329112412 0.05967500892845372 0.01891513605166182
0 0.12368199838173748 0.7428968906705153 0.0784795560063544 0.022585705331134066
0 0.11293500771393303 0.41915551379005356 0.03187729139585782 0.036846782132453626
0 0.8806288425342436 0.23361958359825116 0.045994338473758486 0.040380959092057724
0 0.6471467719206878 0.7261039149519173 0.06603410308425524 0.025346992478152686
3 0.1005211879111562 0.7724623702165443 0.1521079707790068 0.03566001834239998
0 0.5179330101528603 0.9711472934817318 0.033276150162155814 0.027517246239076344
0 0.8874849943212524 0.4223865669052037 0.04593979139585791 0.03725595909205772
0 0.003269681415039156 0.7981419833069525 0.006539362830078312 0.019341033386094962
5 0.614907016238645 0.6942461611909936 0.08481137662320534 0.02745506175762493
0 0.8209973291448582 0.7421284170634882 0.07244774431795734 0.034903848904643195
0 0.034813961853848344 0.46593723706787626 0.028670470779006797 0.03206835391920819
0 0.27691609253753885 0.7321914082214926 0.05833069724005648 0.031369671945039104
0 0.9537878786550957 0.3369060564803624 0.06123750892845372 0.018960600158284536
3 0.929554122976348 0.7858209295999006 0.09314207386326175 0.05736988229073816
0 0.94530580804154 0.8228435564803626 0.05835797077900686 0.0329321719450391