0 0.6752336211010717 0.8979062285148156 0.040864017412854635 0.03642217887824373
0 0.6862286748099733 0.9721216564885482 0.0407821302577247 0.034859678878243726
0 0.6466504341937691 0.5015767831282284 0.0454696302577247 0.035105340343632996
0 0.5500653612629905 0.5059157230877487 0.042426517412854636 0.036504066033373486
0 0.6402577555426678 0.9673622354122206 0.04415279172311397 0.03971095318850324
0 0.45288058627536254 0.9551920267966503 0.028357373360319828 0.0653726944820761
0 0.634223518771651 0.8283849445936177 0.042508404567984215 0.03806656603337366
0 0.676294832091491 0.8627090349372507 0.041027791723114146 0.03954717887824373
0 0.5245895692011923 0.7678015694242756 0.0376571302577247 0.034695904567984215
0 0.684864248645263 0.9383641321782887 0.044070904567984216 0.03814845318850324
0 0.7055307892367232 0.4991788014455942 0.04719590456798421 0.03831222749876275
0 0.6355470013587963 0.8629237189038772 0.042508404567984215 0.03806656603337366
0 0.531258971055643 0.8049706987774892 0.040864017412854635 0.03642217887824373
0 0.7778705359573628 0.3744930619610437 0.04719590456798421 0.03831222749876275
0 0.5349262036427886 0.8396323038204432 0.03436835594746519 0.0314071302577247
0 0.5909769663059447 0.5025760391211221 0.04398901741285464 0.03658595318850324
0 0.8444405602676224 0.37484826605405813 0.04398901741285464 0.03658595318850324
0 0.6472547060176377 0.992419831240721 0.0372476944820761 0.015160337518558008
0 0.895330273632891 0.49502464721629413 0.04555151741285464 0.03666784034363317
0 0.5217035866140467 0.7331809079588864 0.039301517412854634 0.03634029172311415
0 0.7613680314348071 0.4950545454527003 0.04875840456798421 0.03839411465389268
0 0.4408962426523691 0.8699572116677879 0.026631099050060315 0.06216580732694617
0 0.7228964309144088 0.37709576153150237 0.04382524310259513 0.03346095318850324
0 0.49794401854450837 0.3942921483479479 0.042344630257724704 0.034941566033373485
0 0.67248699513876 0.3822878725673503 0.04719590456798421 0.03831222749876284
0 0.6336226532132472 0.8996424689038772 0.03938340456798421 0.03790279172311415
0 0.5884019222079815 0.3872819097679086 0.03757524310259512 0.03313340456798421
0 0.5154468583223145 0.1500065598133371 0.030329309135968607 0.07326708163720577
0 0.5564170963365269 0.04091152080375654 0.021540807326946167 0.024502033016686763
0 0.8843661974227521 0.37537388850986686 0.040864017412854635 0.03642217887824382
0 0.5506341700602749 0.6594911024409622 0.03164614767057934 0.06866146879233562
3 0.2950514761440257 0.872497956240721 0.0503828595655099 0.12885534034363316
0 0.5753308706467865 0.03876916666531356 0.02433825870642714 0.018415807326946275
5 0.14830146540143355 0.5036616677969674 0.050157130257724794 0.035351001809022266
5 0.1483910758714546 0.3524709820213186 0.05401247060135783 0.07918288896415202
5 0.1769531671195988 0.2858124265033946 0.05343926051544958 0.06824538896415203
5 0.21791343905500912 0.13206330676111938 0.042249454997525596 0.09259029172311406
5 0.3609364207376434 0.19831350576575119 0.034853034825709096 0.07038774310259503
5 0.4241391898479786 0.7711545414959714 0.03526247060135788 0.07820024310259513
0 0.43671551221293026 0.5610801786511012 0.05294793758467105 0.0588703889641522
0 0.5964246206467865 0.03987464325956521 0.025900758706427142 0.018497694482076034
0 0.5419806235874625 0.3911162386915809 0.042426517412854636 0.03650406603337357
0 0.8489908621675017 0.4972964761399664 0.05229284034363317 0.04637038896415202
0 0.9379825203535306 0.3687830517842784 0.047769114653892684 0.04924972749876275
0 0.5731266457500154 0.6638034661903438 0.033454309135968606 0.07343085594746519
0 0.5962742186807939 0.6556158299397252 0.031728034825709094 0.07022396879233561
0 0.6166276622583589 0.6558991129564118 0.03682497060135788 0.07828213025772471
0 0.6372267673013129 0.6514948959730986 0.03682497060135788 0.07828213025772471
0 0.6576620980340075 0.6502156789897855 0.040195632066747145 0.08313340456798421