0 0.60234375 0.02109375 0.03125 0.0296875
0 0.6015625 0.0578125 0.03671875 0.03046875
0 0.60859375 0.16171875 0.03515625 0.03125
0 0.640625 0.1203125 0.03359375 0.0296875
0 0.578125 0.53203125 0.03515625 0.028125
0 0.51484375 0.27421875 0.03359375 0.0265625
0 0.7328125 0.5078125 0.0390625 0.0296875
0 0.7171875 0.63125 0.0390625 0.028125
0 0.76796875 0.6265625 0.0375 0.02578125
0 0.65 0.1546875 0.03359375 0.028125
0 0.6734375 0.515625 0.03828125 0.02734375
0 0.6140625 0.1953125 0.0359375 0.03203125
0 0.92109375 0.48359375 0.040625 0.0296875
0 0.8234375 0.61953125 0.04140625 0.028125
0 0.515625 0.30703125 0.03359375 0.02890625
0 0.8890625 0.60859375 0.0359375 0.02578125
0 0.6421875 0.04921875 0.0328125 0.02890625
0 0.5140625 0.20546875 0.02734375 0.02421875
0 0.4109375 0.10546875 0.01484375 0.06640625
0 0.64453125 0.07890625 0.0375 0.02734375
0 0.634375 0.6421875 0.03515625 0.02734375
0 0.61953125 0.525 0.03671875 0.02890625
0 0.8765625 0.49140625 0.0421875 0.03046875
0 0.6546875 0.98671875 0.015625 0.0265625
0 0.51484375 0.2375 0.03046875 0.02578125
0 0.7890625 0.503125 0.040625 0.02890625
0 0.415625 0.19375 0.01328125 0.06796875
0 0.5859375 0.52421875 0.03359375 0.02734375
0 0.55546875 0.3828125 0.01640625 0.065625
0 0.32109375 0.09765625 0.01171875 0.0625
0 0.57578125 0.3765625 0.01484375 0.05390625
3 0.2703125 0.2125 0.02734375 0.11953125
0 0.00625 0.28125 0.01171875 0.0171875
0 0.04765625 0.46484375 0.01875 0.05234375
0 0.25859375 0.0296875 0.0203125 0.059375
0 0.32890625 0.33125 0.0171875 0.06953125
0 0.59453125 0.8890625 0.01796875 0.075
0 0.5421875 0.6484375 0.03984375 0.02734375
0 0.5859375 0.64765625 0.0375 0.02734375
0 0.9328125 0.603125 0.04296875 0.028125
0 0.9828125 0.5921875 0.034375 0.034375
0 0.6015625 0.37578125 0.015625 0.0609375
0 0.62265625 0.371875 0.0171875 0.06484375
0 0.640625 0.3703125 0.01796875 0.07109375
0 0.66328125 0.365625 0.01953125 0.06796875
0 0.60234375 0.12421875 0.03828125 0.034375
5 0.325 0.2 0.01953125 0.07421875
5 0.41328125 0.29296875 0.01796875 0.0640625
5 0.17890625 0.60078125 0.0390625 0.03515625
5 0.20078125 0.7515625 0.03828125 0.065625
5 0.2421875 0.8109375 0.03671875 0.0609375
5 0.30234375 0.95625 0.01953125 0.07734375
5 0.43828125 0.8734375 0.01875 0.0734375
0 0.45546875 0.4921875 0.0328125 0.05703125