0 0.15703125 0.34140625 0.03125 0.02421875
0 0.2 0.4078125 0.03046875 0.0234375
5 0.9484375 0.2109375 0.03671875 0.025
0 0.9359375 0.28671875 0.028125 0.02265625
0 0.82890625 0.21171875 0.0296875 0.0234375
0 0.98671875 0.20703125 0.0265625 0.025
0 0.45390625 0.63046875 0.01171875 0.04765625
0 0.42109375 0.62109375 0.01328125 0.053125
0 0.2109375 0.3390625 0.028125 0.0234375
0 0.4546875 0.703125 0.0125 0.053125
0 0.90625 0.209375 0.02890625 0.02265625
0 0.3703125 0.00859375 0.0125 0.0171875
0 0.88515625 0.53515625 0.03125 0.02421875
0 0.71484375 0.53984375 0.02578125 0.0234375
0 0.29296875 0.23203125 0.02890625 0.0390625
0 0.6640625 0.63828125 0.01328125 0.0515625
0 0.72734375 0.2140625 0.0296875 0.02421875
0 0.7796875 0.21171875 0.03046875 0.025
0 0.78359375 0.6375 0.0109375 0.046875
0 0.67890625 0.5421875 0.02734375 0.02265625
0 0.846875 0.64140625 0.01328125 0.05078125
0 0.6796875 0.634375 0.0125 0.05234375
0 0.81640625 0.6359375 0.01171875 0.04921875
0 0.50546875 0.19296875 0.02109375 0.028125
0 0.62265625 0.54453125 0.03125 0.0234375
0 0.75546875 0.5203125 0.01328125 0.0546875
0 0.35 0.69375 0.01171875 0.04921875
0 0.865625 0.634375 0.0125 0.05
0 0.79765625 0.6359375 0.01328125 0.0515625
5 0.83984375 0.534375 0.03828125 0.02578125
0 0.64765625 0.64765625 0.01171875 0.04453125
0 0.62734375 0.6421875 0.0109375 0.0390625
0 0.83046875 0.63671875 0.01328125 0.05
0 0.76953125 0.5203125 0.01328125 0.0484375
0 0.34921875 0.98046875 0.0140625 0.0390625
0 0.38359375 0.00859375 0.0140625 0.01640625
2 0.6359375 0.88984375 0.1078125 0.0453125
0 0.87265625 0.21171875 0.0296875 0.0234375
0 0.90234375 0.63671875 0.01171875 0.0484375
0 0.9953125 0.64140625 0.00859375 0.0578125
0 0.34765625 0.0671875 0.01015625 0.0546875
0 0.7140625 0.6421875 0.01328125 0.04921875
0 0.72734375 0.6421875 0.01171875 0.05625
0 0.9328125 0.5140625 0.01328125 0.059375