0 0.1333878087233714 0.6537784640920382 0.03891865626060227 0.04084316861791084
0 0.17086052687220596 0.6543415454741274 0.04053571996293313 0.04241475897699054
0 0.028591181318709698 0.6575125181503726 0.04215278366526396 0.04398634933607006
0 0.6023957251507747 0.8002382901113743 0.03590278366526398 0.043949987899751616
0 0.4930257035512282 0.6665268863241863 0.03584821996293321 0.04238748789975162
0 0.9310292228733399 0.3140497634749905 0.06973214664195523 0.02852497579950324
0 0.48271070772757946 0.7829694977605048 0.03751984736759475 0.04552157825883132
0 0.4893897828626558 0.725910976683266 0.03751984736759475 0.045521578258831144
0 0.02323899320694202 0.6989414940480716 0.034067465153609686 0.03612839754067192
0 0.09842996616510001 0.6930364068122501 0.03735615626060225 0.04083407825883114
0 0.24270329973769672 0.5430086148541641 0.034176592558271414 0.0392533975406721
0 0.16966510382138072 0.5543688165513663 0.03234127404661713 0.0314318071815924
0 0.4995063712445759 0.5704149556060271 0.034176592558271324 0.0392533975406721
0 0.2756249271423584 0.539692717313492 0.035739092558271415 0.03926248789975162
0 0.9543749536360462 0.3389088629092565 0.031959328130301404 0.020494307181592397
0 0.9623511116259291 0.5802196641389205 0.03513889183263217 0.022074987899751618
0 0.34792402387698107 0.6166001300776704 0.06181051923729371 0.025354524004105095
0 0.6092856206116037 0.692407609393215 0.03908234736759475 0.045530668617910844
0 0.5937994859505478 0.8674621515476927 0.03584821996293321 0.04238748789975162
0 0.20571173122604244 0.551034738292535 0.03735615626060227 0.04083407825883114
0 0.1288987161651 0.6928591448101974 0.037247028855940556 0.037709078258831144
0 0.055161115802280315 0.7018801416869395 0.0309424651536097 0.0361102168225127
0 0.4980604331328083 0.611821205606027 0.037410719962933214 0.04239657825883114
0 0.6089383910300238 0.7470860190341353 0.03423115626060227 0.040815897540672094
0 0.6129314649839737 0.6103718142136751 0.034176592558271324 0.03925339754067192
0 0.007023765840764702 0.6662471687161068 0.014047531681529404 0.03448408430895533
0 0.5938069204341184 0.911984311188613 0.034176592558271324 0.0392533975406721
0 0.36332340081830666 0.08614956079582965 0.03384921034428627 0.029878397540671963
0 0.4733034474759605 0.9181530188377437 0.03908234736759475 0.04553066861791066
0 0.8605976717848808 0.3402355344540335 0.05706845553496294 0.02376475292686626
0 0.34330844574667996 0.6369353559753694 0.05706845553496285 0.02376475292686635
0 0.616205287123825 0.5166218142136751 0.03272321996293322 0.042369307181592396
0 0.34106638866777106 0.5893018318730685 0.061919646641955414 0.028479524004105094
0 0.1474304944728864 0.45295630747618 0.06013889183263199 0.022220433645025395
0 0.5887994727037039 0.9659087419067725 0.041989092558271324 0.039298849336070064
0 0.3456274030957413 0.5705291059753694 0.06493551923729371 0.025372704722264317
5 0.5496849975529292 0.1623933773471959 0.04220734736759475 0.04554884933607006
5 0.6973139657017638 0.162315588414172 0.06251984736759475 0.04566702400410509
5 0.7609845961016505 0.19553208851236786 0.05939484736759475 0.04564884328594587
5 0.9041790353945445 0.23297248029750328 0.0934424651536098 0.03647383118569749
5 0.8294096699707822 0.3833770012765462 0.074474210344286 0.030114746876742073
5 0.25174597224036777 0.4406330485973854 0.06811508293962457 0.026953385440423538
5 0.15757187550574517 0.3638529008603217 0.07603671034428627 0.030123837235821682
0 0.0071254753204107015 0.32336477712736306 0.014250950640821403 0.031395445745273864
0 0.2940550125290537 0.3474370396203949 0.0714583377489479 0.03322156615858276
0 0.060302516705404964 0.4651795724050987 0.07592758293962457 0.026998837235821683
0 0.0540922114405946 0.37460911455957646 0.06816964664195542 0.02851588544042354
3 0.16419638693849054 0.3083568797830828 0.12987103847458742 0.050745409444528634
0 0.45443446262172105 0.45195130191703503 0.07033234736759475 0.04571247579950324
0 0.8592186771423584 0.5362974681972548 0.07921627404661713 0.0317045179539809
0 0.9648486290491242 0.5981702334207613 0.028834328130301047 0.020476126463433175
0 0.9655108279606651 0.6239423930616816 0.025873019237293703 0.025145445745273953
0 0.6138416897562302 0.5619388593932151 0.045277783665263985 0.04400453005422929
0 0.4733505766947207 0.8720683591968232 0.04862103847458741 0.050272710772388506
0 0.34265368131870966 0.6556853559753695 0.06984127404661714 0.03164997579950324
0 0.3387647894860777 0.6775785366935286 0.08697421034428618 0.030187469749379046
0 0.09839524983036398 0.6492954971713296 0.0358482199629331 0.04238748789975162