0 0.2205847274110468 0.3348105868309333 0.045216647274843244 0.05885336829088237
0 0.15038289514881137 0.06186204503506789 0.045216647274843244 0.05885336829088235
0 0.14958631438438802 0.24299212908822404 0.041198826971401516 0.047715609191583755
0 0.2770427951294147 0.5666730536729412 0.0406886439408634 0.04146560919158375
0 0.7130125039137081 0.6335487615725339 0.08836086939505616 0.035194625230712616
0 0.28909535347406273 0.2666928400701358 0.04432382697140156 0.04791586829088237
0 0.14883727316868134 0.337854046114802 0.04107128121376702 0.046153109191583754
0 0.14937876241783563 0.15984896206164595 0.0406886439408634 0.04146560919158371
0 0.09293783059524549 0.2800403485511256 0.043399055759574215 0.055628238741233016
0 0.033116678319432394 0.3654760032392025 0.04470646424430513 0.05260336829088237
0 0.08737413043576596 0.4910081269287557 0.046268964244305134 0.05270349784053163
0 0.20312693406930826 0.5581980220561087 0.05733401000193963 0.054966904688076926
0 0.0235978992316973 0.5876816702657806 0.0471957984633946 0.04675388648947969
0 0.03872817590353641 0.14440203963639706 0.04496155575957421 0.05572836829088237
0 0.2917118466369251 0.7677954626799547 0.045089101517208796 0.05729086829088246
0 0.45150143481821436 0.7715446190660747 0.08874350666795969 0.03988212523071262
0 0.04499673011680688 0.9149462746770023 0.057971738790112345 0.06277940468807693