3 0.754577551294782 0.9006297687716509 0.09064885771838505 0.12012879353213642
0 0.5634271941450507 0.2347502204898162 0.038773339923887915 0.03321529172311406
5 0.5121193621298282 0.23120249660909797 0.03870967292769336 0.03165279172311397
3 0.08265606072350314 0.49693919776143636 0.08073534684397003 0.06815685775648764
0 0.4315060320917722 0.2198356286758451 0.038773339923887915 0.03321529172311397
5 0.781594920913346 0.33323755088382656 0.04352450692008212 0.03502345318850324
0 0.4109428868072265 0.5140360080290588 0.03934634288963732 0.04727779172311415
0 0.4071307731945236 0.2632104924252265 0.035584672927693364 0.03148901741285455
0 0.594361517757316 0.27912434023209143 0.03239600593149898 0.029762743102595034
0 0.5346775226630509 0.6533331241532894 0.038837006920082115 0.03477779172311415
0 0.2114655157429687 0.7030143781100182 0.03567751482874763 0.0720321302577247
5 0.5213378532325796 0.27281678652318975 0.043588173916276673 0.03658595318850324
0 0.7136805676435853 0.4311261742441463 0.030960839923887918 0.03280585594746519
0 0.4867228423209837 0.7205516016520521 0.040654174904859806 0.041109678878243724
0 0.7316585879095404 0.3342954398479786 0.03870967292769336 0.03165279172311397
0 0.8303043349437911 0.34315810549723935 0.04189833992388756 0.033379066033373574
0 0.14512824992563791 0.7813308078927731 0.038738847832553214 0.07063340456798421
5 0.6671968398867067 0.3283187567858633 0.04508700692008212 0.035105340343632996
0 0.6033093893158655 0.09779245307696165 0.038837006920082115 0.03477779172311406
0 0.6483766308385464 0.9241259017429092 0.04084517589344294 0.04579717887824373
0 0.5174489188989987 0.7509041649718922 0.04078150889724856 0.04423467887824373
3 0.25271648171121125 0.07593065694283349 0.05317803262324476 0.15186131388566698
0 0.5482704263505536 0.31973937415328935 0.040335839923887916 0.033297178878243815
0 0.6159526748676788 0.3232085329051451 0.040399506920082116 0.034859678878243816
0 0.6644446412186698 0.8741701673467415 0.04266234387822045 0.05212906603337366
0 0.4544368547154544 0.2693066841937691 0.038773339923887915 0.03321529172311406
0 0.47726297619964175 0.8761841259623117 0.0409725098858317 0.048922178878243724
0 0.20792136308123035 0.6369356767305373 0.03462435079830275 0.08445024310259512
3 0.44262526281440023 0.3104639507021124 0.08303267589344294 0.048008132066747145
0 0.10581898809982086 0.4450524711671847 0.050220175893442943 0.04628850180902226
5 0.30693050193998533 0.3690278024657062 0.03111734882113648 0.07491146879233561
5 0.07106205574340621 0.9154025927184822 0.045116181824942016 0.07408595318850324
5 0.12542856216919684 0.8821496794440706 0.0352318458553869 0.0610946302577247
5 0.26642888285289384 0.540319626300996 0.031817685779274726 0.09209896879233562
5 0.18363492338480397 0.3528815812985215 0.03462435079830275 0.08445024310259504
0 0.45816546631380994 0.9239598846687389 0.041481845855386903 0.06142217887824373
0 0.5658359056274879 0.022577769110335197 0.04071784190105419 0.0426721788782438
3 0.6415521941450506 0.23065586273332855 0.07515650889724856 0.04603619629109836