3 0.44296875 0.34296875 0.0515625 0.0375
3 0.853125 0.925 0.0703125 0.14296875
3 0.53125 0.471875 0.0796875 0.0421875
0 0.74375 0.20859375 0.03671875 0.02890625
3 0.74140625 0.49140625 0.0734375 0.0421875
0 0.10859375 0.4515625 0.03984375 0.0359375
0 0.38203125 0.04609375 0.03203125 0.06640625
0 0.5609375 0.39453125 0.03828125 0.0296875
2 0.35078125 0.37578125 0.121875 0.12890625
0 0.8640625 0.4296875 0.0390625 0.0296875
3 0.1953125 0.6203125 0.0296875 0.1234375
0 0.0515625 0.4734375 0.0390625 0.034375
0 0.1703125 0.9625 0.0328125 0.06328125
1 0.13828125 0.06328125 0.0578125 0.1265625
0 0.6546875 0.39375 0.03984375 0.03125
5 0.94921875 0.25703125 0.0375 0.0296875
0 0.55234375 0.74296875 0.034375 0.0375
5 0.753125 0.3375 0.04453125 0.03359375
0 0.56171875 0.92734375 0.03515625 0.046875
0 0.58984375 0.6734375 0.03515625 0.0328125
5 0.11015625 0.50625 0.04375 0.03671875
0 0.06015625 0.51875 0.03203125 0.02734375
0 0.5859375 0.771875 0.034375 0.04140625
5 0.4109375 0.296875 0.03984375 0.03046875
3 0.24140625 0.071875 0.028125 0.1375
0 0.22890625 0.89140625 0.0296875 0.065625
0 0.21640625 0.321875 0.01640625 0.0640625
0 0.56015625 0.340625 0.03515625 0.0296875
0 0.28515625 0.71953125 0.02578125 0.0625
0 0.69296875 0.875 0.03515625 0.0453125
0 0.51953125 0.04296875 0.03828125 0.03046875
0 0.5671875 0.11796875 0.0375 0.03125
0 0.6578125 0.978125 0.0203125 0.04375
5 0.19765625 0.965625 0.03515625 0.06640625
0 0.26015625 0.80234375 0.0265625 0.0625
5 0.2390625 0.7640625 0.03359375 0.08046875
0 0.20703125 0.88203125 0.0265625 0.0640625
3 0.5140625 0.975 0.02578125 0.05
0 0.26640625 0.63671875 0.02109375 0.06953125
0 0.75390625 0.92421875 0.028125 0.04375
3 0.3234375 0.4484375 0.06484375 0.07734375
0 0.290625 0.63671875 0.01875 0.0671875
4 0.46171875 0.98125 0.0234375 0.03671875