0 0.5571959540955571 0.26484375 0.038955492142117264 0.03125
0 0.6063568920610638 0.31640625 0.038955492142117264 0.03125
0 0.8659437537240537 0.4125 0.03888271753501123 0.0296875
3 0.7320244404512153 0.95625 0.08532537799792798 0.0875
0 0.09786153370784298 0.48203125 0.045496590570540583 0.0375
0 0.12898298532220082 0.78671875 0.04233735731976358 0.0703125
0 0.11014967204485322 0.3859375 0.04073631596343472 0.0359375
0 0.037925761581936494 0.44375 0.03746576674922301 0.0328125
5 0.4298693207209457 0.28125 0.043788541356328814 0.034375
5 0.09137824731391286 0.43671875 0.056797963606069854 0.0453125
5 0.49018823656054594 0.29453125 0.04542381596343468 0.0359375
0 0.08248466687756671 0.8625 0.04204625889134015 0.0640625
4 0.2455455548002922 0.615625 0.05487589867609248 0.1046875
0 0.5257188982663169 0.6890625 0.04066354135632881 0.034375
0 0.21476858974648025 0.60546875 0.03786818114108117 0.075
0 0.4494883079006641 0.3296875 0.035757717535011224 0.0296875
0 0.1702672648917054 0.70546875 0.03950345574818703 0.0765625
0 0.08954164971405895 0.74453125 0.04092040653397529 0.0734375
0 0.12647226137704873 0.840625 0.04226458271265772 0.06875
5 0.6617914088102869 0.28359375 0.04520549214211709 0.03125
5 0.16995474173234157 0.7625 0.04589900496239876 0.0796875
0 0.7884672630296785 0.49921875 0.037320217535011226 0.0296875
3 0.4776732739879333 0.24453125 0.05665241439185813 0.0421875
0 0.6194498591817904 0.1359375 0.043788541356328994 0.034375
0 0.4300170239879334 0.24453125 0.03085189371369381 0.025
0 0.527480335612651 0.98671875 0.026237168320799496 0.0265625
0 0.07744825641464999 0.9203125 0.041682385855810855 0.05625
0 0.039473299009323934 0.39375 0.04393409057054058 0.0375
0 0.45125213089341215 0.0234375 0.03812073821317572 0.046875
5 0.5484181135250166 0.30234375 0.04535104135632899 0.034375
3 0.7142742458661708 0.38125 0.09913101282028158 0.0484375
0 0.9497300947088789 0.52578125 0.045351041356328635 0.034375
0 0.6105563945422633 0.2765625 0.04059076674922295 0.0328125
5 0.5585529387940762 0.353125 0.045351041356328815 0.034375
0 0.6435997952897795 0.92578125 0.042735463606069855 0.0453125
0 0.6362389055050273 0.96640625 0.03655823821317572 0.046875
5 0.8028273236164297 0.3921875 0.050111315963434676 0.0359375
0 0.474969727464318 0.75546875 0.039319365177646406 0.0390625
0 0.592801776054848 0.05390625 0.03583049214211727 0.03125
5 0.9204129299027362 0.4171875 0.05174659057054072 0.0375
0 0.5017120099293066 0.78515625 0.03946491439185813 0.0421875
5 0.6738526071148758 0.3265625 0.045351041356328815 0.034375
0 0.0047644669158387505 0.453125 0.009528933831677501 0.040625
0 0.49563556182960544 0.3453125 0.04883991439185813 0.0421875