0 0.32421875 0.56640625 0.0296875 0.0234375
0 0.72734375 0.375 0.03515625 0.02734375
0 0.5875 0.36484375 0.02578125 0.02265625
0 0.25703125 0.565625 0.03359375 0.02421875
0 0.6609375 0.36875 0.03359375 0.0265625
5 0.72734375 0.3203125 0.03671875 0.028125
0 0.4578125 0.89140625 0.01328125 0.05859375
5 0.77421875 0.44453125 0.0375 0.03515625
0 0.821875 0.33046875 0.0390625 0.0265625
0 0.93828125 0.0609375 0.01328125 0.059375
0 0.625 0.88125 0.0140625 0.0578125
0 0.66640625 0.95703125 0.01328125 0.06015625
0 0.6453125 0.88203125 0.0125 0.05703125
0 0.6296875 0.95234375 0.015625 0.0609375
0 0.5453125 0.9515625 0.0109375 0.05546875
0 0.56171875 0.946875 0.01171875 0.05625
0 0.4703125 0.7640625 0.01484375 0.059375
0 0.5296875 0.95 0.0125 0.05859375
0 0.3921875 0.62421875 0.03515625 0.04375
0 0.59765625 0.94765625 0.0140625 0.05234375
0 0.7859375 0.21328125 0.0140625 0.0515625
0 0.578125 0.94765625 0.0125 0.05234375
0 0.67578125 0.75078125 0.0109375 0.0453125
0 0.6453125 0.94765625 0.0140625 0.0625
0 0.921875 0.19296875 0.01484375 0.05625
0 0.6125 0.94765625 0.0140625 0.05390625
3 0.15703125 0.9421875 0.07109375 0.08359375
0 0.88671875 0.1984375 0.0125 0.03828125
0 0.83515625 0.05546875 0.02734375 0.04765625
0 0.93984375 0.19375 0.01640625 0.06484375