3 0.020449257793670142 0.1394969935898592 0.040898515587340284 0.06788101282028158
0 0.4922753452887525 0.10945185111901978 0.035653276735205 0.042153266749223
0 0.5672814270838517 0.2951838358175388 0.055637994804219916 0.038411836641599174
0 0.31904176097263787 0.6602781046336764 0.04324725544788164 0.03939213978475244
0 0.15272725418737393 0.3215003567005911 0.07260697351689646 0.03608735731976358
0 0.9095449727605918 0.14452659450399122 0.07216993094224974 0.02983735731976358
0 0.9035027863704606 0.20866186911109708 0.0671546490112643 0.02493153349844599
0 0.3940910374557415 0.6894882615819365 0.05160605866619035 0.047568512820281586
0 0.8744601425549764 0.2676387628247908 0.07674817029858758 0.02849318114108108
0 0.32940618856069265 0.8350041228306416 0.04982503737886681 0.04437073821317554
0 0.4963683575218981 0.4184073201017731 0.045028276735205 0.04258991439185813
5 0.6087251539549429 0.05886319210384512 0.03921531930985207 0.04854881596343472
0 0.2207799515501429 0.9296146095960752 0.04826253737886681 0.04429796360606986
0 0.021965704197209147 0.3577375713401182 0.043931408394418295 0.03430653349844599
0 0.783616257289467 0.16362981307245977 0.06813799480421992 0.03899403349844599
0 0.4134358892007818 0.490796050457066 0.04848105866619044 0.04742296360606986
0 0.7736406877275135 0.2840150876795656 0.07195140965492612 0.02671235731976358
0 0.07834461322188131 0.3273009005381192 0.07751299480421991 0.03943068114108108
0 0.13808133807616005 0.675714821754403 0.04982503737886686 0.04437073821317572
3 0.81343516124441 0.24945599710902505 0.11970049480421992 0.0413955955329393
5 0.1802948793134247 0.2836172129868973 0.08699725544788164 0.04142982878371626
0 0.2772298634739829 0.24483934925699297 0.07863845222957302 0.033253455748187034
5 0.7951439831521521 0.22149581700140125 0.0721699309422494 0.02983735731976358
0 0.10042851876630801 0.7241908631107318 0.05618429802252858 0.046224336641598994
0 0.7953093300303884 0.664571574859284 0.0680287341605581 0.0374315334984459
5 0.9365520530430818 0.7716840998806747 0.01545003737886681 0.04276969685684691
5 0.049542997983187634 0.5832790727878603 0.05963707995351379 0.0510573858558109
5 0.2697562170606086 0.2849014230783105 0.08688799480421991 0.03986732878371626
0 0.8566545555640971 0.04342216687756671 0.06355975544788137 0.04033820967712844