0 0.9138699090151746 0.15559968403205607 0.05352741439185813 0.04458906203449331
0 0.8500621201400452 0.15808467514071595 0.044006865177646404 0.04102741439185813
0 0.5725942456567739 0.19271427046876743 0.04542381596343468 0.037975188998963995
0 0.34370965198135217 0.801800210296301 0.03688787799792799 0.08902826674922296
0 0.37437110876299645 0.9666524607105856 0.03815927956950462 0.06669507857882877
0 0.8640048037623256 0.27332868547979816 0.04407963978475209 0.04258991439185813
0 0.7867637535146568 0.17150716624937576 0.044006865177646404 0.04102741439185813
0 0.6457727264263514 0.12362397621695446 0.05040241439185813 0.04444351282028158
5 0.6035253761359012 0.32122241418246117 0.06973461124870503 0.057816808105551856
0 0.730877626550186 0.1766997803935649 0.051819365177646404 0.041391287427387444
0 0.6324230099247974 0.18848484284234296 0.044006865177646404 0.041027414391858176
0 0.4429880206781645 0.037782713810957644 0.05472604135632899 0.03684933664159915
0 0.3712115281217625 0.15371162075921768 0.06348461124870504 0.0575257096771284
5 0.22397265508623324 0.13905830769126712 0.066100188998964 0.04673375889134013
0 0.17328141211554654 0.40642343610347986 0.05687073821317572 0.049422111248705033
0 0.3239663087247244 0.32769062220695977 0.051819365177646404 0.041391287427387444
0 0.008998318444634083 0.0760359611248705 0.012756865177646435 0.039571922249741
0 0.37654142265951657 0.8204795897419711 0.040449525640563165 0.09854881596343468