0 0.3855635189917588 0.2356487364323327 0.02902311866166656 0.029517081637205768
0 0.5823503360982866 0.2512350356186786 0.03439412384546294 0.03757524310259504
0 0.5256909415176385 0.18670886816039553 0.03269492280870363 0.03593085594746528
0 0.3751611356271751 0.4127811244919736 0.0394917269557407 0.042508404567984215
0 0.4766464317156938 0.3258399672104558 0.03466752591898139 0.040700243102595034
0 0.457208675354119 0.6957297433297377 0.03439412384546294 0.03757524310259512
0 0.5599947568807399 0.4352725209193576 0.03623002591898139 0.0407821302577247
0 0.33734063246962914 0.25858162539648477 0.03976512902925915 0.04563340456798422
0 0.6260107361455548 0.40041948609364847 0.031269123845462946 0.03741146879233561
0 0.5235118697929624 0.30533271540143353 0.036366726955740704 0.042344630257724794
0 0.2795384029219903 0.21687548224846118 0.03806592799249993 0.04398901741285455
5 0.5203737652220821 0.6013788777713339 0.037929226955740705 0.042426517412854636
5 0.29952756564592525 0.31079257858498804 0.0394917269557407 0.042508404567984305
0 0.4416254656931935 0.45481813828678347 0.03962842799249984 0.044070904567984216
0 0.9259519475499065 0.40196653946386585 0.06326141762490742 0.029756099050060315
0 0.33745891819055523 0.1612562460432711 0.03976512902925915 0.0456334045679843
0 0.865983042318842 0.2457884605401935 0.06013641762490742 0.0295923247398008
0 0.5399400777569442 0.08942775441101411 0.03439412384546294 0.03757524310259504
0 0.9229951684733791 0.20669830506769804 0.05999971658814829 0.028029824739800802
0 0.03354168920856427 0.2847058706467863 0.020058221771944384 0.033713258706427315
0 0.38580965235634246 0.05904861488103517 0.03466752591898139 0.040700243102595034
0 0.9549764832708327 0.3031262477407518 0.056874716588148286 0.027866050429541288
0 0.9496348723848606 0.2869247156285762 0.05999971658814829 0.028029824739800802
5 0.6353535077292116 0.6597092769122513 0.041601031102777596 0.048840291723114146
0 0.8611492793593513 0.22642098485045298 0.056874716588148286 0.027866050429541288
0 0.5751030555611567 0.356782350747541 0.036093324882222076 0.03921963025772479
0 0.9357583000945364 0.25390417571448437 0.057011417624907426 0.02942855042954129
0 0.7949849115461565 0.4300206976498947 0.06353481969842587 0.032881099050060314
0 0.6241248988694897 0.4954830026019918 0.036093324882222076 0.0392196302577247
0 0.9420178620172678 0.27162726424909517 0.056874716588148286 0.027866050429541288
0 0.9305533902453235 0.23926514360230877 0.05857391762490707 0.029510437584671045
0 0.7230730809144902 0.23601174807943606 0.0489255155513888 0.02589411465389251
5 0.4374472306789345 0.32632464608869965 0.04173773213953691 0.050402791723113974
0 0.9298309288409717 0.2220367000247439 0.06992152073518518 0.03477114767057934
0 0.9619489446751845 0.32002714269779764 0.05999971658814829 0.028029824739800802
0 0.8698577724321286 0.4425782513587964 0.060273118661666555 0.0311548247398008
0 0.9211497044771292 0.18560455506769805 0.06849572177194432 0.03625176051544958
0 0.1154670495288886 0.14463639133900125 0.0653707217719444 0.03608798620519007
0 0.3059369331762962 0.03419577905995789 0.0504292269557407 0.043081614653892555
0 0.13852313218680518 0.19287249547744423 0.04607391762490733 0.02885534034363304
0 0.18188144439236056 0.2847800344870248 0.0653707217719444 0.03608798620519007