0 0.6806920163268868 0.3283474073037976 0.030887901451278843 0.03697231969842587
0 0.48883445397531833 0.9156203977846769 0.02932540145127884 0.036835618661666555
0 0.6544842466262569 0.8345187863330568 0.02937996515360979 0.03839811866166656
0 0.660426645545647 0.37635497181842714 0.027599210344286362 0.032011417624907425
0 0.7915129544386545 0.3601845847306496 0.027599210344286362 0.032011417624907335
0 0.8930282921027844 0.0582229606023628 0.029270837748947898 0.0352731186616666
0 0.8658705697775986 0.17814448133754796 0.030942465153609787 0.03853481969842587
0 0.8362326881965856 0.294364803627872 0.03250496515360979 0.038671520735185094
0 0.3456176449974929 0.6068591353908339 0.052435519237293705 0.029511134213055533
0 0.8531721623358699 0.21843729066838122 0.03250496515360979 0.038671520735185184
0 0.9009573539910167 0.016816531856320295 0.029270837748947898 0.03363306371264059
0 0.7422942375557643 0.6113362730907421 0.05723214664195542 0.0330462373233333
0 0.8810838528098905 0.0976661694148165 0.02759921034428601 0.032011417624907376
0 0.8465551516209148 0.6124019041462516 0.0555605192372937 0.02978453628657398
0 0.6500174244015876 0.41488022959412163 0.024419646641955416 0.0301755155513888
0 0.820511006793058 0.6295695717711589 0.053943455534962936 0.02808533524981467
0 0.631381530206703 0.5544307451455104 0.052435519237293705 0.029511134213055356
0 0.8397197867453068 0.25957970051759416 0.024310519237293705 0.0270505155513888
5 0.5939534851935117 0.7841763252115289 0.031051592558271324 0.04165981969842569
0 0.6294098355563313 0.7896943018844457 0.029270837748947898 0.03527311866166656
5 0.6873537664117049 0.6537575104140754 0.05906746515360961 0.040995438360092604
0 0.9662600164117048 0.6293563753525481 0.04607639183263181 0.025839330066018462
0 0.6221280373782789 0.4016474977374086 0.03250496515360979 0.038671520735185184
5 0.921517946085952 0.5823344038634277 0.052380955534962935 0.027948634213055358
0 0.5865874184959559 0.8200844309137046 0.0308333377489479 0.03540981969842605