5 0.80703125 0.26875 0.0421875 0.03046875
0 0.9015625 0.32578125 0.03671875 0.03046875
0 0.56640625 0.4984375 0.0296875 0.03125
0 0.171875 0.5578125 0.0359375 0.04140625
0 0.62421875 0.92265625 0.021875 0.05859375
3 0.671875 0.04921875 0.0296875 0.09765625
0 0.40546875 0.5671875 0.03671875 0.03671875
0 0.446875 0.50078125 0.03984375 0.03828125
0 0.5078125 0.47578125 0.0390625 0.03671875
0 0.25859375 0.16875 0.0296875 0.0640625
0 0.51015625 0.525 0.04140625 0.03984375
0 0.2265625 0.61484375 0.0375 0.0421875
0 0.75859375 0.653125 0.021875 0.078125
0 0.35078125 0.59375 0.0390625 0.040625
0 0.571875 0.44921875 0.040625 0.0390625
3 0.7140625 0.49765625 0.07578125 0.1546875
0 0.5671875 0.5546875 0.0421875 0.04296875
0 0.6421875 0.15625 0.0171875 0.08515625
0 0.35078125 0.82109375 0.034375 0.04375
0 0.98046875 0.01015625 0.0375 0.0203125
0 0.7015625 0.15390625 0.01640625 0.07265625
0 0.8171875 0.3515625 0.04140625 0.04296875
5 0.74921875 0.740625 0.03125 0.0828125
0 0.71796875 0.84140625 0.021875 0.0640625
5 0.45078125 0.55234375 0.040625 0.0390625
1 0.31640625 0.43125 0.1046875 0.090625
3 0.9890625 0.31171875 0.02109375 0.04765625
3 0.64296875 0.0296875 0.021875 0.059375
0 0.66953125 0.1625 0.01640625 0.06484375
5 0.125 0.02578125 0.0359375 0.04140625
0 0.30703125 0.86640625 0.04375 0.06015625
5 0.19609375 0.96953125 0.04140625 0.0609375
5 0.45625 0.90390625 0.03984375 0.0546875
3 0.6328125 0.79609375 0.0453125 0.13828125
2 0.88984375 0.07890625 0.13203125 0.14453125
3 0.7 0.0421875 0.02578125 0.08359375