0 0.61171875 0.9609375 0.04921875 0.06484375
0 0.3953125 0.296875 0.04296875 0.03515625
0 0.77734375 0.87890625 0.021875 0.08984375
0 0.3890625 0.18828125 0.03984375 0.03203125
0 0.7671875 0.22421875 0.04453125 0.075
0 0.328125 0.190625 0.0375 0.03046875
0 0.14296875 0.01015625 0.0453125 0.01953125
0 0.0734375 0.0140625 0.0578125 0.028125
0 0.01484375 0.0140625 0.0296875 0.028125
0 0.025 0.08671875 0.05 0.04296875
0 0.32734375 0.0546875 0.04453125 0.03828125
0 0.6421875 0.25703125 0.02265625 0.09140625
0 0.8421875 0.27265625 0.04453125 0.059375
0 0.940625 0.31015625 0.04765625 0.0421875
0 0.82578125 0.44609375 0.040625 0.08671875
0 0.7953125 0.56328125 0.02890625 0.0890625