3 0.6017029358871904 0.6949407765227036 0.0952173247398008 0.06372014342931002
3 0.3354648614860739 0.8445054757844229 0.11585737336031983 0.07127182757475126
0 0.6256970358417618 0.7813486458933201 0.042344630257724704 0.03541586829088228
0 0.65111975972248 0.7315884777870079 0.04398901741285464 0.03707849784053181
0 0.3633231886007239 0.7520769463270588 0.040864017412854545 0.0368782387412331
0 0.6673113257558537 0.7731146437338519 0.03436835594746519 0.031790220542635694
0 0.4120815931687082 0.7910183328165384 0.034368355947465366 0.031790220542635694
0 0.5613036651949755 0.7857870195828732 0.04259029172311415 0.04010336829088228
0 0.9167702566702622 0.4519555467238856 0.04086401741285428 0.0368782387412331
0 0.5201530427391668 0.7434400308416402 0.04398901741285464 0.03707849784053181
0 0.137515362390585 0.8559577082041347 0.04415279172311406 0.04020349784053181
0 0.40477486770611026 0.36931331353820696 0.041027791723114146 0.040003238741233106
0 0.879651952734218 0.9471190499630883 0.029919873360319826 0.06576470234403828
0 0.4274886714150119 0.2975780158822454 0.041109678878243724 0.04156573874123311
0 0.9174054217536962 0.5532176580749377 0.04744156603337331 0.04352875693983034
3 0.09639140038411279 0.1455511343300113 0.09692366689245617 0.15570738433001127
5 0.5047836702833581 0.702745179669621 0.04398901741285446 0.03707849784053181
0 0.5097268820667471 0.11364190931155538 0.04505355042954129 0.05739099784053168
0 0.921075976367109 0.504399426273535 0.04735967887824373 0.04196625693983016
0 0.610312132516973 0.9847503427648586 0.050730340343632996 0.03049931447028271
0 0.19865990728151775 0.12095974938169116 0.0446441146538926 0.04957849784053168
0 0.8587042876507842 0.8445552544665951 0.03024742198083885 0.07201470234403828
0 0.4146499932141367 0.7063126657899603 0.04398901741285446 0.03707849784053163
0 0.3888013076656306 0.2725186566906618 0.04283595318850333 0.04479086829088228
0 0.9814131925594826 0.46271137645810506 0.03717361488103492 0.046753886489479514
0 0.5435386380596409 0.06052620372831443 0.041764776119281775 0.054065738741233015
0 0.46311847071289947 0.7545789875046154 0.04415279172311415 0.04020349784053181
0 0.546552847691264 0.9203227058877829 0.040864017412854635 0.0368782387412331
2 0.7708756597679086 0.6543925269841289 0.07609991180407363 0.23379281153562204
0 0.8111985238559744 0.903801044102992 0.0264673247398008 0.05931444324473993
5 0.8796354268420788 0.4713773727574774 0.041027791723114146 0.040003238741233106
5 0.8061225995002863 0.9793246152039508 0.027702276119281777 0.0413507695920984
0 0.8756085046340975 0.8253942442875623 0.031973696291098364 0.07523983189368763
0 0.7101307530522177 0.34216383481912327 0.03797803482570909 0.07095285009228505
0 0.48066781885844867 0.7922990330011086 0.04415279172311415 0.04020349784053181
0 0.5961013890756938 0.736627628774457 0.04744156603337366 0.04352875693983034