0 0.8884696200597226 0.35399518145285813 0.03343074905006915 0.026944308004454333
0 0.9589834482319795 0.4305764101288577 0.0302693814588892 0.025345445337363513
0 0.8494259570656947 0.3879065574474493 0.030233013867708537 0.023782945337363515
0 0.5671453596104866 0.6423646014083148 0.018278527735416716 0.04707499466899989
0 0.09190113174322936 0.2236653140117722 0.033430749050069465 0.026944308004454333
0 0.8511527644363891 0.42854064811422204 0.0271443814588892 0.02530908267027261
0 0.3882689450978475 0.30599874538508853 0.027108013867708357 0.02374658267027261
0 0.661614872909514 0.2716895694223141 0.03397626291777769 0.05038180800445433
0 0.5711263044239937 0.7462890327418601 0.01864220364722229 0.06269999466899989
0 0.646418551574202 0.8268310554184961 0.018423998100139016 0.05332499466899989
0 0.9894203500659202 0.3911326494668575 0.021159299868159565 0.02687158267027252
0 0.35251393626413224 0.3469777340467706 0.028670513867708358 0.023764764003817974
5 0.33194620991548635 0.3022192173774525 0.046076219414791716 0.03333975867281787
0 0.6033199021635423 0.6865236814130873 0.01849673328249999 0.056449994668999894
0 0.2371312045002436 0.6580504993634532 0.018351262917777868 0.050199994668999895
0 0.5926810753224654 0.1623231127466327 0.02162173328249999 0.056486357336090795
0 0.3899048334905905 0.34272658605186124 0.03343074905006951 0.026944308004454333
0 0.928350390861285 0.3896059647914943 0.04280574905006951 0.027053396005727048
0 0.2678837099154864 0.3014737827020893 0.03982621941479172 0.03326703333863614
0 0.2191903303564585 0.22280334269572594 0.03499324905006951 0.026962489337999784
0 0.5996084482319796 0.42639470341340535 0.031904616641249994 0.02848862667090888
0 0.17000794794763907 0.22379313068904444 0.03513871941479172 0.033212489337999786
0 0.27157044794763907 0.22497491736949832 0.03343074905006951 0.026944308004454333
0 0.2729725598392364 0.38588514536918017 0.02703527868534721 0.020621582670272608
0 0.3257864756830558 0.27246808271004347 0.03492051386770836 0.023837489337999784
0 0.9734057048814933 0.24485708613140306 0.038409189779513755 0.03949885200509069
0 0.17766071304961842 0.41836074335613527 0.033430749050069465 0.026944308004454243
0 0.6747955118709381 0.703757182089405 0.018423998100139016 0.05332499466899989
0 0.3827995418874655 0.2723504513844522 0.028597778685347207 0.02063976400381797
0 0.3378195758911463 0.5545629673774525 0.031868249050069505 0.02692612667090888
0 0.013776131743229354 0.22275624733449995 0.017733013867708352 0.023637494668999892
0 0.4409601468452086 0.42220554805854277 0.027398954597152782 0.03624658267027261
1 0.7923940538553127 0.3536582794398133 0.07907055737069442 0.04153406667727229
0 0.7244266102760768 0.4200367100970411 0.03343074905006951 0.026944308004454243
0 0.6759339056789239 0.3835446794239049 0.03666485182361114 0.03166817067154524
0 0.5775691408612851 0.3855242554105419 0.025618249050069507 0.02685340133672707
5 0.521973104292153 0.37941006806967864 0.03677395459715278 0.036355670671545236
5 0.05136705072118075 0.22709884933959062 0.04284211664125004 0.02861589600572696
0 0.39494174486909767 0.5591328360518613 0.03506598423243057 0.030087489337999783
0 0.30269969348232684 0.55571638737268 0.03343074905006951 0.026944308004454243
0 0.26390929720579903 0.5333959447008165 0.021548998100139015 0.05336135733609062
0 0.24525021618375042 0.5370840186982713 0.01849673328249999 0.056449994668999894
0 0.17686389209555603 0.5519090400222717 0.04298758700597225 0.034865896005727134
0 0.12993434070878518 0.5490198500159084 0.03662848423243057 0.030105670671545327
0 0.08185986341020877 0.5304965693427723 0.020277438829583393 0.06584317600254544
0 0.11916245450024361 0.6566778086807721 0.02013196846486114 0.059593176002545434
0 0.15748007209142417 0.6586857513526355 0.018714938829583395 0.0658249946689999
0 0.17459483690906302 0.6557607460216354 0.018569468464861138 0.05957499466899989
0 0.19178233690906304 0.6559607406906353 0.015480836056041714 0.06110113200190899
0 0.20738915311347278 0.6553613040260897 0.021803571238402774 0.0642988573360908
0 0.22372266793111165 0.6524272080283169 0.01849673328249999 0.056449994668999894
0 0.29476186654434083 0.6509107087046346 0.02183993882958335 0.0658613573360908
0 0.3097874545002436 0.6588959313733163 0.018496733282500077 0.056449994668999894
0 0.3417641531134728 0.6569248987109979 0.018714938829583437 0.0658249946689999
0 0.35975108690906304 0.6579152340467707 0.018569468464861138 0.05957499466899989
0 0.3761209693178825 0.6565436380489977 0.01864220364722229 0.06269999466899989
0 0.39403516793111165 0.6544089733847704 0.018278527735416716 0.04707499466899989