1 0.34751034453259433 0.895087076540834 0.06017466531583313 0.10053851087441501
0 0.3865062621110189 0.1913227479856526 0.031269123845462946 0.037083505931499075
0 0.3216394945798625 0.7458975014456938 0.029296520735185183 0.03233233893530461
0 0.4401575253533336 0.09416390509601524 0.034530824882222075 0.03877333992388783
0 0.29806316795421406 0.5615835098486507 0.030995721771944408 0.03395850593149916
0 0.22488207177115896 0.7840925212173573 0.03650342799249993 0.04352450692008229
5 0.25259484307199187 0.6008025187458992 0.036366726955740704 0.04196200692008212
5 0.23570128605023283 0.6871220207230657 0.036366726955740704 0.04196200692008212
0 0.6675274844950939 0.6718618462753164 0.04667951036759259 0.01747134288963732
3 0.17746097615375164 0.8545296966165086 0.07984332488222216 0.04061968281352506
0 0.10494142719051092 0.8559277119395479 0.05687471658814811 0.027228344866803766
0 0.8762182707816679 0.6088658032719483 0.05632791244111104 0.020978344866803767
0 0.010830017742292483 0.8581361521674469 0.021660035484584967 0.022540844866803765
0 0.8817649332227789 0.5899566357814623 0.05789041244111104 0.021042011862997968
0 0.8073220078221773 0.6311347341083071 0.05958961347787053 0.022668178859192523
0 0.8915985544763437 0.5576388842985875 0.06101541244111104 0.0211693458553869
0 0.8956510674358344 0.538012133804296 0.05789041244111104 0.021042011862997968
0 0.8712676391605105 0.6565538867700454 0.05945291244111104 0.021105678859192522
0 0.8863252941087512 0.5734230517890735 0.05945291244111104 0.021105678859192522
0 0.8685725746458811 0.6784607202681426 0.06101541244111104 0.0211693458553869
0 0.08477519015000161 0.8372877998862691 0.046952912441111085 0.0205963428896375
0 0.06803745801046468 0.8862346358558243 0.06298801555138885 0.025920512851581277
0 0.8024882448626866 0.650793318100696 0.061152113477870175 0.0227318458553869
0 0.8734938119692142 0.6222107202681426 0.05945291244111104 0.021105678859192522
0 0.7188923692737973 0.4673680058571369 0.0708005155513888 0.02623884783255335
0 0.8734842500464828 0.6401158032719483 0.05945291244111104 0.021105678859192522
3 0.9505687621110189 0.16833896235947726 0.0696084539114814 0.08379667984777565
0 0.116180306502594 0.7363646284414506 0.05646461347787035 0.022540844866803765