0 0.1015625 0.37578125 0.0296875 0.02421875
0 0.2078125 0.334375 0.028125 0.02265625
0 0.16484375 0.3375 0.02890625 0.021875
0 0.2171875 0.44453125 0.02890625 0.02265625
0 0.20078125 0.4046875 0.028125 0.02109375
0 0.21171875 0.3734375 0.0265625 0.021875
0 0.1546875 0.375 0.02890625 0.0234375
0 0.7828125 0.278125 0.03125 0.02421875
0 0.6625 0.28359375 0.028125 0.0203125
0 0.11953125 0.33828125 0.0296875 0.02109375
0 0.07265625 0.41484375 0.02890625 0.02109375
0 0.66015625 0.2484375 0.028125 0.02109375
0 0.028125 0.3796875 0.03125 0.0234375
0 0.6171875 0.284375 0.028125 0.02109375
0 0.4203125 0.6765625 0.01171875 0.0515625
0 0.71875 0.28046875 0.0296875 0.02265625
0 0.9859375 0.18984375 0.028125 0.0234375
0 0.021875 0.415625 0.02890625 0.0234375
0 0.01484375 0.45234375 0.02890625 0.0234375
0 0.8265625 0.1953125 0.03046875 0.02421875
5 0.946875 0.1953125 0.03671875 0.02578125
0 0.884375 0.51953125 0.03125 0.02421875
0 0.61484375 0.2546875 0.02734375 0.01875
0 0.0875 0.44921875 0.02265625 0.0203125
0 0.77734375 0.24375 0.03125 0.02265625
0 0.7546875 0.509375 0.0125 0.05390625
0 0.621875 0.53515625 0.03125 0.0234375
0 0.8171875 0.625 0.0125 0.05234375
0 0.67890625 0.53203125 0.028125 0.02265625
0 0.9046875 0.1921875 0.02734375 0.021875
0 0.715625 0.5296875 0.02578125 0.021875
0 0.6640625 0.62890625 0.01328125 0.05546875
0 0.35 0.68671875 0.01171875 0.05078125
0 0.76953125 0.51015625 0.0140625 0.04921875
0 0.86953125 0.19609375 0.03125 0.02265625
0 0.8671875 0.62421875 0.0140625 0.05703125
0 0.72578125 0.203125 0.02890625 0.0203125
0 0.78359375 0.62734375 0.0109375 0.046875
0 0.778125 0.1953125 0.0296875 0.02421875
0 0.67890625 0.62578125 0.01328125 0.05234375
0 0.846875 0.63046875 0.01328125 0.05234375
2 0.6375 0.88125 0.109375 0.04609375
0 0.646875 0.63515625 0.01171875 0.0453125
0 0.90234375 0.62421875 0.01171875 0.0515625
5 0.1515625 0.41171875 0.03203125 0.02265625
0 0.62734375 0.63203125 0.01015625 0.03671875
0 0.9953125 0.62421875 0.00859375 0.05546875
0 0.35078125 0.978125 0.01328125 0.04375
0 0.796875 0.62265625 0.0125 0.04765625
0 0.934375 0.503125 0.01328125 0.05390625
5 0.0765625 0.33984375 0.0390625 0.0265625
0 0.7125 0.63046875 0.015625 0.04921875
0 0.7265625 0.62890625 0.0140625 0.05546875
5 0.83984375 0.5203125 0.0375 0.02890625