0 0.8314223908359214 0.2440103062763007 0.02732650395433254 0.01967758293962456
0 0.8420123113293378 0.6575098110856241 0.025764003954332537 0.019623019237293704
0 0.3289751645619175 0.3742162276826634 0.027390170950527093 0.02124008293962456
0 0.9261207144853678 0.5904190256062616 0.028952670950527094 0.021294646641955416
0 0.41201315764183527 0.3384572877567972 0.027326503954332716 0.01967758293962456
0 0.7800906314815622 0.5970832317741966 0.02276633794672147 0.022638891832631992
0 0.8525770796181267 0.7439830244251352 0.022639003954332538 0.019513891832631813
0 0.41319099707143153 0.3673635377567972 0.02582767095052709 0.021185519237293705
0 0.9621961132299545 0.8997568200712986 0.02582767095052709 0.021185519237293705
0 0.8369773014435061 0.6107439384902857 0.027390170950527093 0.021240082939624472
0 0.9633342130024932 0.582078246750321 0.02901633794672165 0.022857146641955418
0 0.9409392426599883 0.7236853933922764 0.02582767095052709 0.021185519237293705
0 0.9824529220134725 0.782477550834005 0.022639003954332538 0.01951389183263199
0 0.2546264219762913 0.4120188172457099 0.025764003954332714 0.019623019237293704
0 0.13997367296487448 0.4207167493670278 0.029016337946721472 0.022857146641955418
0 0.9451293355496257 0.7689160478387802 0.022639003954332538 0.019513891832631813
0 0.7762520711779886 0.31087291326254235 0.024201503954332536 0.019568455534962847
0 0.3687870810638203 0.3720436032732266 0.029016337946721472 0.022857146641955418
0 0.18750258897248573 0.4159275564459367 0.03057883794672147 0.02291171034428636
0 0.8779153888587551 0.232998395206375 0.025764003954332537 0.019623019237293704
0 0.7827036369187697 0.6228099180718658 0.021076503954332713 0.019459328130301046
0 0.8402123893902275 0.6325370929367896 0.024201503954332536 0.019568455534962937
0 0.87590980885788 0.6445906596343454 0.021076503954332537 0.019459328130301046
0 0.9572566038384144 0.8553346974759606 0.027390170950527093 0.021240082939624472
0 0.9900678441625473 0.869005327875847 0.019864311674905367 0.01951389183263217
0 0.9651023014435062 0.6062697148991557 0.025764003954332537 0.019623019237293704
0 0.9112357911005639 0.9547369859505478 0.025700336958138337 0.018060519237293703
0 0.8468244867284893 0.6988069336809624 0.02582767095052709 0.021185519237293705
0 0.831930362698482 0.5060837203414513 0.012592841901054187 0.04100694591631608
0 0.8819316571847245 0.7155752822296836 0.02589133794672165 0.022748019237293703
0 0.9483790109487771 0.8102677341364494 0.02582767095052709 0.021185519237293705
0 0.9856880099601938 0.8042707052805088 0.022639003954332538 0.019513891832631813
0 0.858376093458291 0.8094988970204735 0.02582767095052709 0.021185519237293705
0 0.9664180396176892 0.9457687245178026 0.027453837946721647 0.02280258293962447
0 0.8734413834587287 0.6032116914855108 0.022639003954332538 0.01951389183263199
0 0.9667112223940333 0.6265549330479903 0.025764003954332537 0.019623019237293704
0 0.8595088760443549 0.5684919511041576 0.022639003954332538 0.019513891832631813
0 0.36758933699531937 0.40025044882672295 0.024201503954332716 0.019568455534962937
0 0.6904339293906652 0.43200635799773196 0.023594008897248563 0.04295139183263199
0 0.9815615840667509 0.7606025508340051 0.025764003954332537 0.019623019237293704
0 0.9008447777546909 0.8917285544622022 0.024265170950527094 0.021130955534962935
0 0.7760742935348407 0.5753173591788584 0.022639003954332715 0.01951389183263199
0 0.4135875865010277 0.3962970696079626 0.025764003954332537 0.019623019237293704
0 0.9336413958160182 0.6597865844992691 0.02589133794672165 0.022748019237293703
0 0.8935150974126238 0.8270484955691948 0.024201503954332536 0.019568455534962937
0 0.906452860227024 0.4917459126295702 0.0159725098858317 0.04736607332097762
0 0.9933347656073661 0.9141541367688546 0.013330468785267868 0.01951389183263217
0 0.9701054778312408 0.652254337494494 0.02582767095052709 0.021185519237293705
0 0.8884800875267921 0.7802826229738564 0.024265170950527094 0.021130955534962935
0 0.7850938078692968 0.643067854369535 0.019514003954332716 0.01940476442797028
0 0.729389000037181 0.3704041698859643 0.02582767095052709 0.021185519237293705
0 0.2976270054743885 0.4112995654316114 0.022639003954332715 0.01951389183263199
0 0.9874560984012071 0.8284621734293435 0.022639003954332538 0.01951389183263217
0 0.9468019234963471 0.7907637659876148 0.024201503954332536 0.019568455534962937
0 0.7869255633065042 0.6688218225183695 0.022639003954332715 0.01951389183263199
0 0.973355153230392 0.6936060237921631 0.025764003954332537 0.019623019237293704
0 0.8609572653974013 0.8344443333181427 0.025764003954332537 0.019623019237293704
0 0.8633792698460254 0.8554835196158118 0.02589133794672165 0.022748019237293703
0 0.976685741671405 0.7177429282386668 0.024201503954332536 0.01956845553496276
0 0.8420229457022874 0.5041665562763007 0.012656508897248387 0.04256944591631591
0 0.8541541670705565 0.7634869925739698 0.024265170950527094 0.021130955534962758
0 0.8676131947137045 0.4985787551878415 0.012656508897248387 0.04256944591631608
0 0.8048518454354575 0.8207563447508882 0.022639003954332538 0.01951389183263217
0 0.9277933024320892 0.6122667437550962 0.02582767095052709 0.021185519237293705
0 0.9294977238769079 0.6348957119039307 0.024201503954332536 0.019568455534962937
0 0.9652548572612745 0.4756099919409976 0.0159725098858317 0.04736607332097762
0 0.6807670411005639 0.9627851320443492 0.013518671939110227 0.025436509618646852
0 0.9414499427365379 0.48661197932712597 0.0159088428896375 0.04580357332097762
0 0.8746762085910497 0.959925482955323 0.025445668973360824 0.011810519237293704
0 0.7727755385919248 0.5519617047323546 0.025891337946721472 0.022748019237293703
0 0.8699913671842872 0.9217533603599847 0.024265170950527094 0.021130955534962935
0 0.9040480322033153 0.9127404589087058 0.021076503954332537 0.019459328130301046
0 0.979075912621932 0.738000864536336 0.025764003954332537 0.019623019237293704
0 0.8544234225077639 0.7892955244251352 0.027390170950527093 0.021240082939624472
0 0.8808811517475172 0.6897940322296836 0.024265170950527094 0.021130955534962935
0 0.993031018078824 0.9383728867688544 0.013937963842352019 0.021185519237293705
0 0.9368592377170725 0.7003570207969382 0.024201503954332536 0.019568455534962937
0 0.805527030188968 0.5109175532810758 0.012720175893442941 0.044131945916316084
0 0.9344690667665454 0.680099084499269 0.02582767095052709 0.021185519237293705
0 0.8544592787060932 0.5021675466576538 0.012720175893442941 0.044131945916315904
0 0.8982636058155806 0.8667831181645329 0.024265170950527094 0.021130955534962935
0 0.7924553913302129 0.2477181488345721 0.028889003954332713 0.01973214664195542
0 0.9925303051321025 0.89386891862002 0.01493938973579496 0.01951389183263217
0 0.8163690296946763 0.5081918573647599 0.012592841901054187 0.04100694591631608
0 0.8932671107213155 0.49455345409938245 0.014282675893442943 0.044186509618646855
0 0.8800853142950874 0.6702627822296836 0.019450336958138338 0.017842264427970277
0 0.8180614526595509 0.9337374943880683 0.016389003954332536 0.019295637023308387
0 0.6822300875267919 0.7874850316815294 0.0159725098858317 0.04736607332097762
0 0.6514509783255322 0.6657290827699885 0.016099843878220454 0.05049107332097762
0 0.9717143987817678 0.6725395556433285 0.024201503954332536 0.01956845553496276
0 0.9057842871462313 0.9361506770575403 0.022639003954332538 0.01951389183263217
0 0.8967183518612479 0.8480604000156985 0.019450336958138338 0.017842264427970277
0 0.9942420203031361 0.9539978867688547 0.011515959393727826 0.010138891832632169
0 0.8909020919754163 0.8013218092715256 0.022639003954332538 0.019513891832631813
0 0.7931225306832594 0.5136978128997226 0.012656508897248564 0.04256944591631608
0 0.673501027754691 0.8996675731513417 0.01590884288963732 0.04580357332097762
0 0.9559315257775246 0.8804165430294567 0.028952670950527094 0.02129464664195524
0 0.9892474669382352 0.8479388597270127 0.021505066123529558 0.01951389183263217
0 0.6897826023555396 0.8576338405745367 0.0159725098858317 0.04736607332097762
0 0.8733219556253002 0.9458902648064884 0.025764003954332537 0.019623019237293704
5 0.33090242049341656 0.40231394583149793 0.032014003954332716 0.01984127404661713
0 0.8750821379073528 0.6242781596343454 0.021012836958138336 0.017896828130301044
0 0.8851985786295433 0.7381496866761873 0.025764003954332537 0.019623019237293704
0 0.6741682367284892 0.704836222788522 0.01434634288963732 0.04574900961864685
0 0.8851813325838762 0.7569269685273528 0.022639003954332538 0.01951389183263199
0 0.9630874511766759 0.9216318200712987 0.025764003954332537 0.019623019237293704
0 0.9222157589716108 0.8017930352249085 0.014219008897248387 0.04262400961864685
0 0.8059487718231919 0.8668773766020536 0.02276633794672165 0.02263889183263217
0 0.7866430845238614 0.3738813447508881 0.021076503954332713 0.019459328130301136
0 0.9982915558549493 0.5061407401268991 0.003416888290101383 0.022748019237293703
5 0.7882162188968109 0.2204835262392338 0.03207767095052709 0.02140377404661713
0 0.7908782342570313 0.6890251951137077 0.019514003954332716 0.01940476442797028
0 0.2781620810638203 0.3752082980084162 0.029016337946721472 0.022857146641955418
0 0.8636803587813302 0.8820733014669774 0.02582767095052709 0.021185519237293705
0 0.8100287767661077 0.8902057491973917 0.016325336958138335 0.017733137023308386
0 0.6681012619373602 0.824749418704838 0.01584517589344294 0.04424107332097762
0 0.8667562792375658 0.899960205913481 0.025764003954332537 0.019623019237293704
0 0.661697411633349 0.7443897961094997 0.014473676882026077 0.04887400961864685
5 0.7008885401119807 0.957388303914048 0.015463173916276673 0.03486607332097762
0 0.9784087732688856 0.4720212004711854 0.016099843878220454 0.05049107332097762
0 0.841277482279865 0.677876874787955 0.025764003954332537 0.019623019237293704
0 0.8479704926599883 0.7269319336809623 0.027453837946721647 0.02280258293962447
0 0.8105580173745676 0.8455926536438956 0.014953837946721648 0.02236607332097762
0 0.807117340986833 0.7995534673462263 0.013264003954332537 0.019186509618646853
0 0.9433294136105154 0.7439433296899456 0.02901633794672165 0.022857146641955418
0 0.9533357663859846 0.8359125748806221 0.02589133794672165 0.022748019237293703
0 0.8155121142185378 0.9095733080903992 0.01814250494291585 0.02403770072563951
0 0.8213283741043694 0.9563118988345721 0.01814250494291585 0.02403770072563951
0 0.8800176942194128 0.49579849556919475 0.01402800790866543 0.03793650961864685