0 0.34375 0.44609375 0.0296875 0.025
0 0.2453125 0.63125 0.02890625 0.025
0 0.725 0.4609375 0.03359375 0.0265625
5 0.715625 0.29765625 0.034375 0.0265625
0 0.85859375 0.5234375 0.03203125 0.025
0 0.67734375 0.46640625 0.03359375 0.028125
0 0.77109375 0.46484375 0.03828125 0.02734375
0 0.67734375 0.7328125 0.01015625 0.0421875
0 0.81171875 0.03203125 0.01796875 0.0421875
0 0.56640625 0.94453125 0.01328125 0.0578125
0 0.628125 0.86875 0.01484375 0.059375
0 0.6171875 0.93984375 0.0140625 0.05703125
0 0.87265625 0.16640625 0.0125 0.040625
0 0.6328125 0.940625 0.0125 0.05703125
0 0.6484375 0.86875 0.0140625 0.06171875
0 0.5359375 0.9515625 0.0125 0.05859375
0 0.653125 0.93828125 0.0125 0.0578125
0 0.58359375 0.9421875 0.0140625 0.05390625
0 0.6734375 0.94140625 0.0140625 0.06171875
0 0.471875 0.7578125 0.01640625 0.0609375
0 0.55078125 0.953125 0.01328125 0.05703125
0 0.60234375 0.93828125 0.01484375 0.05390625
0 0.76875 0.1875 0.0140625 0.0546875
3 0.16015625 0.96484375 0.0703125 0.0703125
0 0.5140625 0.56640625 0.040625 0.02890625
0 0.43203125 0.3125 0.03515625 0.03203125
5 0.76796875 0.2984375 0.040625 0.03359375
0 0.81171875 0.3 0.04140625 0.03203125
5 0.92265625 0.159375 0.0171875 0.06015625
0 0.91796875 0.028125 0.01796875 0.05546875