0 0.7567838621759378 0.41530695250808847 0.04335126291777769 0.05319677759440165
0 0.7052038315907294 0.4441530803076271 0.040153527735416715 0.04983497925407558
0 0.672076328172257 0.12657449399993728 0.040226262917777686 0.052959979254075584
0 0.6747305091180558 0.20710244358501884 0.03702852773541672 0.049598180913749526
0 0.6788926386770835 0.2854050423402633 0.040153527735416715 0.04983497925407558
0 0.6931928344405212 0.3636959857015675 0.03702852773541672 0.049598180913749526
0 0.2941819447165978 0.7444533527039368 0.08978985182361114 0.037998752699292385
0 0.9382091680280208 0.10150825209781437 0.03891833605604163 0.06377908008391256
0 0.9474581878796527 0.1638189979486295 0.035684233282500345 0.058854781743586534
0 0.9538913322563196 0.23917419545911858 0.04178876291777769 0.05307837842423861
0 0.8242752610179167 0.16540296350575062 0.05149107123840295 0.0678512734452168
0 0.9878536572459901 0.9709661712773446 0.02429268550801993 0.05806765744531077
0 0.9469842088686466 0.9991203097621956 0.04131598423243048 0.0017593804756089071
0 0.9314845358066327 0.9183046657901244 0.04327852773541672 0.050071777594401824
0 0.841404396463959 0.9013404635057505 0.05599673328249999 0.06039397095570607
0 0.9781503691097921 0.8418022879905859 0.04369926178041581 0.06003877344521698