0 0.7632240718308675 0.8225208861681835 0.03279035668871888 0.09060958944842135
0 0.32166645843375924 0.3050640155026668 0.05105975544788164 0.0403211631118273
0 0.4297521100429136 0.31524962855802446 0.047825494804219916 0.03857665258848364
0 0.7659223729554892 0.975421653621553 0.03413433540139543 0.04915669275689396
0 0.40070946622742937 0.2559810443712749 0.04313799480421991 0.038303636803468065
0 0.42065062563025385 0.20734612329635257 0.046044473516896466 0.035360647326811726
0 0.735394002773117 0.8473542861964184 0.03489915990702759 0.09851309471009344
0 0.36071289691757735 0.2069674207219864 0.04146623416055819 0.036650131541796235
0 0.16328088602181406 0.120773773536349 0.04480975544788164 0.039957142065139895
0 0.325092107192922 0.2539110391801902 0.06599634059717552 0.05364021046687402
0 0.42067812278026223 0.15210488645053225 0.048153276735205176 0.04326415258848364
0 0.17131227128732346 0.013090076153067473 0.04887454257464694 0.009071163111827324
0 0.167777361884499 0.06268055247554415 0.0578560586661903 0.04849768415851472
0 0.10741366225281608 0.011702610424521661 0.058577324505632154 0.014304694681858415
0 0.045585651609154336 0.0065454025884836235 0.041171303218308676 0.010178636803468078
0 0.5771741412175941 0.10908917577189677 0.05182457995351371 0.05125866311182729
0 0.5831070669640634 0.17168018103356858 0.054621798022528624 0.04675317363517104
0 0.7606804099070276 0.1407850387566672 0.06087179802252862 0.047117194681858446
0 0.8034031414696956 0.1954039202984634 0.05720049480421992 0.03912268415851474
0 0.9464211679527992 0.17105490963394537 0.061090319309852245 0.05024219468185844
0 0.9127238751260508 0.08972931492385208 0.0524037341605581 0.03728716837349917
0 0.6535491510280768 0.644958057313693 0.04282092055068922 0.10053062101845249