3 0.07421875 0.5109375 0.11015625 0.06484375
3 0.09453125 0.5484375 0.10390625 0.06796875
3 0.85078125 0.9203125 0.07109375 0.15234375
5 0.87421875 0.2125 0.046875 0.03203125
0 0.803125 0.25390625 0.0375 0.02890625
5 0.51484375 0.2453125 0.04140625 0.03203125
0 0.39296875 0.2453125 0.0359375 0.02890625
0 0.66171875 0.33359375 0.034375 0.028125
0 0.40625 0.2921875 0.03671875 0.028125
5 0.85078125 0.334375 0.04453125 0.03046875
5 0.903125 0.3359375 0.04765625 0.03125
5 0.5546875 0.19609375 0.0390625 0.03125
0 0.5390625 0.33359375 0.034375 0.02578125
5 0.46796875 0.29140625 0.03984375 0.03125
0 0.06015625 0.4609375 0.0375 0.03359375
0 0.78828125 0.3359375 0.03828125 0.028125
5 0.7125 0.3265625 0.03828125 0.02734375
5 0.7140625 0.209375 0.04140625 0.03046875
0 0.93515625 0.4421875 0.0328125 0.02734375
0 0.55234375 0.73515625 0.034375 0.0359375
0 0.2765625 0.75078125 0.02734375 0.06328125
5 0.46328125 0.334375 0.040625 0.03125
0 0.39609375 0.346875 0.03515625 0.03203125
3 0.21640625 0.1171875 0.03125 0.1390625
0 0.58984375 0.66640625 0.03671875 0.0328125
0 0.11015625 0.44453125 0.04140625 0.0359375
0 0.59453125 0.296875 0.03671875 0.0296875
0 0.5875 0.7640625 0.034375 0.0390625
0 0.596875 0.33359375 0.03984375 0.028125
0 0.29296875 0.64140625 0.021875 0.0671875
5 0.29296875 0.11953125 0.0203125 0.0703125
0 0.2359375 0.77578125 0.02578125 0.065625
0 0.01796875 0.571875 0.0359375 0.0328125
0 0.52109375 0.040625 0.0375 0.03046875
0 0.096875 0.18203125 0.03125 0.05859375
0 0.20078125 0.96796875 0.0328125 0.06328125
5 0.3203125 0.07109375 0.0203125 0.07109375
0 0.5671875 0.115625 0.0375 0.03203125
3 0.5140625 0.9703125 0.02734375 0.059375
0 0.29296875 0.23828125 0.0171875 0.0671875
0 0.24453125 0.84765625 0.02890625 0.06484375
0 0.53359375 0.328125 0.034375 0.0265625
0 0.246875 0.15859375 0.01484375 0.05390625
0 0.8421875 0.76796875 0.0140625 0.015625
0 0.42890625 0.98046875 0.0265625 0.0390625
0 0.75234375 0.91640625 0.02734375 0.04140625
0 0.24296875 0.01015625 0.01640625 0.0203125
4 0.45390625 0.97890625 0.03203125 0.0421875
5 0.0125 0.5234375 0.025 0.040625
3 0.21328125 0.00703125 0.02109375 0.0140625
0 0.25078125 0.91953125 0.01953125 0.06484375