0 0.24407533991774547 0.92983884925816 0.027294473516896466 0.033394381458888844
0 0.19544390395494285 0.09219141926229184 0.027185212873234655 0.03183188145888889
0 0.34309589205077334 0.46497822188333365 0.023732430942249572 0.02707164627652787
0 0.19289306830144587 0.25176644101378487 0.02718521287323474 0.03183188145888893
0 0.3799071132218813 0.34141408852458366 0.023513909654925946 0.023946646276527782
0 0.3740009566690484 0.23563621399954893 0.026966691585911206 0.028706881458888934
0 0.23441892264437625 0.0719704914506252 0.027512994804219915 0.03651938145888891
0 0.3794100864866762 0.3820936399113545 0.025622712873234654 0.03179551386770836
0 0.1976126913338097 0.049985735466701556 0.02518567029858776 0.02554551386770836
0 0.19624766124440987 0.2933181613785071 0.025076409654926034 0.023983013867708357
0 0.1895931056803127 0.20943347064906268 0.028966234160558192 0.03499324905006951
0 0.275221433112811 0.8984803996950003 0.023950952229573018 0.03019664627652787
0 0.27692032692829527 0.8406133483082293 0.02551345222957302 0.030233013867708537
0 0.0863438754550269 0.6452423776591667 0.05443612772394082 0.019986498100139017
0 0.08570473708742435 0.665573061454757 0.05610788836760257 0.021585365691319504
0 0.24237608212407533 0.875805312689028 0.02740373416055819 0.034956881458888846
4 0.3790601612444099 0.29757316954663227 0.03630884059717552 0.05076371941479172
0 0.3812350304183759 0.44552036027607667 0.023732430942249482 0.02707164627652787
0 0.045412872857136855 0.6262917026972918 0.05912362772394082 0.020095600873680654
5 0.19596915579652824 0.3308727127652779 0.028966234160558192 0.03499324905006951