3 0.37109375 0.590625 0.05625 0.05703125
3 0.47890625 0.59609375 0.10234375 0.0828125
3 0.91328125 0.9515625 0.0515625 0.096875
5 0.86953125 0.40546875 0.046875 0.04140625
0 0.57265625 0.5640625 0.0375 0.03515625
0 0.8765625 0.29296875 0.04375 0.03046875
0 0.078125 0.76484375 0.034375 0.0421875
0 0.525 0.484375 0.0359375 0.034375
0 0.4734375 0.49609375 0.03203125 0.03359375
0 0.9828125 0.0234375 0.034375 0.03125
0 0.93671875 0.84375 0.0421875 0.034375
5 0.44140625 0.56484375 0.0421875 0.0421875
0 0.58359375 0.5140625 0.03984375 0.0375
5 0.8984375 0.3375 0.0421875 0.03046875
0 0.70546875 0.8015625 0.02578125 0.06796875
0 0.76328125 0.66953125 0.0203125 0.06875
5 0.49609375 0.5359375 0.0421875 0.04140625
0 0.66484375 0.9375 0.025 0.059375
0 0.57265625 0.46171875 0.03984375 0.03671875
5 0.73984375 0.77265625 0.028125 0.07578125
0 0.68671875 0.94296875 0.0234375 0.06015625
0 0.7109375 0.8734375 0.028125 0.071875
0 0.64765625 0.6578125 0.02109375 0.084375
0 0.68203125 0.63203125 0.02109375 0.084375
0 0.8765625 0.58359375 0.03671875 0.05234375
0 0.790625 0.39375 0.0359375 0.0484375
0 0.35078125 0.83203125 0.0359375 0.0453125
0 0.99375 0.2890625 0.0125 0.03125
3 0.91640625 0.1359375 0.05546875 0.07109375
0 0.26015625 0.17890625 0.0296875 0.0625
2 0.68046875 0.1828125 0.0390625 0.24921875
0 0.6625 0.428125 0.0171875 0.06640625
5 0.728125 0.6921875 0.0296875 0.096875
5 0.1265625 0.0234375 0.0390625 0.04375
0 0.30703125 0.8671875 0.040625 0.04609375
5 0.45625 0.91484375 0.0375 0.04921875
0 0.9609375 0.33828125 0.04375 0.03359375
3 0.6125 0.89375 0.0546875 0.12265625