0 0.5546875 0.743658631950464 0.0265625 0.033573917624907426
0 0.61640625 0.8093526909984734 0.0234375 0.028613015551388798
0 0.54921875 0.8386683355791215 0.0234375 0.0270505155513888
0 0.61953125 0.8512667889249549 0.0265625 0.03669891762490742
0 0.62578125 0.7444699847779178 0.0234375 0.0270505155513888
0 0.55078125 0.7869691345423622 0.028125 0.03371061866166656
0 0.5921875 0.7458465570682419 0.0265625 0.032011417624907425
0 0.584375 0.8457488122520381 0.0203125 0.025214613477870528
0 0.5390625 0.9333068923180565 0.0234375 0.0317380155513888
0 0.5796875 0.9070964153623159 0.0265625 0.03669891762490707
0 0.59296875 0.48249695654986224 0.05 0.021561933176296223
0 0.5421875 0.8861584902445381 0.0265625 0.033573917624907426
0 0.28984375 0.618391957681158 0.053125 0.021835335249814847
0 0.97734375 0.5535560015070852 0.0359375 0.01876912384546294
0 0.6515625 0.6554956676713901 0.0375 0.036093324882222076
0 0.97890625 0.5370130504703259 0.034375 0.02019492280870363
5 0.821875 0.008412781997732256 0.028125 0.01682556399546451
0 0.3765625 0.17955505014101925 0.0421875 0.017753427992499925
0 0.01328125 0.6269630411875463 0.0265625 0.021073917624907422
0 0.7453125 0.3301061054658348 0.028125 0.03214811866166656
0 0.571875 0.9398111705461123 0.025 0.02249971658814829
5 0.58828125 0.8032195596601401 0.021875 0.04410131451462931
0 0.46171875 0.3369485936376398 0.0203125 0.029902113477870352
0 0.609375 0.9162178456638902 0.0265625 0.03669891762490707
0 0.70703125 0.10689278086643654 0.0234375 0.030175515551388844
0 0.803125 0.22036066710574226 0.028125 0.03527311866166656
0 0.80859375 0.1691009634770849 0.0265625 0.03826141762490733
0 0.8125 0.11954046088518674 0.0234375 0.039550515551388846
0 0.821875 0.04059525466463121 0.0328125 0.03255822177194438
3 0.1140625 0.5408020743165742 0.1625 0.04546690782296263
0 0.209375 0.5129320610742596 0.0609375 0.020956340433610877
0 0.51640625 0.023570307351065807 0.0578125 0.025370438360092486
0 0.3953125 0.05994588769990816 0.059375 0.02238213939685174
0 0.3875 0.10047314288370446 0.05625 0.025233737323333207
5 0.49296875 0.12015207290245464 0.0359375 0.0437691238454629
0 0.365625 0.33676195739833403 0.040625 0.0176167269557407
0 0.36640625 0.3187248568799544 0.053125 0.01714783524981467
0 0.36875 0.3021135553248155 0.053125 0.01871033524981467
0 0.3734375 0.2837347022145377 0.0578125 0.01755793836009243
0 0.46953125 0.28235883845384346 0.0234375 0.0301755155513888
0 0.47421875 0.24601123534356573 0.0234375 0.028613015551388798
0 0.49296875 0.20843332290245464 0.053125 0.018710335249814757
0 0.4984375 0.18842361927379725 0.053125 0.021835335249814715
0 0.49453125 0.0747028718656954 0.03125 0.038671520735185136
0 0.38515625 0.16552194443884333 0.05625 0.017421237323333207
0 0.3796875 0.1495941480675007 0.05625 0.018983737323333204
0 0.3859375 0.1326410939204637 0.05625 0.01898373732333325
0 0.38203125 0.11657659651236182 0.05625 0.018983737323333204
2 0.11796875 0.3388978217246762 0.053125 0.11246033524981466