0 0.00859375 0.28828125 0.0171875 0.01796875
0 0.17578125 0.7171875 0.0265625 0.01796875
0 0.00859375 0.26953125 0.0171875 0.01875
0 0.00703125 0.18046875 0.0140625 0.02109375
0 0.47578125 0.63515625 0.025 0.0375
0 0.609375 0.6828125 0.025 0.01875
0 0.56484375 0.7125 0.0265625 0.01953125
0 0.59765625 0.65078125 0.02578125 0.01953125
0 0.5984375 0.62109375 0.02421875 0.01953125
0 0.05703125 0.12734375 0.0234375 0.01875
0 0.08828125 0.0125 0.02734375 0.02265625
0 0.0953125 0.1875 0.02421875 0.01953125
0 0.68203125 0.62109375 0.02578125 0.0203125
0 0.24609375 0.32265625 0.0203125 0.01953125
0 0.87421875 0.5890625 0.028125 0.0203125
0 0.096875 0.1 0.02578125 0.02109375
0 0.18828125 0.2640625 0.025 0.02109375
0 0.0953125 0.1671875 0.0234375 0.01875
0 0.009375 0.3140625 0.01875 0.01875
0 0.24921875 0.3703125 0.0203125 0.01953125
0 0.15625 0.31640625 0.02109375 0.01953125
0 0.06484375 0.3484375 0.02421875 0.01875
0 0.09765625 0.23359375 0.025 0.01953125
0 0.8265625 0.590625 0.03046875 0.02109375
0 0.0578125 0.1515625 0.0234375 0.01953125
0 0.7609375 0.590625 0.025 0.01953125
0 0.896875 0.6796875 0.02578125 0.02109375
0 0.103125 0.36796875 0.02734375 0.0203125
0 0.00703125 0.22421875 0.0140625 0.0203125
0 0.19140625 0.35234375 0.02578125 0.01953125
0 0.63984375 0.61953125 0.028125 0.02109375
0 0.15 0.13515625 0.0234375 0.0203125
0 0.16328125 0.6015625 0.02890625 0.02109375
0 0.0625 0.32421875 0.0234375 0.01796875
0 0.059375 0.2171875 0.025 0.01953125
0 0.07734375 0.64296875 0.0234375 0.0203125
0 0.15546875 0.4609375 0.009375 0.040625
0 0.64765625 0.59140625 0.021875 0.01796875
5 0.68125 0.59296875 0.028125 0.01953125
0 0.234375 0.6546875 0.0234375 0.01953125
0 0.13359375 0.98359375 0.025 0.03203125
0 0.18359375 0.1546875 0.025 0.02109375
0 0.02421875 0.65234375 0.025 0.01953125
0 0.18984375 0.33046875 0.02265625 0.01953125
0 0.034375 0.6171875 0.02265625 0.01875
0 0.08671875 0.0578125 0.02578125 0.01875
0 0.128125 0.7265625 0.025 0.01875
0 0.82421875 0.7125 0.02421875 0.01875
0 0.275 0.5796875 0.02421875 0.0234375
0 0.1515625 0.18125 0.02421875 0.02109375
0 0.1546875 0.29140625 0.01796875 0.01796875
0 0.1546875 0.2453125 0.0234375 0.02109375
0 0.59921875 0.59140625 0.02421875 0.01875
0 0.1171875 0.4671875 0.01171875 0.04609375
0 0.246875 0.34375 0.01875 0.01875
0 0.0515625 0.04140625 0.02265625 0.01953125
0 0.16796875 0.3921875 0.02265625 0.01875
0 0.1859375 0.21875 0.0234375 0.01953125
0 0.01015625 0.33515625 0.0203125 0.01875
0 0.06640625 0.37265625 0.02890625 0.02265625
0 0.1421875 0.00703125 0.025 0.0140625
0 0.0953125 0.146875 0.025 0.0203125
0 0.3359375 0.503125 0.0203125 0.05
0 0.0109375 0.35703125 0.021875 0.01953125
0 0.1 0.29765625 0.02421875 0.0203125
0 0.1828125 0.12890625 0.02421875 0.0203125
0 0.1890625 0.30546875 0.0234375 0.01953125
0 0.0609375 0.23671875 0.0234375 0.01875
0 0.25390625 0.39140625 0.02109375 0.01953125
0 0.15703125 0.3578125 0.02109375 0.01875
0 0.7171875 0.58984375 0.02109375 0.0171875
0 0.06171875 0.2625 0.02421875 0.01875
0 0.0984375 0.25703125 0.0234375 0.01875
0 0.13046875 0.46484375 0.0109375 0.04375
0 0.2453125 0.29765625 0.0203125 0.01953125
0 0.17890625 0.0421875 0.02265625 0.01953125
0 0.09921875 0.2765625 0.02578125 0.01875
0 0.05546875 0.10625 0.021875 0.0203125
0 0.0625 0.303125 0.0234375 0.01875
0 0.05859375 0.1734375 0.02265625 0.01796875
0 0.14765625 0.06875 0.0234375 0.01953125
0 0.1015625 0.34296875 0.02578125 0.0203125
0 0.05546875 0.08359375 0.021875 0.01796875
0 0.18203125 0.10859375 0.02421875 0.0203125
0 0.9453125 0.58359375 0.028125 0.02265625
0 0.05859375 0.19296875 0.0234375 0.01875
0 0.19140625 0.4578125 0.0109375 0.0421875
0 0.16796875 0.46015625 0.0109375 0.04375
0 0.15078125 0.159375 0.02265625 0.01953125
0 0.05703125 0.475 0.0109375 0.04609375
0 0.2375 0.14609375 0.0203125 0.0203125
0 0.18046875 0.45859375 0.01015625 0.04296875
0 0.1484375 0.09375 0.0234375 0.01953125
0 0.01171875 0.4015625 0.02109375 0.01875
0 0.0921875 0.07734375 0.0265625 0.01953125
0 0.1546875 0.26953125 0.02265625 0.01953125
0 0.35390625 0.8734375 0.01640625 0.04609375
0 0.0625 0.2828125 0.02421875 0.01875
0 0.21796875 0.45390625 0.0109375 0.04375
0 0.05234375 0.01796875 0.025 0.0203125
0 0.14921875 0.11328125 0.0203125 0.01796875
0 0.10234375 0.32265625 0.02421875 0.01875
0 0.053125 0.0625 0.021875 0.01875
0 0.040625 0.39921875 0.01875 0.04609375
0 0.24375 0.27734375 0.01953125 0.01796875
0 0.42265625 0.2734375 0.01171875 0.04296875
0 0.1859375 0.19609375 0.025 0.02109375
0 0.37578125 0.1203125 0.01328125 0.05
0 0.35703125 0.1859375 0.0109375 0.0453125
0 0.23125 0.45078125 0.0109375 0.0421875
0 0.42890625 0.9359375 0.0109375 0.05
0 0.20625 0.45625 0.0109375 0.04140625
0 0.3625 0.334375 0.01015625 0.04296875
0 0.21328125 0.71796875 0.02578125 0.01875
0 0.23203125 0.0328125 0.01640625 0.01953125
0 0.01328125 0.42421875 0.021875 0.01796875
0 0.1453125 0.0484375 0.01953125 0.01875
0 0.178125 0.0046875 0.02578125 0.009375
0 0.178125 0.0171875 0.02421875 0.01875
0 0.00703125 0.2015625 0.0140625 0.01875
5 0.21875 0.74140625 0.03125 0.01875
0 0.08046875 0.47109375 0.01171875 0.04609375
0 0.14375 0.025 0.02265625 0.01875
0 0.0046875 0.11171875 0.009375 0.0203125
0 0.23046875 0.01015625 0.015625 0.01953125
0 0.18515625 0.17578125 0.02578125 0.0203125
0 0.99375 0.89140625 0.0125 0.03359375
0 0.1515625 0.22421875 0.021875 0.01875
0 0.25 0.41484375 0.02421875 0.0203125
0 0.378125 0.24921875 0.01171875 0.04609375
0 0.09765625 0.2125 0.02578125 0.01875
0 0.18203125 0.0625 0.025 0.0203125
0 0.23671875 0.0765625 0.0171875 0.01953125
0 0.153125 0.2046875 0.02109375 0.01875
0 0.08984375 0.034375 0.0265625 0.01796875
0 0.04453125 0.47578125 0.01171875 0.04609375
0 0.3515625 0.02734375 0.0140625 0.0515625
0 0.0953125 0.12265625 0.0265625 0.01953125
0 0.725 0.621875 0.02890625 0.02109375
0 0.15703125 0.33671875 0.02109375 0.0171875
0 0.18984375 0.28515625 0.025 0.01796875
0 0.18203125 0.08515625 0.02421875 0.02109375
0 0.23125 0.05703125 0.01484375 0.02109375
0 0.234375 0.121875 0.01015625 0.021875
0 0.23515625 0.1 0.015625 0.02109375
0 0.13984375 0.42421875 0.01171875 0.03984375
0 0.01328125 0.44375 0.025 0.02265625
5 0.01171875 0.378125 0.0203125 0.0234375
0 0.00859375 0.240625 0.01640625 0.02109375
0 0.00625 0.15546875 0.0125 0.0234375
0 0.00625 0.13359375 0.0125 0.0203125
0 0.00625 0.090625 0.0125 0.02265625
0 0.00390625 0.06875 0.0078125 0.02109375
0 0.003125 0.04375 0.00625 0.01875
0 0.003125 0.02734375 0.00625 0.0234375
0 0.1890625 0.240625 0.02578125 0.02109375
5 0.37265625 0.47109375 0.01328125 0.05859375
0 0.39140625 0.44609375 0.01171875 0.034375