0 0.35625 0.525 0.0375 0.0359375
0 0.759375 0.32421875 0.02734375 0.05703125
5 0.2671875 0.6640625 0.040625 0.0453125
0 0.61171875 0.46171875 0.0359375 0.03359375
5 0.72109375 0.2875 0.0328125 0.065625
0 0.7609375 0.1171875 0.0171875 0.06875
0 0.7625 0.60625 0.01875 0.0625
0 0.63046875 0.39609375 0.03515625 0.03984375
0 0.74296875 0.69765625 0.0234375 0.065625
0 0.13046875 0.67890625 0.040625 0.04453125
5 0.2890625 0.6015625 0.053125 0.053125
0 0.696875 0.7859375 0.025 0.06484375
0 0.0921875 0.659375 0.0375 0.04296875
3 0.678125 0.10234375 0.0234375 0.1375
0 0.26171875 0.1375 0.028125 0.06328125
0 0.98125 0.009375 0.03515625 0.01796875
0 0.71484375 0.6671875 0.02109375 0.071875
0 0.70390625 0.025 0.0171875 0.05
0 0.6671875 0.00546875 0.015625 0.0109375
5 0.78359375 0.1703125 0.021875 0.0703125
0 0.34765625 0.7875 0.03671875 0.04296875
5 0.64921875 0.0421875 0.01875 0.08359375
5 0.70625 0.1296875 0.0203125 0.0828125
0 0.64453125 0.15625 0.01796875 0.084375
5 0.215625 0.98828125 0.0203125 0.02265625
5 0.453125 0.875 0.04453125 0.06015625
0 0.303125 0.8265625 0.04765625 0.05546875