3 0.017017386118168887 0.8525719284931208 0.034034772236337774 0.07076885698624161
5 0.5297828444188039 0.6871478913692958 0.06538095909205772 0.04754961179556503
0 0.8460265876883792 0.32750259517497815 0.06676160266556722 0.041354175497895974
0 0.5201731975465893 0.963655827666965 0.03399456677218975 0.041770837748947895
0 0.9248931044479338 0.7885343536124987 0.05224446159934004 0.025238102176918176
3 0.5916617526402964 0.9681523215916972 0.05714256175762493 0.06369535681660565
5 0.4324986674591996 0.6978274418247828 0.04355142319868044 0.04834821996293322
0 0.3446723393377319 0.1684449874709463 0.03850021034569906 0.035684528855940555
3 0.918967364872775 0.7234177851008443 0.08376724623907635 0.035704376223535304
0 0.8269700814866802 0.7405383085144892 0.06952288981258548 0.028963302902557685
0 0.8315295493542265 0.7719792814726473 0.07425585391920819 0.030689494009550167
0 0.2795411520197935 0.7136012308475242 0.07425585391920828 0.030689494009550344
0 0.2717824763138306 0.7383556941870355 0.08684678213245363 0.03425100362819702
0 0.16635919042045327 0.7331101442797027 0.07296613855894432 0.0400099303072194
0 0.07775734316516258 0.6604141995445131 0.061801318025830956 0.031815484390903495
0 0.17813777639297287 0.7045858401960187 0.06965928213245362 0.03365080290255769
0 0.18242708894202048 0.3152778035355298 0.04801160266556703 0.040699411069925695
0 0.4442414641731297 0.4823934147829407 0.04984688730530316 0.05012897477225664
0 0.9359586365803875 0.7576390176776492 0.039744461599340045 0.024801592558271322
5 0.012410105635067906 0.6163616099814666 0.02482021127013581 0.038973219962933216
5 0.09151023541852363 0.18775794954451305 0.062392351411925784 0.0521279843909034
0 0.14874842240725764 0.26326887023308554 0.0577503155185485 0.053526793283910835
5 0.08277877843803694 0.40720735399101676 0.07484688730530312 0.05100199400955017
3 0.14503577137840795 0.6596354387447398 0.19937552586424742 0.09281252649368774
0 0.5542121945770884 0.6270015650530933 0.056096887305303156 0.05034722958158007