5 0.8325338241536147 0.733716523489979 0.08774543969514959 0.04473348997087019
5 0.44629127624360027 0.5582046757724699 0.05181703005422929 0.04525031551854841
5 0.026579260823702173 0.8079572525072825 0.04401362041330892 0.046585494985435
5 0.7084468843602691 0.7599871699664822 0.09401362041330899 0.04804034639736088
0 0.6664593722600206 0.7955897008452946 0.06737839754067192 0.034767456584775404
0 0.4937354654477707 0.9232924666804122 0.047111349336070064 0.04198892319868044
0 0.27718831488203655 0.9053704954476535 0.029887487899751618 0.03523881802583091
0 0.14669579722264325 0.6364650342440247 0.07202953610435348 0.028653848904643377
0 0.6246622368195971 0.7296069996707957 0.07828862646343318 0.030398205331134066
0 0.4892332760472085 0.6866646448936575 0.039307939695149584 0.043324102665567035
3 0.04581455327276747 0.6222099691211876 0.08459316861791083 0.039955061757624755
0 0.5514458879745063 0.36683186652212757 0.040861349336070066 0.04180706677218975
0 0.19426412616884553 0.21704143283209892 0.0689681686179108 0.03950042069139794
0 0.009436170857406011 0.5474743935735094 0.012618174668035031 0.02067621285298138
0 0.06034066158582798 0.7014882921615835 0.07360112646343313 0.030261813011265914
0 0.838219180128984 0.3678642029568656 0.04710225897699054 0.040426423198680436
0 0.028777044197581165 0.6484913242940371 0.050136355386194265 0.024892351411925872
0 0.6014110891807293 0.7623202112701358 0.07672612646343317 0.03035274122451135
5 0.10775601707021809 0.6586953869095916 0.07985112646343309 0.030443669437756782
5 0.6704897620020526 0.01407189403572769 0.05331589754067192 0.02814378807145538
3 0.044092971988874165 0.5949116832278103 0.08145907825883121 0.0383016335443795
5 0.06920451795398089 0.07612457930860203 0.04555793969514967 0.04350595909205777
0 0.8832998759724537 0.32670199386480786 0.06904998184962743 0.05356292069139794
5 0.9107623215213358 0.4806166040522223 0.05966589149054755 0.05172763605166182
0 0.9285139446651194 0.7113892309326841 0.06895907825883114 0.03793792069139794
0 0.1629066045024315 0.6023939111244865 0.07987839754067201 0.03513116943775678
0 0.09808207698228497 0.8762011356559505 0.05024543969514968 0.04364235141192587