0 0.32239562595923 0.4973896470496927 0.030637994804219915 0.03610112646343318
0 0.3352276697943847 0.1238748789975159 0.03230975544788164 0.03767271682251274
0 0.5002356747380633 0.23425436367581365 0.027185212873234832 0.031395445745273864
0 0.36381830145359784 0.5085725867448423 0.032419016091543365 0.0392352168225127
5 0.24856963191131473 0.31251013212077383 0.03543475544788164 0.03769089754067192
5 0.4146270486036062 0.5643594993126289 0.03565327673520517 0.040815897540672094
0 0.28230086766135676 0.5901629543294808 0.03554401609154336 0.0392533975406721
0 0.5609443097514711 0.4167128605525557 0.028966234160558102 0.03452953610435348
5 0.5046985716556406 0.04748561670087576 0.03554401609154336 0.039253397540671975
0 0.306464259383154 0.3675567013044188 0.03230975544788164 0.0376727168225127
0 0.5428705610119788 0.04927083049832639 0.03230975544788173 0.03767271682251274
0 0.6887247383479321 0.29943952302214644 0.04640510643661742 0.015888620413308897
0 0.2497111508528497 0.21794706586399518 0.03587179802252862 0.04394089754067192
5 0.5609778886965786 0.6621253545024315 0.039106058666190435 0.045521578258831144
0 0.8287816557965282 0.33073549569839167 0.06257640965492613 0.023792024004105093
0 0.9115288177972427 0.39921330580685027 0.059123627723941044 0.019086343285945873
0 0.8967557596352556 0.2975235407797356 0.0623578883676025 0.020667024004105094
0 0.8986735387162492 0.34833660703651426 0.0561078883676025 0.020630662567786652
0 0.8988702806704776 0.36787694739559385 0.05276436708027887 0.01748748184962743
5 0.39069324982477305 0.8283901830558502 0.04201253737886681 0.04241475897699019
0 0.9144517220042871 0.4132985317045493 0.06246714901126431 0.022229524004105095
0 0.8222802835204691 0.31194004390299357 0.06257640965492613 0.023792024004105093
0 0.8953900015894838 0.3170547907797356 0.059123627723941044 0.019086343285945873
0 0.9073165651993527 0.3812127395500716 0.060686127723940685 0.019095433645025483
0 0.8934615148310356 0.3334564956001958 0.05901436708027887 0.017523843285945872
0 0.72395812595923 0.4997258693331544 0.06257640965492613 0.023792024004105093
0 0.5418879431753951 0.2868617340891226 0.03398151609154336 0.0392443071815924
0 0.10516882919720913 0.17255677693097132 0.04807686708027905 0.017460210772388508
0 0.894269898002858 0.27718831488203655 0.0623578883676025 0.020667024004105094
0 0.5165276742338601 0.3812838997801672 0.025294930942249393 0.026698855386194254
0 0.18544083724298083 0.15348459006449203 0.0709352128732347 0.0316499757995032
5 0.09522002882889206 0.12482325887879457 0.07362317029858775 0.025418156517662417
3 0.3786388162077589 0.08426747833358596 0.05379127153942491 0.07684430113146815
3 0.9291273191346251 0.7846286310406193 0.03772922896477802 0.07050339754067192
5 0.4669861321634162 0.24031346613514168 0.04579310124083733 0.05180793969514967
5 0.24441736347398288 0.2601209303253758 0.04379355866619026 0.04554884933607006
0 0.13026202832468897 0.2719618792921035 0.06257640965492603 0.023792024004105093