0 0.7109375 0.4050950814866801 0.04375 0.03721049498543501
0 0.88359375 0.45397754770487386 0.04375 0.03721049498543501
0 0.55625 0.4470960280423255 0.0453125 0.03881845909205772
0 0.328125 0.25842128760923694 0.040625 0.03711956677218975
0 0.56484375 0.3663772254559008 0.0390625 0.03082410266556703
5 0.2921875 0.5430607120615587 0.04375 0.03721049498543501
0 0.12578125 0.23305888941687414 0.0375 0.033903638558944314
5 0.4640625 0.3732159103330637 0.046875 0.04198892319868044
0 0.02734375 0.728891878134103 0.028125 0.060193353919208194
0 0.7125 0.2441121173800574 0.0296875 0.06180131802583091
5 0.35234375 0.3827165939565854 0.04375 0.03721049498543501
0 0.20625 0.5018112379258061 0.04375 0.03564799498543501
0 0.12265625 0.4854935676301196 0.0328125 0.06189224623907634
0 0.64921875 0.18423466369827599 0.028125 0.06175585391920828
0 0.8109375 0.2779666286628285 0.034375 0.06975021034569898
0 0.6984375 0.06874004433966155 0.0296875 0.060238818025830955
0 0.53828125 0.02986203008738957 0.0265625 0.05972406017477914
0 0.5203125 0.02783652883374834 0.034375 0.05567305766749668
0 0.4546875 0.1398949449727998 0.0234375 0.04911946159934022
0 0.290625 0.3095124261681813 0.0390625 0.041761602665567034
0 0.1625 0.5015217329112411 0.0484375 0.056096887305303156
5 0.43359375 0.412383710412206 0.0421875 0.03560253087881229
4 0.95 0.42938907317340985 0.0640625 0.04561402837152997
0 0.1234375 0.7628145855768083 0.0453125 0.06225595909205772
0 0.209375 0.6298453097125607 0.0328125 0.06345474623907635
0 0.02734375 0.8187356281341032 0.0296875 0.0649263180258309
5 0.00703125 0.8490141615201979 0.0140625 0.0769716769596041
5 0.06015625 0.6787183818950268 0.0390625 0.07457410266556704
0 0.11015625 0.6116385304831009 0.0296875 0.05086381802583091
0 0.06015625 0.6013746318950268 0.034375 0.06818771034569907