3 0.868958841346091 0.40298044635436286 0.08051641848667046 0.05379127153942491
0 0.853922999081916 0.17798580019309013 0.04317591515269079 0.03409077673520509
3 0.8266135208734717 0.8836677176416863 0.06648561151914834 0.11029264381548423
0 0.5237740160416796 0.4636272773162828 0.03392846091032524 0.03499771287323465
0 0.24937876241783563 0.15190208154299764 0.037914330305381404 0.06479447351689642
5 0.8707113706030041 0.027402513153938303 0.04298446757828493 0.054805026307876606
0 0.46392078391952707 0.492669921131767 0.04394118969849785 0.043465776735205
3 0.9239966408967476 0.26163989833183426 0.0910712812137671 0.049868596045057154
0 0.35591709422102913 0.5406153842571033 0.04056109818322886 0.04012225544788173
0 0.6654522355768187 0.7263736597318007 0.028794421820650486 0.06726390965492612
0 0.5165353430130811 0.41907960182191495 0.04368609818322877 0.040340776735204996
5 0.690881251956854 0.2911463539156019 0.03842451333591956 0.07104447351689647
0 0.5178111874032881 0.5176427879599446 0.0438136439408634 0.04190327673520518
0 0.9347749021066353 0.31992229189521687 0.03667082363742154 0.03052873416055819
0 0.2759434543630517 0.7971110387162492 0.037946281213767016 0.0461537341605581
0 0.668401505580698 0.6236310719846166 0.025924513335919563 0.0701703883676025
0 0.6935450267925253 0.629640771364198 0.030324970912264958 0.08601390965492595
5 0.5909141054309168 0.5832188754550269 0.02308655575957417 0.054436127723940866
0 0.9713335107508456 0.1099627838494452 0.031058552425594143 0.037904191585911205
0 0.6270916240576703 0.8346996119613734 0.028156693032477875 0.059451409654926124
5 0.6503197669597636 0.21708042322545396 0.02799719636645772 0.07652964901126431
5 0.7548958255942757 0.2587055584909633 0.0441643303053814 0.06523151609154336
5 0.4032225289185572 0.5225484452690821 0.04550368969849785 0.04357503737886681
5 0.1296556780295683 0.013980736506346672 0.03705346091032524 0.027961473012693343
0 0.227378537543371 0.8401233473824394 0.041836555759574165 0.05574725544788137
5 0.14990749966164424 0.9232197066690485 0.05092451333591956 0.07191855866619008
5 0.37485957329906594 0.8795250649472512 0.046779147274843245 0.05920003737886681
3 0.5414090866349854 0.7995212186500924 0.05296524545807202 0.09691855866619026
0 0.5519803116301363 0.926952449960659 0.039094193032477874 0.060216234160558456
5 0.5890816989030399 0.9196973248346083 0.038296967578284935 0.06948197351689629
3 0.6233286373935898 0.766605175823344 0.08290757909743345 0.1782449683211162
5 0.710380035296653 0.11888894166278581 0.039987013335919565 0.07115373416055819