0 0.13218516992476287 0.3882874972279898 0.03870967292769345 0.03187162628012441
0 0.2478592494685274 0.41303613922254245 0.0354573389353046 0.028564615756780754
0 0.6202940290888416 0.6900199283321455 0.03721083992388792 0.03334312101845249
5 0.6703139337277463 0.7500998545981525 0.04196200692008212 0.03517863680346807
0 0.5089200607606842 0.13692647845920242 0.02435801285158128 0.062211573663405864
0 0.6708961373386991 0.17846777830391064 0.02423067885919252 0.0590865736634059
5 0.8271939920169725 0.8782688991811888 0.03086268083635879 0.06882559471009345
0 0.78269852859455 0.7018282255460179 0.0403995069200823 0.035087631541796324
0 0.6911131368444077 0.1819945967056447 0.02423067885919252 0.0590865736634059
0 0.7244787351712524 0.11267544930824576 0.022668178859192523 0.05899556840173403
0 0.5890505711408075 0.09225799154279488 0.022795512851581278 0.062120568401734036
0 0.18905459384103948 0.35714318401734035 0.03701983893530465 0.028655621018452492
0 0.7670615997353576 0.758867180821807 0.04502333992388792 0.033798147326811724
0 0.6054249876427104 0.09399479679034929 0.022668178859192523 0.058995568401734054
0 0.6207953196579328 0.10115484940706779 0.022668178859192523 0.05899556840173403
0 0.4966044500765497 0.2662044547816791 0.026047846843970036 0.0654275789250777
0 0.6877599851712524 0.11053682565895731 0.02423067885919252 0.05908657366340586
0 0.6575140696579327 0.10329347305635624 0.025665844866803768 0.056052578925077735
0 0.6363248191636413 0.10440865202378627 0.0190975098858317 0.047876057878390374
0 0.6696639011788637 0.11261526514973101 0.022604511862998146 0.05743306840173403
0 0.7040070676807664 0.1153986309065117 0.025920512851581277 0.062302578925077734
0 0.6973883586697871 0.31627088616818355 0.0205963428896375 0.04640456314006221
0 0.5408930305717163 0.6783474099868811 0.030706171939110228 0.02672909997176518
3 0.21763582756659816 0.04008448663405887 0.08347834486680368 0.059419773606936156
5 0.8703908240693761 0.4907989912604462 0.04709517589344294 0.04638915258848364
0 0.8560710671121129 0.9191060017837899 0.025856845855386723 0.06074007892507751
0 0.7086349930055557 0.8666649992941282 0.027355678859192524 0.05926858418674961
0 0.8052725710664455 0.8973528281486189 0.023912343878220454 0.05127407366340577