0 0.32045018089052757 0.930401007862681 0.025923882573423464 0.03431444324473994
5 0.17250103941725636 0.08563351866002261 0.030966580083912554 0.03930233189368779
0 0.35283847363177623 0.8241405158822455 0.02556868506293437 0.029626943244739933
0 0.3922435931329452 0.8635627637227771 0.030374584233097402 0.031489831893687634
0 0.3899716207273468 0.8210248102990045 0.02748638257342346 0.03441457279438929
0 0.2164614205175654 0.9041110132613518 0.032410680913749525 0.03783996144333699
0 0.3249708149138436 0.9889284993816911 0.02748638257342346 0.02214300123661772
0 0.3143796248765317 0.8240310919158371 0.025331886722608398 0.02650194324473958
0 0.39355487155253943 0.9982627290236256 0.022562084233097402 0.0034745419527489217
0 0.35572390744531085 0.9829042466039141 0.025805483403260433 0.03275194324473958
0 0.35397307591150573 0.9231287284053167 0.022088487552445368 0.02473918414544123
0 0.21696051182285467 0.1308749699243269 0.02736798340326043 0.032852072794389155
0 0.32329176097444023 0.892901007862681 0.02556868506293437 0.029626943244739933
0 0.3905617713474024 0.9168379580472511 0.02545028589277143 0.028064443244739935
0 0.2577342640979398 0.4215989019102997 0.02556868506293437 0.029626943244739933
0 0.6584060024755777 0.6144894177925452 0.0543089917016303 0.01902940468807692
0 0.2275615120233474 0.41574012569213803 0.0256870842330974 0.031189443244739934
0 0.4824336530956333 0.6989879264304186 0.05080548340326043 0.03435401603912887
0 0.1668421126526917 0.12923332433554863 0.028812084233097446 0.03138970234403846
0 0.2986552620233474 0.4202960202011822 0.0256870842330974 0.031189443244739934
0 0.39386344748726715 0.9665072910206731 0.02545028589277134 0.028064443244739577
0 0.26065558670867517 0.5591687530823191 0.05080548340326043 0.03435401603912887
0 0.6036243367086753 0.581147189230345 0.04661489087179334 0.020091256939830337
0 0.16374226867133196 0.0458200470376527 0.029285680913749522 0.03763970234403846
0 0.20335072695576856 0.6316457279438914 0.059470088382282335 0.02557979333702498
0 0.8486767275804684 0.579579898975639 0.06380239087179333 0.021192681985972683
0 0.49568916306761024 0.15109184453673072 0.026042281743586672 0.0358769432447398
0 0.5119724008205482 0.4127698241786651 0.02904888257342364 0.03451470234403846
0 0.175825103729622 0.2075283050572172 0.029048882573423508 0.03451470234403846
0 0.02154969428674311 0.6484863672111482 0.04309938857348622 0.017867422886674155
0 0.5064579518601666 0.3197812877814705 0.028812084233097578 0.03138970234403846
0 0.3362018835991088 0.46352438849206445 0.025805483403260433 0.032751943244739935
0 0.508303871776254 0.3575816764304185 0.0288120842330974 0.03138970234403846
0 0.6018664628578287 0.25210123688630653 0.049621491701630306 0.018729016039128955
0 0.06741414957114836 0.5711216332502771 0.05142079004195628 0.02195414558877822
0 0.5997478558042145 0.23861972778700785 0.0527464917016303 0.01892927513842757
0 0.6042586796643497 0.18945104256183254 0.05118399170163031 0.018829145588778306
0 0.17990710725410697 0.30906052667958706 0.02568708423309749 0.031189443244739757
0 0.3659952047599516 0.5054708590347002 0.028930483403260522 0.032952202344038464
0 0.9419988298601979 0.6844757549280203 0.023177390871793335 0.018589313695090582
5 0.3541040530909889 0.879959719306018 0.026515878424238616 0.042126943244739576
0 0.6072499346387271 0.3882587823827997 0.05118399170163031 0.01882914558877822
0 0.601083367627069 0.35567681985972843 0.0543089917016303 0.01902940468807692
0 0.6045276763403574 0.3723834585086764 0.0543089917016303 0.01902940468807692
2 0.8577827309044608 0.3972482603266911 0.05672544191141178 0.11247901603912895
0 0.48392102364570944 0.26495408543743204 0.0527464917016303 0.01892927513842757
0 0.5990742721958169 0.17498802436323524 0.05118399170163031 0.01882914558877826
5 0.499227637547801 0.19763617751015267 0.029522479254075584 0.040764702344038464
0 0.34003727862008687 0.45434964759136315 0.0256870842330974 0.031189443244739934
0 0.596638201659674 0.04137448796604067 0.05984859668065212 0.0100549228866742
0 0.014062330697001529 0.6914853955887782 0.028124661394003058 0.019429922886674333
0 0.6059135002004927 0.32301451418420246 0.05106559253146727 0.017266645588778218
0 0.6054184379627194 0.20522623688630653 0.055871491701630305 0.019129534237726276
0 0.19506278504435687 0.7410207279438914 0.043111382573423465 0.03541586829088246
0 0.5994877466760077 0.22133209823735855 0.0543089917016303 0.01902940468807692
0 0.09628266554318794 0.6977935572166855 0.035677390871793245 0.01939035009228505
0 0.17119588069932373 0.25825949028239253 0.032173882573423504 0.03471496144333708
0 0.475922037342664 0.1011524012919909 0.0656016892121194 0.02441781153562217
0 0.6007085497902185 0.13270039481358592 0.05118399170163031 0.018829145588778306
0 0.48250023360375316 0.2837040854374321 0.05610829004195637 0.022254534237726276
0 0.605710745426608 0.4085712823827997 0.044815592531467274 0.016866127390180986
0 0.6640155398182417 0.6855028246400904 0.051302390871793335 0.020391645588778217