0 0.318561329860198 0.6019321556996381 0.05644017676456468 0.04653416327441171
0 0.7136784560093515 0.25518114993388685 0.04280465186945541 0.0925084045679843
0 0.7951293655524767 0.26880988071201 0.03825886182749905 0.0735946302577248
0 0.2837099653334065 0.7640570194490195 0.04983497925407558 0.041519114653892686
0 0.7686475306946793 0.3923668894184373 0.04280465186945541 0.09250840456798422
0 0.7589621095291921 0.5407225022633075 0.0619098493799445 0.0981785504295413
0 0.512170542517534 0.5217522535065029 0.06709425684847722 0.08444359905006031
0 0.11443974707699303 0.7386896065132922 0.042259277594401644 0.04423467887824373
0 0.2191146690676729 0.7744456428093394 0.05762416846619489 0.06215916327441136
0 0.3049668908485713 0.9045658327688596 0.056913773445216795 0.05278416327441136
0 0.0780375379441419 0.9110116638402385 0.048390878424238615 0.042999727498762755
0 0.015090189200508341 0.9172041101313368 0.030180378401016682 0.043163501809022266