3 0.846875 0.92265625 0.07109375 0.14609375
4 0.240625 0.85390625 0.04140625 0.10703125
0 0.465625 0.24765625 0.03515625 0.028125
5 0.578125 0.3375 0.0421875 0.03203125
5 0.740625 0.33984375 0.040625 0.0296875
5 0.46015625 0.29140625 0.03984375 0.03125
0 0.62734375 0.33828125 0.03671875 0.0296875
5 0.4046875 0.24765625 0.03515625 0.0296875
0 0.1078125 0.44765625 0.0390625 0.03671875
0 0.52578125 0.25546875 0.0375 0.02734375
5 0.41015625 0.3 0.040625 0.03203125
0 0.9078125 0.2109375 0.040625 0.02890625
0 0.68046875 0.34140625 0.03046875 0.02578125
0 0.54921875 0.740625 0.03359375 0.03515625
5 0.525 0.2921875 0.0421875 0.0296875
0 0.58671875 0.6703125 0.034375 0.0328125
5 0.12421875 0.54375 0.0390625 0.034375
5 0.58125 0.2921875 0.0375 0.0296875
0 0.56015625 0.9234375 0.0359375 0.046875
5 0.11171875 0.5015625 0.04140625 0.03515625
0 0.059375 0.5140625 0.03125 0.0265625
0 0.58515625 0.76875 0.034375 0.03828125
0 0.05390625 0.46484375 0.0390625 0.03359375
0 0.75078125 0.9234375 0.02890625 0.040625
0 0.23984375 0.159375 0.01640625 0.0640625
0 0.6546875 0.9765625 0.021875 0.046875
0 0.5265625 0.340625 0.03359375 0.02890625
0 0.51796875 0.04296875 0.03828125 0.03125
0 0.565625 0.11875 0.0375 0.0328125
0 0.3109375 0.2625 0.0171875 0.06796875
0 0.74609375 0.88046875 0.0328125 0.03984375
0 0.24296875 0.03203125 0.01640625 0.0640625
0 0.31953125 0.415625 0.0171875 0.071875
5 0.2125 0.03125 0.02109375 0.0625
5 0.31796875 0.1171875 0.01796875 0.07265625
3 0.5109375 0.97265625 0.0265625 0.0546875
5 0.98125 0.22109375 0.0375 0.028125
3 0.44140625 0.3421875 0.05234375 0.0328125