0 0.6297162274595385 0.8963679437622896 0.03587359818322895 0.03998638257342364
5 0.16686554109502044 0.9078581989603816 0.08533146424430513 0.05615675684847723
0 0.5707572339583203 0.4629876813147349 0.04901132697140156 0.048746075934727705
0 0.5928399148628266 0.3386854983263929 0.04550368969849785 0.043821777594401645
0 0.1683663312234653 0.2906697763450018 0.06881364394086335 0.04403526514684693
0 0.5590064041119809 0.5212621226014467 0.03887105242559432 0.03866068091374952
3 0.4649680723087874 0.9292899553846515 0.05832242515463051 0.08671967261537965
0 0.09947139169414528 0.7274495711608429 0.02809304909161443 0.02076278589277152
0 0.3850900273000589 0.7018762730210095 0.06843100666795969 0.03934776514684692
0 0.8614453621473682 0.6343369273660426 0.07142846091032524 0.038022063487172984
0 0.46729687835822575 0.6304021694918802 0.06610323212215263 0.029854365976683894
0 0.7265143157615139 0.05028308131009048 0.052008781213767105 0.047420374275053745
0 0.19519835093748056 0.7445643709510614 0.06948332363742163 0.03321616431700995
5 0.30229363169220563 0.6601991811142423 0.07898586939505617 0.03548905933798814
0 0.7684286857847897 0.6696842767459871 0.08861596091032524 0.039324454358966324
0 0.7578579765414546 0.6461167221818837 0.07260832363742153 0.033452962657336015
0 0.8278688769810998 0.2422678265362057 0.05188123545613266 0.045857874275053764
0 0.10635924942027182 0.6962704261398647 0.054910640606883464 0.02590057178554268
0 0.562322335934571 0.6389232192820987 0.07898586939505617 0.03548905933798814
3 0.6938595072961796 0.5747162414779157 0.11894118969849785 0.049386538592063725
5 0.5850591078953045 0.3974451916876971 0.05082891848667046 0.051989475104890735
0 0.5167063023049081 0.8216065873333751 0.04901132697140156 0.048746075934727885
0 0.9570290580547841 0.5822873300606906 0.06323332363742154 0.032742567636357835
5 0.9105701934915198 0.10944182591150575 0.06176641848667046 0.05281826929603186
0 0.8557548898579774 0.1890593935478637 0.06514651000193972 0.056180067636357967
5 0.9333054181968066 0.33018037840101666 0.06514651000193936 0.05618006763635801
3 0.8866527851759667 0.5868340427180267 0.18839256242753386 0.10123430373891082
5 0.9996960795564753 0.5315284682331916 0.000607840887049349 0.04273287427505377
0 0.35494001275619136 0.7466093551795145 0.07181109818322887 0.04270956348717299