0 0.7834510713488989 0.46484375 0.03584896879233561 0.028125
0 0.8536683960886997 0.40703125 0.03107958163720568 0.0265625
0 0.8988171217784402 0.41015625 0.034122694482076096 0.025
0 0.8664716112629905 0.47578125 0.027872694482076098 0.025
0 0.8410278759623117 0.5140625 0.0309976944820761 0.025
0 0.8189381919956851 0.4734375 0.03428646879233525 0.028125
0 0.49069592605316864 0.684375 0.02317855042954129 0.0546875
0 0.7831545002271426 0.42578125 0.0309976944820761 0.025
0 0.5240473366140468 0.70390625 0.019316566033373485 0.040625
0 0.9241380263464244 0.37421875 0.03272396879233526 0.028125
0 0.8815543786758451 0.44140625 0.02458392017181623 0.021875
0 0.7881219612175621 0.390625 0.027872694482076098 0.025
0 0.9120330947546471 0.4859375 0.034122694482076096 0.025
5 0.8381728708739289 0.434375 0.043579581637205676 0.0265625
0 0.5118914953659026 0.771875 0.0233423247398008 0.0578125
0 0.9582773309598374 0.4234375 0.034204581637205675 0.0265625
0 0.5002446664422303 0.72578125 0.02317855042954129 0.0546875
0 0.5412990343754831 0.80703125 0.021452276119281778 0.0515625
0 0.6708956761647104 0.03359375 0.01915279172311397 0.0375
0 0.5913200457954438 0.7171875 0.02317855042954129 0.0546875
0 0.9667958378572422 0.4546875 0.020387743102595123 0.03125
0 0.49784560549723933 0.84609375 0.025068599050060314 0.0609375
0 0.9283718249669434 0.36796875 0.03272396879233561 0.028125
0 0.30382328358251365 0.18046875 0.03099769448207601 0.025
0 0.1748053324301753 0.6 0.019562227498762796 0.0453125
0 0.2509848886254678 0.175 0.03593085594746528 0.0296875
0 0.6554344504749698 0.03046875 0.018989017412854636 0.034375
0 0.26884077397157524 0.221875 0.03099769448207601 0.025
0 0.9585606139765239 0.403125 0.033958920171816585 0.021875
0 0.492776325194086 0.79375 0.019726001809022266 0.0484375
5 0.08514852668510871 0.14921875 0.03905585594746528 0.0296875
0 0.543477930802867 0.9890625 0.019896420171816587 0.021875
0 0.16000252600774018 0.59921875 0.019644114653892552 0.046875
0 0.12803538952997892 0.15078125 0.02787269448207601 0.025
2 0.2763047981702931 0.86953125 0.11224105042954129 0.0546875
3 0.03903596590945994 0.33984375 0.07807193181891987 0.0515625
5 0.7645007547496985 0.3046875 0.03601274310259513 0.03125
0 0.4693420629811558 0.25703125 0.03593085594746537 0.0296875
0 0.04674112392614671 0.13671875 0.03757524310259504 0.03125
0 0.2053824615562463 0.165625 0.035848968792335525 0.028125
0 0.1446231874731294 0.59453125 0.02317855042954129 0.0546875
0 0.1276404053609538 0.590625 0.019889776119281777 0.0515625
0 0.11267382462825917 0.59296875 0.019889776119281822 0.0515625
0 0.09597764755903768 0.58359375 0.023424211894930557 0.059375
0 0.05868236544686205 0.5796875 0.024577276119281823 0.0515625
0 0.04997683005532609 0.44765625 0.02531426051544957 0.065625
0 0.09443283695273105 0.47890625 0.03889208163720577 0.0265625
5 0.13933590117708228 0.48671875 0.04037269448207601 0.025
0 0.2091946997976013 0.48046875 0.023260437584671046 0.05625
0 0.2246149819097769 0.484375 0.0233423247398008 0.0578125
0 0.260763843850136 0.51015625 0.03116146879233552 0.028125
0 0.295592545229617 0.51640625 0.03256019448207601 0.025
0 0.3488027544110141 0.5296875 0.036012743102595036 0.03125
0 0.2756717916115724 0.61328125 0.021943599050060315 0.0609375
0 0.293435823723748 0.6171875 0.0264673247398008 0.0578125
0 0.3111179686807939 0.62265625 0.02317855042954129 0.0546875
0 0.32846924299105335 0.61953125 0.021124727498762753 0.0453125
0 0.24618900949939676 0.609375 0.02317855042954129 0.0546875
0 0.23216745307696166 0.60859375 0.0217798247398008 0.0578125