3 0.2109375 0.88828125 0.0578125 0.1390625
3 0.26875 0.72265625 0.0390625 0.09765625
3 0.525 0.4375 0.0625 0.04140625
0 0.8546875 0.45390625 0.0375 0.028125
3 0.46640625 0.16171875 0.0734375 0.0796875
3 0.9328125 0.2328125 0.05703125 0.034375
0 0.58359375 0.67421875 0.03359375 0.03125
3 0.840625 0.93046875 0.0609375 0.1328125
0 0.18984375 0.0515625 0.015625 0.065625
0 0.5765625 0.76953125 0.03359375 0.03828125
0 0.24375 0.05 0.01484375 0.0625
5 0.71328125 0.21796875 0.04140625 0.03125
0 0.18671875 0.171875 0.015625 0.07421875
0 0.54375 0.73984375 0.03515625 0.03515625
0 0.52265625 0.04296875 0.04453125 0.028125
0 0.2203125 0.0796875 0.01484375 0.0640625
0 0.41015625 0.55390625 0.034375 0.053125
0 0.73203125 0.93828125 0.03828125 0.0421875
0 0.57109375 0.11953125 0.03359375 0.028125
0 0.2984375 0.62109375 0.02421875 0.0875
0 0.22734375 0.759375 0.03359375 0.075
0 0.246875 0.00625 0.01484375 0.0125
0 0.24296875 0.15703125 0.0171875 0.0828125
0 0.01328125 0.5703125 0.02578125 0.03046875
0 0.2390625 0.89765625 0.021875 0.0625
0 0.2625 0.63125 0.025 0.07265625
0 0.2203125 0.178125 0.0171875 0.0703125
0 0.1765625 0.9828125 0.02265625 0.034375