3 0.5118297682471248 0.4204150547852431 0.12656434523075966 0.10519778896022594
3 0.1951965300699794 0.5314484176120262 0.0673310551888033 0.08543866801906326
3 0.011218152069948053 0.41063353693163096 0.022436304139896106 0.052407979707460584
5 0.005297732254106958 0.6115375178569075 0.010595464508213916 0.03823638555165907
0 0.43399892094177267 0.5184064955324779 0.04694677759440165 0.042951159090609536
0 0.4101013248858205 0.43115591152294624 0.04694677759440165 0.042951159090609536
0 0.42459541306761023 0.12631840705871936 0.044508861827499045 0.07255683847375849
5 0.47631739812125584 0.47611958400623633 0.051989475104890735 0.047720479707460586
0 0.15910197425647618 0.7083967012972463 0.044153664317010045 0.06786933847375849
5 0.5377168394079676 0.4607633652558244 0.05546967261537983 0.05246252678536116
0 0.42259612779953865 0.05978942613344281 0.04391686597668389 0.06474433847375852
0 0.21137579189283412 0.6482910442352317 0.042472765146847016 0.0662795649348082
5 0.6230973097389735 0.5005855702065187 0.05210787427505377 0.04928297970746058
0 0.3855739989510928 0.4761002187471166 0.051989475104890735 0.047720479707460586
0 0.6775964782051684 0.44208332345292956 0.04562107593472771 0.04604888555165907
0 0.4894676709417727 0.519374706165215 0.040578378424238615 0.0412795649348082
0 0.26040528774364924 0.6413240239426921 0.03610436597668398 0.06460797077900686
0 0.35643648630304553 0.16893655519228026 0.044508861827499045 0.07255683847375849
0 0.038270178615442504 0.6202364078727935 0.05307837842423861 0.041497753246410876
0 0.3813708284103055 0.5315689687471167 0.050071777594401644 0.04300570616851011
0 0.35024199542660783 0.37456894642598226 0.0419758576783142 0.08031479139585782
0 0.4119905145221471 0.034571237821840094 0.04164397095570589 0.05534206493480816
0 0.2600565485408187 0.28459673701106125 0.042946361827499044 0.0725295649348082
0 0.15136829416791922 0.9343415925309483 0.027959979254075583 0.03949887662320535
5 0.4639655663869581 0.13326388230195302 0.047752260997662076 0.07417388555165916
0 0.36723319896038153 0.09871951257860642 0.047752260997662076 0.07417388555165916
0 0.3294092771701944 0.33978484334172715 0.0419758576783142 0.08031479139585782
5 0.03244715372033323 0.5731977666390915 0.053078378424238626 0.041497753246410876
3 0.6134864340140271 0.45191624512544076 0.07227866431700995 0.0683602621748646
0 0.5967292609744401 0.8795327305149442 0.04727866431700996 0.06792388555165943
0 0.18471359043365285 0.9278830868489054 0.034423466806520954 0.06301819724005639
5 0.3111472970909262 0.18848539610167073 0.05170605518880329 0.08516593262955982
0 0.7043878116130733 0.2227293514561067 0.047775571785542856 0.05388865909060954
0 0.7578446983356816 0.19862937824146795 0.051610966806520865 0.06331820616851021
5 0.6257794047692403 0.11418442004436287 0.058216164317009954 0.06811480032431154
5 0.3002554960513078 0.28060471225429484 0.04678175684847723 0.08195911201270886