0 0.6085530085932761 0.5442020562978296 0.025363626670908877 0.031395445745273774
0 0.7733678445655956 0.7490809747193486 0.028506808004454244 0.032976126463433175
0 0.7887008485439602 0.9085559686692246 0.02694430800445442 0.032967036104353295
0 0.598058761895323 0.7746253545024315 0.023764764003817974 0.028261355386194252
0 0.525126721992364 0.05930890583029137 0.02692612667090888 0.031404536104353495
0 0.5836700925764132 0.6682844509116354 0.022165901336727068 0.02512726502711473
0 0.6679136586569095 0.07576567368607638 0.026944308004454243 0.032967036104353496
0 0.5825017753023651 0.23152933947531684 0.03948067067154533 0.03616475897699045
0 0.5078472206397284 0.20140550223949516 0.030087489337999783 0.034547716822512696
0 0.7660553312380953 0.7060667729239507 0.022165901336727245 0.02512726502711473
0 0.7905537025382332 0.9507571042078439 0.02374658267027243 0.026698855386194254
0 0.6418500506445011 0.1670264779408025 0.02380112667090888 0.031386355386194255
0 0.7806894485598685 0.7913139265147467 0.030087489337999783 0.034547716822512696
0 0.580263829248913 0.6252929750139362 0.02380112667090888 0.031386355386194255
0 0.5723882419239581 0.5635242280389983 0.022202264003817973 0.028252265027114733
0 0.8577006752864567 0.35032583303240916 0.05336135733609097 0.020621572208706952
0 0.6393523066518189 0.11310204722264328 0.02380112667090888 0.031386355386194255
0 0.6735273119828189 0.13048953512239486 0.030105670671545327 0.03611021682251274
5 0.608192665977092 0.1722997852205907 0.025399989337999786 0.03452044574527387
4 0.5878121525700498 0.7151867219888741 0.03492044000636341 0.04707498789975162
5 0.7633575925764132 0.6693298422057914 0.026962489337999784 0.03452953610435348
0 0.5669853159611836 0.2892554810640605 0.03944430800445424 0.033039758976990366
5 0.4960210246658182 0.009136189007778626 0.026707950668363623 0.0126545361043535