3 0.8015625 0.26015625 0.06328125 0.0484375
5 0.12109375 0.5828125 0.03984375 0.04375
0 0.57109375 0.5078125 0.03359375 0.03203125
5 0.421875 0.5671875 0.0453125 0.046875
0 0.40234375 0.4015625 0.03671875 0.0359375
0 0.1734375 0.45625 0.03359375 0.0421875
0 0.98203125 0.025 0.03515625 0.0296875
0 0.6359375 0.7765625 0.02265625 0.0703125
0 0.39296875 0.61875 0.0375 0.0375
0 0.56328125 0.45546875 0.03125 0.03046875
0 0.35234375 0.59765625 0.040625 0.03828125
0 0.6890625 0.63359375 0.021875 0.06953125
3 0.90859375 0.953125 0.05546875 0.09375
0 0.5703125 0.5578125 0.0296875 0.03046875
0 0.49609375 0.4828125 0.03671875 0.034375
5 0.13203125 0.0203125 0.03671875 0.0390625
0 0.703125 0.0515625 0.0140625 0.06484375
5 0.7359375 0.76796875 0.02890625 0.07578125
0 0.34921875 0.81953125 0.03515625 0.04375
0 0.52109375 0.56953125 0.03984375 0.0359375
0 0.1671875 0.6453125 0.03984375 0.04453125
0 0.2421875 0.521875 0.03984375 0.0390625
0 0.64765625 0.0796875 0.0171875 0.071875
0 0.7609375 0.66796875 0.02109375 0.0609375
0 0.49609375 0.5375 0.03984375 0.0359375
0 0.71015625 0.8671875 0.028125 0.0703125
0 0.646875 0.17265625 0.0171875 0.07109375
0 0.67578125 0.0140625 0.0171875 0.02734375
5 0.471875 0.26171875 0.0359375 0.04765625
3 0.67578125 0.1390625 0.0234375 0.115625
0 0.74765625 0.50703125 0.03359375 0.06640625
0 0.26015625 0.16640625 0.028125 0.06171875
0 0.30703125 0.8625 0.0359375 0.05234375
5 0.4546875 0.90703125 0.0390625 0.059375
0 0.94453125 0.1609375 0.0375 0.04375
0 0.85234375 0.04375 0.03125 0.0640625
5 0.98125 0.25 0.03671875 0.03515625
5 0.70234375 0.16015625 0.01875 0.07734375