0 0.33979084802672604 0.2066952470304991 0.030087489337999783 0.03523881802583091
0 0.691437353397497 0.49261499280735704 0.06119203866963616 0.023648100158284537
0 0.7034919107256337 0.4546974556603384 0.048637494668999894 0.018596887305303157
0 0.8631305400620427 0.481991044535852 0.06744203866963616 0.0238299565847754
0 0.2695741807765404 0.8169447737526765 0.028524989337999785 0.03519335391920819
0 0.03745728337840702 0.33300872829238765 0.03924431333545445 0.016761602665567032
0 0.18965941410722237 0.7950948543149197 0.028524989337999785 0.03519335391920819
0 0.7183714760502704 0.39108959672656524 0.05650453866963616 0.02351170783841656
0 0.3134481660566338 0.42616666105797957 0.03166817067154524 0.036846782132453626
0 0.3887641500238625 0.1870336163891136 0.028597714672181595 0.04144335391920828
0 0.8869493007240429 0.4483207381885035 0.05962953866963616 0.023602636051661817
0 0.2687838401097677 0.8161407916993649 0.022220445337363514 0.030323997492717324
0 0.17883154945094915 0.8713163735152495 0.02374658267027252 0.02724446159934004
0 0.6225082767743133 0.8108134118494024 0.048637494668999894 0.018596887305303157
0 0.7311265620623608 0.4804930775262354 0.05336135733609062 0.021858279625171128
0 0.20254921809354115 0.6947227812745238 0.025345445337363513 0.030414925705962936
0 0.43633113538349766 0.38210207548117137 0.03481135200509069 0.03850021034569888
0 0.19455545210054082 0.746035228688099 0.030051126670908878 0.03211381802583091
0 0.7895748613939972 0.4696979815245859 0.05176249466899989 0.01868781551854859
0 0.03372375604708874 0.34773881802583095 0.034593176002545335 0.01975021034569897
0 0.6195469087762222 0.824784983636157 0.048637494668999894 0.0185968873053028
0 0.8014845153962243 0.4864452123242561 0.051780676002545434 0.02025031551854859
0 0.1665139101288577 0.9537424286089567 0.028524989337999785 0.03519335391920819
0 0.0718964653882702 0.4066424565847753 0.05176249466899989 0.018687815518548413
0 0.29138171471195246 0.3419591456185733 0.03323067067154524 0.036892246239076346
3 0.5728328040658607 0.5016597207040332 0.1505454400063634 0.05123955423577744
5 0.17540710478990343 0.9126089632486929 0.03168635200509069 0.03840928213245363
0 0.24151226810149531 0.7544304018867795 0.028470445337363516 0.03050585391920819
0 0.5416020800843143 0.6366424744649569 0.028524989337999785 0.03519335391920819
0 0.5328906987587231 0.6934009398252209 0.030051126670908878 0.03211381802583091
0 0.5262594380967228 0.7275713513454187 0.02848862667090888 0.03206835391920819
0 0.5024497681014953 0.7620229076927673 0.061228401336727245 0.026773100158284536
0 0.5065741941040407 0.780886567959324 0.0549238573360908 0.021903743731793844
5 0.506602013446813 0.8503950859060125 0.03337612133990877 0.04939224623907634
0 0.5008520001193126 0.8931819794795219 0.0348477146721816 0.04162521034569906
0 0.4842463027927669 0.9426818743066724 0.048673857336090795 0.021721887305303157
0 0.6059122174569943 0.9282593246232416 0.061228401336727245 0.026773100158284536
0 0.6109446154519036 0.8909184489964209 0.06282726400381797 0.02994356426490725
0 0.6154139394493583 0.8723048413162889 0.05806703866963616 0.0235571719450391
0 0.6144417854471311 0.8558758592629776 0.06119203866963616 0.023648100158284537
0 0.6150412221116767 0.8402735913162889 0.05806703866963616 0.0235571719450391
0 0.6265321580999045 0.7539185541692703 0.05806703866963616 0.023557171945039278
0 0.629511707431541 0.7415094823825157 0.0549238573360908 0.021903743731793844
0 0.6299202400938594 0.7095009644358271 0.06119203866963616 0.023648100158284537
0 0.6383139954248594 0.6925635170222518 0.06273635733609062 0.02213106426490725
0 0.6396765007558596 0.6754214811288746 0.06431703866963616 0.02373902837152997
0 0.6363333247533142 0.6565805529156291 0.05179885733609062 0.02181281551854859
0 0.41056533000477247 0.0470905779884538 0.03168635200509069 0.03840928213245363
0 0.32283806333545445 0.025013338017583653 0.02692612667090888 0.032022889812585574
2 0.8812645640913139 0.6980706856020789 0.07480110001590816 0.11932431301126592