3 0.553125 0.328125 0.0796875 0.06953125
3 0.1875 0.5 0.065625 0.065625
3 0.96796875 0.296875 0.0640625 0.04453125
5 0.8921875 0.11484375 0.04375 0.065625
5 0.75390625 0.446875 0.0359375 0.0640625
0 0.61328125 0.01875 0.0203125 0.0375
0 0.50625 0.48515625 0.03359375 0.0328125
0 0.59375 0.5484375 0.03828125 0.03515625
0 0.22421875 0.66875 0.03671875 0.03984375
0 0.86328125 0.3640625 0.03671875 0.0375
0 0.55546875 0.521875 0.03828125 0.03671875
5 0.27890625 0.5140625 0.04453125 0.0421875
0 0.15546875 0.70390625 0.034375 0.0375
0 0.53125 0.56796875 0.03984375 0.03671875
0 0.4125 0.61875 0.0375 0.0359375
5 0.4078125 0.44140625 0.04140625 0.0375
0 0.9828125 0.03046875 0.03359375 0.02890625
0 0.44296875 0.55703125 0.03671875 0.0375
5 0.7609375 0.665625 0.025 0.0734375
0 0.28828125 0.62265625 0.04140625 0.04453125
0 0.51171875 0.4 0.03828125 0.0359375
0 0.68984375 0.640625 0.028125 0.07265625
0 0.26640625 0.175 0.0296875 0.0625
0 0.3609375 0.59609375 0.03984375 0.0375
0 0.70546875 0.02890625 0.01640625 0.05703125
0 0.353125 0.821875 0.03359375 0.04140625
5 0.7328125 0.6578125 0.02578125 0.075
5 0.7046875 0.14375 0.01640625 0.071875
0 0.74296875 0.334375 0.04296875 0.03984375
3 0.69609375 0.28203125 0.07265625 0.06328125
0 0.65 0.1625 0.01640625 0.08125
5 0.5765625 0.45 0.03671875 0.040625
2 0.6734375 0.10078125 0.02890625 0.2015625
5 0.13828125 0.02265625 0.03671875 0.03828125
5 0.63984375 0.85703125 0.03046875 0.0890625
0 0.31015625 0.8640625 0.0375 0.0484375
5 0.45703125 0.90859375 0.0375 0.05859375
0 0.73984375 0.7625 0.02578125 0.0703125
0 0.9515625 0.17734375 0.0390625 0.0390625
0 0.4703125 0.5921875 0.03984375 0.04453125