1 0.93046875 0.36171875 0.07265625 0.0390625
3 0.26015625 0.37578125 0.05390625 0.0421875
0 0.39765625 0.4 0.03359375 0.02578125
0 0.5875 0.39765625 0.03515625 0.028125
0 0.121875 0.47421875 0.03515625 0.02890625
0 0.928125 0.41484375 0.03671875 0.028125
5 0.71796875 0.29765625 0.034375 0.028125
0 0.4359375 0.31171875 0.03515625 0.028125
0 0.71953125 0.353125 0.03671875 0.028125
5 0.8328125 0.5703125 0.03515625 0.0296875
0 0.9296875 0.60078125 0.034375 0.02734375
0 0.753125 0.39453125 0.03046875 0.02578125
5 0.76953125 0.296875 0.03828125 0.02890625
0 0.63515625 0.940625 0.0125 0.05859375
0 0.92265625 0.02734375 0.0171875 0.0546875
0 0.5671875 0.94609375 0.0140625 0.0609375
0 0.65390625 0.94140625 0.01328125 0.0578125
0 0.4 0.753125 0.01640625 0.0640625
0 0.6171875 0.93671875 0.01328125 0.04921875
0 0.8125 0.3046875 0.0390625 0.028125
0 0.6765625 0.7359375 0.01328125 0.0453125
0 0.5515625 0.9515625 0.0140625 0.0578125
5 0.94921875 0.734375 0.01796875 0.05859375
0 0.603125 0.9421875 0.01328125 0.05390625
0 0.5359375 0.9546875 0.0140625 0.0578125
0 0.92578125 0.1625 0.0171875 0.0640625
0 0.58515625 0.9421875 0.015625 0.05078125
0 0.6734375 0.94375 0.0140625 0.05703125
0 0.7734375 0.1875 0.01484375 0.05078125
0 0.64921875 0.87265625 0.01484375 0.059375
0 0.87734375 0.17109375 0.01328125 0.040625
0 0.6296875 0.8734375 0.01328125 0.0546875
0 0.9953125 0.534375 0.009375 0.02578125
0 0.471875 0.7609375 0.0171875 0.06171875
0 0.8140625 0.034375 0.02890625 0.0453125
3 0.16484375 0.9640625 0.065625 0.071875