0 0.8984375 0.2796875 0.03046875 0.021875
0 0.44140625 0.38828125 0.0265625 0.01875
5 0.8109375 0.34921875 0.03046875 0.02109375
0 0.21484375 0.42265625 0.025 0.021875
0 0.28984375 0.3 0.0296875 0.02265625
0 0.0125 0.2453125 0.025 0.021875
0 0.9578125 0.38359375 0.0265625 0.02109375
0 0.1734375 0.23828125 0.02890625 0.021875
0 0.05625 0.24296875 0.028125 0.02265625
0 0.215625 0.240625 0.02890625 0.02265625
0 0.81171875 0.31875 0.028125 0.01796875
0 0.26015625 0.24375 0.0234375 0.01953125
0 0.86484375 0.31640625 0.02890625 0.01796875
5 0.296875 0.24453125 0.0328125 0.02265625
4 0.27578125 0.42578125 0.0421875 0.02734375
0 0.428125 0.425 0.02421875 0.01875
0 0.6046875 0.0734375 0.015625 0.05546875
0 0.32734375 0.425 0.0234375 0.01953125
0 0.3734375 0.421875 0.028125 0.02265625
0 0.8421875 0.28125 0.03359375 0.021875