0 0.57265625 0.50546875 0.03359375 0.03515625
5 0.42421875 0.565625 0.04453125 0.04921875
0 0.6765625 0.90078125 0.02109375 0.0515625
0 0.9265625 0.3265625 0.03046875 0.02578125
0 0.89765625 0.28515625 0.03828125 0.0296875
0 0.98359375 0.01953125 0.0328125 0.03125
0 0.35390625 0.5953125 0.040625 0.0390625
5 0.7578125 0.775 0.0359375 0.078125
0 0.57109375 0.5546875 0.0296875 0.03125
0 0.94609375 0.2828125 0.03046875 0.025
0 0.7046875 0.04765625 0.01484375 0.0640625
5 0.97265625 0.33203125 0.0390625 0.02890625
0 0.01875 0.56875 0.03671875 0.04609375
0 0.878125 0.23828125 0.0421875 0.03203125
5 0.78125 0.21953125 0.01875 0.07421875
0 0.759375 0.1125 0.0140625 0.06875
3 0.78125 0.4625 0.02734375 0.11640625
0 0.56484375 0.45234375 0.03125 0.0328125
3 0.9125 0.94921875 0.053125 0.1
0 0.49453125 0.5375 0.04140625 0.03984375
0 0.9390625 0.2421875 0.04140625 0.03125
0 0.35078125 0.81796875 0.03515625 0.04453125
3 0.67734375 0.13359375 0.02265625 0.1171875
5 0.26640625 0.1671875 0.02890625 0.065625
0 0.99140625 0.284375 0.0171875 0.03125
5 0.13203125 0.0203125 0.0375 0.03984375
0 0.30859375 0.85703125 0.03671875 0.065625
5 0.4609375 0.90625 0.04140625 0.05078125
5 0.7046875 0.14921875 0.01875 0.06640625
0 0.6546875 0.053125 0.02265625 0.0796875
3 0.90234375 0.115625 0.10078125 0.12578125