0 0.7564955697775986 0.2966710177099798 0.029270837748947898 0.03445059471009326
0 0.7382887507177902 0.4897461835232302 0.030887901451278843 0.03610409997176518
0 0.7121478913692958 0.5895795835514651 0.02932540145127884 0.036013094710093264
0 0.6681647675928313 0.6696619257013096 0.026200401451278665 0.03583108418674961
0 0.3087004544386545 0.4452339891943076 0.05221726442797028 0.02175317363517095
0 0.7690179725796398 0.9008579887707846 0.0261458377489479 0.03426858418674961
0 0.661743642002268 0.7090506493929503 0.02609127404661713 0.032706084186749605
0 0.38321930480147415 0.4581504891237205 0.045858137023308564 0.01826415258848364
0 0.7654961576961826 0.9786189677240973 0.02609127404661713 0.03270608418674925
0 0.69462560778885 0.8692369914722077 0.029270837748947898 0.03445059471009344
0 0.35300352594553364 0.41896689178279123 0.05377976442797028 0.02184417889684287
0 0.610602716419554 0.316241523112826 0.02937996515360979 0.037575594710093266
0 0.7734573473675949 0.09026909926589344 0.02932540145127884 0.036013094710093264
0 0.4423017051564447 0.8997611364505321 0.027762901451278844 0.0359220894484217
0 0.45309532829993715 0.6953389469597585 0.02765377404661713 0.03279708944842134
0 0.8128373721320022 0.5704949255601353 0.035302582939624474 0.028564615756780754
0 0.3420636029795264 0.8424653049652058 0.05221726442797028 0.02175317363517095
0 0.775682145630465 0.8014495229716516 0.02609127404661713 0.032706084186749605
0 0.99904516832632 0.5030553385307883 0.00190966334736018 0.0166260578783902
0 0.450389479751216 0.7294864338055789 0.02754464664195542 0.029672089448421347
0 0.7727952478073833 0.8527390071866361 0.027762901451278844 0.035922089448421346
0 0.45501000316486095 0.6385352101139381 0.026200401451278665 0.03583108418674961
0 0.46175605488629223 0.7870637153756099 0.04909226442797028 0.021571163111827295
0 0.3446429659562179 0.8270223154885494 0.058467264427970275 0.022117194681858264
0 0.34896587820726993 0.7945283339044009 0.05377976442797028 0.021844178896843047
0 0.35424860053245577 0.677886865474432 0.06170139183263199 0.0254242052052021
0 0.34459583673745764 0.7810195707502212 0.04903770072563942 0.020008663111827297
5 0.7885020602437698 0.6103995887425497 0.03250496515360961 0.03775760523343692
2 0.10885176577873264 0.5942042972844594 0.06190477767481419 0.12055469468185845
0 0.34493314263524016 0.8130053181193855 0.05534226442797028 0.02193518415851443
0 0.4706672634164799 0.7743284969456411 0.05534226442797028 0.021935184158514788
0 0.34121043110982757 0.8626867997035339 0.05534226442797028 0.021935184158514788
5 0.6485689970895931 0.3987578915004426 0.03434028366526398 0.045661110495108834
0 0.04692216233587004 0.29432612364928845 0.03185020072563941 0.01900760523343701
0 0.32774318655212314 0.9901118196112713 0.05997520072563933 0.01977636077745757
0 0.9979092542611692 0.48191608589995233 0.004181491477661581 0.015154563140062116
0 0.3369693644122719 0.8975245312876824 0.05216270072563933 0.020190673635170953
0 0.7634872243937384 0.9434172150932613 0.04193452885594055 0.039866136803468066
0 0.4581102436310321 0.9505801838055788 0.058521828130301046 0.02367969468185862
5 0.44772332593768444 0.8540769101280556 0.02954365626060227 0.04226309471009344
0 0.34836318828140367 0.7102898417969087 0.05539682813030113 0.023497684158514786
0 0.35044404345354685 0.7252245970585806 0.058521828130301136 0.023679694681858265
0 0.3568552453603126 0.6632251259977757 0.06477182813030113 0.024043715728545932
0 0.3546106990811769 0.6436028707361039 0.05534226442797028 0.021935184158514788
0 0.3610690302067029 0.6276061444136272 0.04278770072563942 0.019644642065139807
0 0.33020837748947973 0.34669007338105723 0.05539682813030113 0.0234976841585147