0 0.5926690616130733 0.2527132707062458 0.03061138257342346 0.03477919158591121
0 0.6684512342284531 0.20617676031468563 0.028812084233097578 0.031544930942249486
0 0.6577999219906798 0.08762350226891391 0.035654080083912555 0.039794473516896425
0 0.6798157093333438 0.15984806353299427 0.030729781743586492 0.036341691585911204
0 0.5955698412820674 0.21443202070624579 0.03061138257342346 0.03477919158591121
0 0.6084376168018766 0.1689938345682162 0.02713118506293437 0.02987317029858776
0 0.6285590174219321 0.26621839583229656 0.02736798340326061 0.03299817029858776
0 0.2867472578741625 0.41353153034150136 0.04036489087179325 0.01991901609154336
0 0.6453339655571211 0.169217709694267 0.023769386722608487 0.02652964901126431
0 0.05194712800003136 0.3405646518612559 0.06607528589277141 0.03104218639013112
0 0.2940027282051684 0.45252297452530266 0.05958848755244537 0.027480143815484227
5 0.638053339207475 0.21347580808511263 0.029404080083912553 0.039357430942249486
0 0.66402292074128 0.2749813906365165 0.027012785892771517 0.02831067029858776
0 0.6135520919067673 0.12222809521187794 0.029167281743586494 0.03623243094224948
0 0.25966361700236923 0.4289162297210828 0.05646348755244537 0.0272616225281606
0 0.5550623178368506 0.26186439558019503 0.02736798340326061 0.03299817029858776
0 0.7012293520560149 0.8100772924977724 0.02736798340326061 0.03299817029858758
0 0.29586307136133555 0.3450546819506557 0.05646348755244537 0.027261622528160778
0 0.14580294916087425 0.3871825617682835 0.06271348755244537 0.027698665102807673
0 0.0204612522750851 0.28966878737886687 0.037595088382282336 0.024387994804219916
0 0.6902820418928342 0.6954302844520007 0.02736798340326043 0.03299817029858776
0 0.2201517537249776 0.4010208226640467 0.061032588382282336 0.026026904459146037
0 0.9538154360886196 0.5135839767942165 0.026302390871793334 0.01893567029858776
0 0.6963041311003091 0.8647101621759414 0.030492983403260433 0.03321669158591121
0 0.953353494801908 0.5300448571160474 0.024858290041956367 0.020388909654926124
0 0.19564866119351038 0.4134444130091207 0.05310168921211931 0.02391810124083733
0 0.27587415454552583 0.7850458974217804 0.046733290041956366 0.021918558666190434
0 0.7058398773753314 0.4797506541301698 0.030374584233097402 0.03165419158591121
0 0.6797417479021857 0.9875042619041695 0.02869368506293437 0.024991476191661022
0 0.6850369282144572 0.10130894385482514 0.02916728174358667 0.03623243094224948
0 0.6872242064103368 0.9119839999231253 0.03061138257342364 0.03477919158591121
0 0.2693398120140586 0.7987259851689643 0.04985829004195628 0.022137079953513706
5 0.761776104354322 0.1561546170034045 0.035654080083912555 0.03979447351689647
2 0.05361175869935508 0.5880787902288585 0.06633724025173773 0.11654264381548422
5 0.3699425406434343 0.8599526982943007 0.039252676764564676 0.046262994804219915
0 0.39661547488117616 0.6426941424781019 0.03385478174358649 0.03656021287323483
0 0.3025578215618282 0.629833873536567 0.045170790041956274 0.021809298022528623
0 0.2973491806900349 0.6467482219274127 0.053220088382282336 0.02548060124083733
0 0.29358464064807865 0.66533433096192 0.05634508838228234 0.0256991225281606
0 0.29696974977628543 0.6828496128929051 0.05478258838228234 0.025589861884498966
0 0.38989095558514425 0.7003427515126093 0.02412458423309749 0.031217149011264312
0 0.3872269742564762 0.7354990015126093 0.02713118506293437 0.029873170298587937
0 0.3974890454173191 0.7762714669837341 0.05947008838228225 0.025917643815484226
0 0.3954054045455258 0.7934043366619031 0.05790758838228234 0.025808383171822415
0 0.28288301637302493 0.7132801580654422 0.0628318867226084 0.029261165102807674
0 0.2858420730117207 0.7260533096745965 0.05935168921211931 0.024355143815484225
0 0.2611828472821301 0.8649137138816408 0.05790758838228234 0.025808383171822415
0 0.2566603680280545 0.9038669532379793 0.05634508838228234 0.025699122528160957
0 0.3619398638788696 0.9033749163633154 0.032410680913749525 0.038013452229573017
0 0.37660509250824525 0.9585922940872562 0.05646348755244537 0.0272616225281606
0 0.24504651657351756 0.9910752451823722 0.05478258838228234 0.0178495096352556
0 0.26350328649424937 0.8446558442034717 0.05634508838228234 0.0256991225281606
0 0.2691971794406351 0.8317023761344569 0.049976689212119306 0.023699579953513704
0 0.2688778707273468 0.8151868654907952 0.05958848755244537 0.027480143815484227