3 0.41096221589940996 0.31088532619047515 0.11173889342673622 0.10857156847545246
3 0.9058019372140628 0.25883175895164034 0.11231946846486096 0.06648419802510172
0 0.2636716014423615 0.43690401295681003 0.040080792553055564 0.046253238741233105
0 0.2800940756068059 0.33570245836101814 0.03528418977951393 0.04126535009228505
0 0.3490973423243058 0.27494662862679864 0.04167966014423623 0.04791586829088237
3 0.20215221998347258 0.41580906539313356 0.09640483415618065 0.12007027297895938
0 0.2896191184442019 0.5768583844868947 0.03212282218833336 0.03950259099298634
0 0.6675265661075006 0.5768958482465838 0.03844555737069442 0.04302810919158375
0 0.3079813798433683 0.256456246917681 0.03361258700597229 0.03647772054263569
0 0.28028571171843825 0.8481721799833881 0.03691942496187508 0.0444904796419344
0 0.12462793844833375 0.48024060765042426 0.03684668977951393 0.0413654796419344
0 0.6220406137914585 0.06811113356404416 0.03684668977951393 0.0413654796419344
0 0.7404003684442019 0.5479710094130656 0.041570557370694414 0.04322836829088246
5 0.35197103523795176 0.43202794340162337 0.03691942496187508 0.0444904796419344
0 0.1954151767648269 0.5969787222406787 0.03691942496187508 0.0444904796419344
0 0.24628734574277827 0.5976307618770758 0.03045121941479172 0.03471496144333699
0 0.18584276785486173 0.7235610086378733 0.03848192496187504 0.04459060919158375
0 0.12387652393569457 0.14541502467700226 0.06471711664125004 0.03223031153562217
0 0.05449596998347258 0.42527130783499434 0.0336489545971528 0.03804022054263569
0 0.3048602991056601 0.45851939466592767 0.03691942496187508 0.0444904796419344
0 0.523639481382639 0.0759817951919514 0.041679660144236054 0.04791586829088237
3 0.8692222315700702 0.8722422193152433 0.14902068787965278 0.1015996776670363
0 0.9383637833380908 0.44765442705795255 0.05410692496187508 0.045591904688076924
0 0.31356184545843785 0.395368552593207 0.040153527735416715 0.04937823874123311
0 0.2889274810013894 0.5135270697120701 0.040080792553055564 0.046253238741233105
0 0.22040668502986124 0.15800705737356902 0.07103985182361114 0.035755829734219445
0 0.33333275085302133 0.5724922570967138 0.040080792553055564 0.046253238741233105
0 0.571168444813507 0.06745909392764711 0.041716027735416716 0.04947836829088237
0 0.11406445963114593 0.09362198720007353 0.06944098423243057 0.03409320018457014
0 0.2558422240675352 0.5039110402547059 0.03691942496187508 0.0444904796419344
0 0.6172790721883333 0.011444135566628984 0.046403527735416714 0.02288827113325797
5 0.602546384593021 0.10456906770948535 0.03844555737069442 0.04302810919158371
0 0.901160602960973 0.7653518692229582 0.049455792553055745 0.046854016039128865
0 0.24814982532246538 0.13979847547988125 0.06944098423243066 0.03409320018457014
0 0.7632391096104867 0.5879754457179752 0.04785692496187508 0.04519138648947951
0 0.14927591422829872 0.12735663710778847 0.07420121941479171 0.037518588833518066
5 0.159373799674341 0.8637447200812105 0.04186149810013893 0.05572836829088246
0 0.2592139586812154 0.11092250385751132 0.08357621941479162 0.038119366131414
0 0.9802733007211806 0.41095666101882367 0.03945339855763876 0.04382914558877822
0 0.6966451427611461 0.28162411860464936 0.07910692496187507 0.04719397748246603