0 0.16704368937771202 0.28671875 0.027380955534962847 0.0234375
0 0.09976939854087194 0.39609375 0.028943455534962848 0.0234375
0 0.14470738710812658 0.340625 0.02581845553496285 0.0234375
0 0.11953373920022678 0.0671875 0.028998019237293705 0.025
0 0.13905012023308558 0.15625 0.02732639183263199 0.021875
0 0.6594891720393349 0.6296875 0.03217758293962447 0.0265625
0 0.03438741288402421 0.08984375 0.027380955534962836 0.0234375
0 0.06259678075485708 0.40546875 0.028998019237293705 0.025
0 0.0941443588003402 0.10078125 0.02888889183263199 0.021875
0 0.18736860226173624 0.3765625 0.02888889183263199 0.021875
0 0.05959826632688682 0.38671875 0.02888889183263199 0.021875
0 0.14447423021455214 0.17734375 0.028943455534962848 0.0234375
0 0.23461814681159146 0.678125 0.02888889183263199 0.021875
0 0.13273563284695733 0.13203125 0.028943455534962848 0.0234375
0 0.613638469499597 0.56953125 0.0321230192372937 0.025
0 0.7563071191367772 0.5609375 0.03217758293962447 0.0265625
0 0.31100952122102826 0.71796875 0.02888889183263199 0.021875
0 0.7648587183184705 0.64921875 0.030560519237293703 0.025
0 0.15251245262455596 0.38515625 0.02576389183263199 0.021875
0 0.07174854754508006 0.26484375 0.02888889183263199 0.021875
0 0.09575903265377364 0.7734375 0.028834328130301134 0.0203125
0 0.04294644654928818 0.13359375 0.030560519237293682 0.025
0 0.2493328889222251 0.38359375 0.02420139183263199 0.021875
0 0.018211830577371847 0.1859375 0.02420139183263198 0.021875
0 0.027824965871399876 0.48359375 0.02280258293962455 0.0265625
0 0.12824415043978848 0.7640625 0.02888889183263199 0.021875
0 0.15764884201011725 0.24140625 0.02576389183263199 0.021875
0 0.5288641654159129 0.58046875 0.03217758293962447 0.0265625
0 0.6576439298438832 0.59921875 0.028943455534962935 0.0234375
0 0.06249010943331239 0.2234375 0.027380955534962847 0.0234375
0 0.7158185283926043 0.56484375 0.03217758293962447 0.0265625
0 0.11674109981466554 0.2109375 0.028943455534962848 0.0234375
0 0.09601691596406711 0.378125 0.02888889183263197 0.021875
0 0.05393107576804842 0.1796875 0.02888889183263199 0.021875
5 0.8834723090626433 0.6453125 0.03535714664195524 0.028125
0 0.1840972693221117 0.35 0.02732639183263199 0.021875
0 0.0858408185964723 0.3328125 0.027380955534962847 0.0234375
0 0.21832351341647996 0.7484375 0.03217758293962456 0.0265625
0 0.6166841131463274 0.634375 0.02576389183263199 0.021875
0 0.16855660407583478 0.41953125 0.02576389183263199 0.021875
0 0.0869940577118811 0.075 0.02420139183263199 0.021875
0 0.022264413516996394 0.2125 0.02576389183263198 0.021875
0 0.243154810791924 0.36328125 0.02420139183263199 0.021875
0 0.07725450308004289 0.28828125 0.027271828130301136 0.0203125
0 0.2375942915546303 0.33828125 0.022638891832631992 0.021875
0 0.020910277759632202 0.4421875 0.01170139183263198 0.021875
5 0.659677655797266 0.56796875 0.035302582939624474 0.0265625
0 0.13066967975906518 0.27421875 0.028943455534962848 0.0234375
0 0.1701315500769688 0.75546875 0.02888889183263199 0.021875
0 0.1794816911918106 0.3296875 0.027380955534962847 0.0234375
0 0.11196183057737183 0.1859375 0.02732639183263199 0.021875
0 0.054818997089593126 0.36171875 0.02888889183263199 0.021875
0 0.03622027531256149 0.2765625 0.02732639183263198 0.021875
0 0.015994566149401573 0.1671875 0.02107639183263198 0.021875
0 0.2750521738534334 0.67265625 0.03217758293962447 0.0265625
0 0.05771084019601869 0.1984375 0.02888889183263199 0.021875
0 0.5482168553417791 0.66484375 0.029161710344286364 0.0296875
0 0.03068703792643322 0.25234375 0.02888889183263198 0.021875
0 0.568134996541439 0.5640625 0.03374008293962447 0.0265625
0 0.2556746581595188 0.40859375 0.02576389183263199 0.021875
0 0.4863740758528664 0.5046875 0.02954365626060209 0.040625
0 0.09277286487560799 0.35234375 0.02732639183263199 0.021875
0 0.19710815689357442 0.16328125 0.02581845553496285 0.0234375
0 0.00977928248413761 0.1234375 0.01170139183263198 0.021875
0 0.05344747004775112 0.3671875 0.02732639183263199 0.021875
0 0.10807293874473986 0.1640625 0.02888889183263199 0.021875
0 0.8496206095181303 0.5484375 0.03217758293962447 0.0265625
0 0.2344866497219983 0.31640625 0.02420139183263199 0.021875
5 0.15950407412358591 0.78671875 0.03206845553496285 0.0234375
0 0.3576215932760616 0.48671875 0.02830853847458741 0.05
5 0.8053621780297847 0.55625 0.035302582939624474 0.0265625
0 0.22914438529402803 0.29765625 0.022638891832631992 0.021875
0 0.023936074038767897 0.46171875 0.016334328130301123 0.0203125
0 0.6139484935462141 0.60078125 0.02888889183263199 0.021875
0 0.28610872494189254 0.6984375 0.03206845553496285 0.0234375
0 0.14935024708959313 0.36171875 0.02576389183263199 0.021875
0 0.13453128974053175 0.2953125 0.02576389183263199 0.021875
0 0.15384179573098153 0.221875 0.028998019237293705 0.025
0 0.2966940500769688 0.75546875 0.0321230192372937 0.025
0 0.0065625132468439176 0.0984375 0.00701389183263198 0.021875
0 0.2504986071558777 0.7078125 0.030505955534962846 0.0234375
0 0.40745046768549836 0.5265625 0.02356647477225664 0.0484375
0 0.1706870114327454 0.05546875 0.017896828130301135 0.0203125
0 0.2370462646824243 0.99375 0.036374009618646855 0.0125
0 0.25789192258748905 0.42734375 0.02576389183263199 0.021875
0 0.026907273498462947 0.23359375 0.02576389183263198 0.021875
0 0.13928327712666003 0.31953125 0.020967264427970277 0.01875
0 0.24952887339794652 0.76953125 0.03206845553496276 0.0234375
0 0.012750515060942453 0.14140625 0.016443455534962837 0.0234375
0 0.46421138837407094 0.5859375 0.02981647477225664 0.0484375
0 0.05017613710812657 0.340625 0.028943455534962824 0.0234375
0 0.040835853442862606 0.296875 0.032123019237293694 0.025
0 0.13300353919237756 0.49765625 0.017207347367594838 0.0453125
0 0.10175845135861158 0.13984375 0.022584328130301135 0.0203125
0 0.14536712993655043 0.49375 0.01876984736759484 0.0453125
0 0.1251091605217715 0.24921875 0.02732639183263199 0.021875
0 0.16458088828925294 0.2609375 0.02576389183263199 0.021875
0 0.16864093882955786 0.4890625 0.017098219962933127 0.0421875
0 0.07185770806685157 0.5140625 0.02044147477225653 0.0484375
0 0.18259431142489616 0.4859375 0.017207347367594838 0.0453125
0 0.045424149721998305 0.31640625 0.02888889183263198 0.021875
0 0.26010178564899855 0.73671875 0.03206845553496285 0.0234375
0 0.09795140507947589 0.1203125 0.025763891832631967 0.021875
0 0.12493056733052792 0.0875 0.030505955534962846 0.0234375
0 0.06777781015895179 0.240625 0.02576389183263199 0.021875
0 0.35190481741534596 0.4125 0.016989092558271413 0.0390625
0 0.18390626324684392 0.0984375 0.019459328130301136 0.0203125
0 0.20508687031790357 0.48125 0.017098219962933127 0.0421875
0 0.03905755471665619 0.11171875 0.02576389183263198 0.021875
0 0.5316767184032886 0.97421875 0.022113102176918177 0.0515625
0 0.18930309137714504 0.11875 0.027435519237293704 0.025
0 0.2198214929132419 0.478125 0.017098219962933037 0.0421875
0 0.24382198810391847 0.471875 0.01715278366526398 0.04375
0 0.23226692921091105 0.4765625 0.01715278366526398 0.04375
0 0.029908244009550222 0.0734375 0.026999009618646853 0.0125
0 0.12289189609380125 0.23046875 0.025709328130301135 0.0203125
0 0.049151806530754724 0.1546875 0.02732639183263199 0.021875
0 0.35288201877395753 0.55234375 0.03466766587924912 0.053125
0 0.12884674101432533 0.11015625 0.02888889183263199 0.021875
0 0.35189240453132176 0.32265625 0.013754965153609699 0.0359375
0 0.17602927586071565 0.07421875 0.019459328130301136 0.0203125
0 0.19501246587139986 0.48359375 0.01715278366526398 0.04375
0 0.08259676750801317 0.30703125 0.02888889183263199 0.021875
5 0.32713296279135695 0.1953125 0.022113102176918264 0.0515625
0 0.15003474945184583 0.20234375 0.02888889183263199 0.021875
0 0.382790229666398 0.3796875 0.018824411069925696 0.046875
0 0.21327391486775876 0.7828125 0.0321230192372937 0.025
0 0.6236905704953889 0.70078125 0.030505955534962936 0.0234375
5 0.3517981460938012 0.23046875 0.023784729581579976 0.0546875
1 0.3106126069862417 0.0578125 0.03370536660488845 0.0703125
5 0.01852932222466936 0.41875 0.008685519237293693 0.025
0 0.06102933547151328 0.5171875 0.018660719962933104 0.0421875
0 0.09812010770403186 0.50546875 0.02669147477225655 0.0484375
0 0.19003970135861162 0.13984375 0.021130955534962848 0.0234375
0 0.19873514427970268 0.1875 0.016498019237293705 0.025
0 0.17319448565684775 0.30625 0.02888889183263199 0.021875