0 0.5546853161632435 0.7943122508074836 0.028812084233097578 0.030151150162155815
0 0.45943293836370475 0.7402366310841371 0.034091580083912554 0.038045470779006864
0 0.41291959418185237 0.3733161379839959 0.030729781743586492 0.034865923701106104
5 0.46372692281587247 0.23965024999670473 0.031203378424238613 0.0411159237011061
5 0.6230810412681341 0.7485691026739227 0.034091580083912734 0.038045470779006864
0 0.297638720307784 0.9861786022701808 0.026657588382282337 0.02231137662320535
0 0.6648237910676416 0.4661111586802772 0.034091580083912554 0.038045470779006864
0 0.4640621613940031 0.6894690178536121 0.034091580083912554 0.038045470779006864
0 0.3401581070303924 0.9618877142828897 0.03252908008391255 0.038018197240056395
0 0.201408796042019 0.6559399030015296 0.04649649170163021 0.016415932629560002
0 0.07034897280658367 0.6098443786518003 0.06247668921211931 0.02137616801906326
0 0.02093531026342709 0.5196227532464108 0.04187062052685418 0.019813668019063257
0 0.7243564308905276 0.9193100710172974 0.059825285892771515 0.027571620941162677
0 0.021728676965057335 0.48835911647693575 0.04345735393011467 0.019813668019063257
0 0.5987895910583527 0.842019093745469 0.034328378424238616 0.04117047077900686
0 0.09298191201870298 0.5899000714276299 0.056226689212119305 0.02126707386326192
0 0.02038503090678297 0.5032165032464109 0.04077006181356594 0.01973184740221221
0 0.21553418608861968 0.4488813794625792 0.06740098755244536 0.024582988635914304
0 0.013033088270425033 0.6257363855516591 0.026066176540850066 0.02137616801906326
0 0.016075577897462834 0.5860017297074606 0.03215115579492567 0.019704573863261743
0 0.0182004739557372 0.5711852532464109 0.0364009479114744 0.019759120941162677
0 0.8714808072401737 0.8772879866007288 0.04107528589277152 0.02724433847375849
0 0.015305983291403178 0.6062869561685101 0.030611966582806356 0.019759120941162677
0 0.019502864827530463 0.5368375267853612 0.039005729655060925 0.01970457386326192
0 0.01840184480655232 0.556355140015886 0.03680368961310464 0.02126707386326192
5 0.6144863686527544 0.8000497820570717 0.032765878424238615 0.0411431972400564
5 0.7243555082751477 0.9709407548646733 0.06283188672260849 0.026063668019063256
0 0.8525513632541696 0.9825658218280765 0.06006208423309758 0.030696620941162676
0 0.7266428265362057 0.8168708636309713 0.06908188672260848 0.02617276217486477
5 0.45415990082054825 0.38655252353565506 0.044176975104890735 0.04758411201270887