3 0.18203125 0.69609375 0.11015625 0.10546875
3 0.4765625 0.59140625 0.1015625 0.08203125
0 0.88984375 0.23828125 0.03984375 0.03046875
0 0.52734375 0.47578125 0.0375 0.03515625
0 0.8609375 0.5828125 0.0328125 0.05390625
0 0.5734375 0.55859375 0.03828125 0.034375
0 0.9671875 0.525 0.03984375 0.0328125
0 0.4703125 0.4921875 0.03046875 0.03359375
0 0.31171875 0.6125 0.0359375 0.03984375
5 0.415625 0.5171875 0.0421875 0.04296875
0 0.71484375 0.865625 0.028125 0.0703125
0 0.6484375 0.975 0.02734375 0.04921875
0 0.98203125 0.01484375 0.0359375 0.0296875
0 0.87734375 0.28046875 0.0453125 0.03125
0 0.7046875 0.796875 0.025 0.06953125
5 0.7390625 0.76796875 0.02734375 0.0734375
0 0.67578125 0.903125 0.02578125 0.05859375
0 0.571875 0.45703125 0.03984375 0.03671875
5 0.92890625 0.28203125 0.03828125 0.03046875
0 0.58359375 0.50859375 0.03984375 0.03828125
0 0.65859375 0.64140625 0.01640625 0.06484375
3 0.9109375 0.94921875 0.05625 0.1015625
0 0.35078125 0.8234375 0.03359375 0.04375
5 0.5 0.52890625 0.03515625 0.03828125
0 0.26171875 0.17109375 0.0296875 0.0640625
0 0.646875 0.3765625 0.01796875 0.0671875
0 0.690625 0.9390625 0.02578125 0.05703125
5 0.89453125 0.328125 0.04296875 0.03125
3 0.37109375 0.5875 0.05703125 0.0578125
0 0.4640625 0.265625 0.03515625 0.04921875
5 0.44296875 0.5578125 0.04140625 0.04140625
0 0.7625 0.67109375 0.02265625 0.08515625
5 0.13203125 0.02578125 0.03671875 0.04375
5 0.7234375 0.68828125 0.02890625 0.09140625
0 0.31015625 0.87109375 0.04453125 0.059375
5 0.4578125 0.9109375 0.0421875 0.059375
0 0.96015625 0.32890625 0.03984375 0.034375