5 0.33698790089574004 0.36219794832726326 0.04363242280870363 0.03650406603337357
0 0.7032765737044436 0.377534184759596 0.040234020735185186 0.03321529172311397
5 0.7654266762490736 0.22672860131336786 0.04193322177194432 0.034859678878243726
0 0.7234435192745827 0.29406990954482526 0.04037072177194432 0.03477779172311406
0 0.7627985451935642 0.331249004976841 0.040234020735185186 0.03321529172311397
0 0.37207367478847114 0.5479340524657063 0.04009731969842587 0.03165279172311397
0 0.6038432102265733 0.36233963195520547 0.03031221658814811 0.02647396879233561
5 0.7161101814328699 0.23716149027751993 0.04037072177194432 0.03477779172311406
0 0.42310849448689697 0.5750830506566839 0.036835618661666555 0.029926517412854636
0 0.44157836460916605 0.30177834746818066 0.04037072177194432 0.03477779172311406
0 0.2722096672956006 0.6175239354369644 0.040234020735185186 0.033215291723114146
0 0.452378455042777 0.3624292424252265 0.036835618661666555 0.02992651741285455
0 0.5235603879362494 0.3327992961341282 0.04009731969842587 0.03165279172311406
0 0.9120077332708327 0.30537814450681994 0.04193322177194432 0.034859678878243816
0 0.13587375169694357 0.4496514399595203 0.038671520735185094 0.03313340456798421
0 0.6888174262025908 0.9119777838096563 0.027069639396851742 0.060521420171816234
0 0.8130145757306939 0.22344979308191043 0.045058221771944316 0.03502345318850333
0 0.6986765480682862 0.4146623705352447 0.043495721771944315 0.03494156603337366
5 0.9593597698402305 0.4339634899388356 0.045058221771944316 0.03502345318850324
0 0.8634445112160645 0.19883157338506371 0.04167894354388864 0.0675084045679843
0 0.3106467421778228 0.653181474446545 0.03343721658814811 0.026637743102595125
0 0.7037589210187944 0.9033464122583588 0.02734304147037019 0.06364642017181658
0 0.8236096146091662 0.2817569380389563 0.043495721771944315 0.034941566033373485
0 0.8909037128184714 0.35121958898889594 0.04037072177194432 0.03477779172311406
0 0.7682903127247205 0.8874071517429092 0.027206340433611052 0.06208392017181659
0 0.7670231727622209 0.6755688930364819 0.02455023213953709 0.04950203301668683
0 0.7519524132431001 0.8890482168717716 0.02380793836009243 0.058795145861557076
0 0.6751650293128686 0.917402268205824 0.026932938360092428 0.05895892017181659
0 0.788329410651202 0.8832176187262224 0.027206340433610875 0.06208392017181659
0 0.8903112246466666 0.06635658808438483 0.03230394354388864 0.06701708163720577
0 0.7680470134786558 0.8128608531223902 0.029178943543888815 0.06685330732694617
0 0.7497071165889335 0.8185309989839471 0.0274797425071295 0.06520892017181659
0 0.8407896782753237 0.07444572704853689 0.020878427992499837 0.043088258706427275
0 0.7371086632431001 0.8898261448455042 0.024686933176296222 0.051064533016686654
0 0.7429864567862035 0.12273714213197076 0.02665953628657398 0.05583392017181654
0 0.8079290111695816 0.8829752792871005 0.027343041470370366 0.06364642017181658
0 0.7184270137614798 0.8915900407070613 0.02115183006601846 0.04621325870642714
3 0.059398017531156345 0.5533330399140917 0.02414012902925917 0.044814533016686656
0 0.5698351059385172 0.7361323360482199 0.0327140466541664 0.07170458163720568