3 0.10501300811767485 0.11188738639033638 0.08545803327818295 0.15445437622353536
3 0.12133606859155141 0.563385399004208 0.0759000267853612 0.054181557711881115
0 0.7912861043053664 0.4712821344066018 0.039635244317957154 0.034176592558271324
0 0.43605313352635955 0.514918094835706 0.041197744317957155 0.03423115626060227
0 0.867949790181337 0.3733505766947207 0.03804547077900651 0.03255952885594056
3 0.8026234302005184 0.8058381836809623 0.046204618505530703 0.142152783665264
0 0.3817510117711228 0.2263665155242786 0.039826159090609534 0.04511409255827141
0 0.29065881290950857 0.5246800191524758 0.039607970779006865 0.03261409255827132
0 0.4172521351479174 0.2501115503706689 0.036646612012708954 0.0418799651536097
0 0.38629641558672656 0.3238045107149552 0.03812729139585791 0.037247028855940556
0 0.5918193072241704 0.011108592473453385 0.041361385551659066 0.02221718494690677
5 0.9639480827950109 0.3754636590013731 0.049228432629560004 0.047003974772256464
0 0.682931682225818 0.23771072097442342 0.03236821509696384 0.06515377404661712
0 0.7250488185882562 0.06134662841615204 0.03713753571381488 0.0700049651536097
0 0.5067870044708174 0.9356274097191634 0.038045470779006864 0.03255952885594056
5 0.1167871160764892 0.734533712706539 0.04435001785690749 0.03590278366526398
0 0.45488931372358277 0.8671700755984123 0.039635244317957154 0.034176592558271324
0 0.827360377440575 0.7753049462948342 0.022993215096963837 0.06482639183263181
3 0.8378830458666753 0.8881496866761873 0.0344761858759707 0.0964583377489479
0 0.6475946055231823 0.5176809631698751 0.041225017856907444 0.03579365626060227
0 0.7475414273545541 0.06993045473235462 0.03236821509696384 0.06515377404661711
0 0.6838162978919748 0.32122262542092717 0.029297762174864593 0.06816964664195542
0 0.7105288023562017 0.3117012924813026 0.030996629869616397 0.07603671034428627
0 0.701564679790186 0.15429802024878403 0.0355204886359143 0.06682540145127884
5 0.7258964780859027 0.19170625101149033 0.043632997564368024 0.08428571996293313
3 0.43462441599046836 0.021985338887665316 0.03379434740221221 0.04397067777533063
0 0.7887637073929168 0.9289036614484438 0.019240923701106104 0.028779764427970277
0 0.20446358319875274 0.09514134129232703 0.0336307061685102 0.048020837748947984
3 0.8176426838539665 0.9294567329553229 0.0237920560063543 0.021130955534962935
4 0.4918602175325959 0.010429035394544487 0.0319045649348082 0.020858070789088974
5 0.34861736323382014 0.4695634440173994 0.04432274431795715 0.03434028366526398
0 0.769547877440575 0.7773238032810758 0.022993215096963837 0.06482639183263217
5 0.7479874866073194 0.013149752910406876 0.050900026785361166 0.02629950582081375
0 0.6083821010589554 0.5276388057281466 0.03955342370110628 0.029489092558271323