0 0.6776380440157856 0.6945333130072622 0.03853481969842587 0.03262105242559432
0 0.6867499123946283 0.6457929240673687 0.038671520735185184 0.03418355242559432
0 0.7602805549955087 0.17320083376004752 0.03882734561740726 0.07142846091032524
3 0.326416588078054 0.7900837686267534 0.07624943317629622 0.05586710485118864
3 0.9256300273331011 0.3453952139059494 0.08162043836009261 0.06406224212409217
0 0.43159777186648085 0.30153196740910715 0.04050742280870363 0.03743609818322877
5 0.48221752874722074 0.7632029199844826 0.04335902073518518 0.034566189698497854
5 0.4095626958064802 0.6432409774110468 0.04322231969842587 0.03300368969849785
3 0.13144407257314794 0.09942643090450624 0.09451000056564784 0.15819487939699584
0 0.46163304373296177 0.6358431945302898 0.04179652073518518 0.0344386439408634
0 0.24618582657916574 0.4756065515075104 0.036835618661666555 0.03093100666795969
0 0.4573407741755551 0.22704227937759916 0.04091752591898139 0.04212359818322877
0 0.2576942142790739 0.07653145165729161 0.0410542269557407 0.04368609818322886
0 0.3481856983983783 0.652185284837611 0.038671520735185184 0.03418355242559432
0 0.42006565810578655 0.2056933089243762 0.0410542269557407 0.04368609818322886
0 0.7286873853443512 0.29773831921618 0.028768840433610877 0.062850686364518
0 0.7928511728087037 0.002058061424861135 0.04011644354388864 0.00411612284972227
5 0.3119351315746745 0.7055014745361088 0.04492152073518518 0.0346937354561323
0 0.2387972427899534 0.12134961514299239 0.03833933006601846 0.04811850666795978
0 0.5486715883608779 0.8482637040731875 0.03554652073518518 0.03392846091032524
0 0.605877787088563 0.917555966950065 0.03214811866166656 0.03054836939505634
0 0.6007830180968042 0.6614654636160854 0.040234020735185186 0.03431109818322895
0 0.7557481713481012 0.27428497269994107 0.030604742507129502 0.06610323212215263
0 0.9791723912584487 0.36977358950992334 0.041655217483102545 0.04601387272903601
0 0.5228733401043042 0.6253363871037257 0.04179652073518518 0.0344386439408634
0 0.4124890210180091 0.07412444453028988 0.0384760311027776 0.049681006667959784
5 0.118146175354119 0.7118783756039739 0.04335902073518514 0.034566189698497854
5 0.595538443497406 0.7004482152830753 0.04179652073518518 0.0344386439408634
0 0.7743150777569442 0.05481762451671222 0.04167894354388864 0.06855855242559432
0 0.7289717663998607 0.19306679467037274 0.037948350801203644 0.0791134151526907
3 0.6354027344021282 0.607495569675222 0.08378853110277759 0.05337983363936125
5 0.7610933248822221 0.007399201198249661 0.04718664976444433 0.014798402396499322
5 0.7380549490105089 0.0900375184575756 0.0389640466541664 0.07299096091032524
0 0.41691338939685174 0.027352382416865818 0.04384703628657398 0.054704764833731635
0 0.6855468717727298 0.8119121316437139 0.04738213939685174 0.0628187354561323
0 0.7657701969377759 0.91945382255016 0.0223630155513888 0.025095594849248927
5 0.11810580207430395 0.8283324230285984 0.042343324882222165 0.0406886439408634