0 0.00859375 0.2671875 0.0171875 0.01875
0 0.6328125 0.68359375 0.02734375 0.02109375
0 0.00703125 0.1765625 0.0140625 0.021875
0 0.08515625 0.0109375 0.02734375 0.02109375
0 0.59765625 0.65 0.0265625 0.01953125
0 0.18828125 0.26328125 0.025 0.02109375
0 0.10234375 0.36484375 0.025 0.0203125
0 0.59921875 0.62109375 0.025 0.0203125
0 0.0953125 0.16484375 0.0234375 0.01796875
0 0.065625 0.3703125 0.0265625 0.02109375
0 0.065625 0.346875 0.02421875 0.01875
0 0.175 0.715625 0.0265625 0.01796875
0 0.0578125 0.1484375 0.0234375 0.01875
0 0.7671875 0.71484375 0.02734375 0.01953125
0 0.6828125 0.6203125 0.0265625 0.0203125
0 0.0109375 0.35390625 0.02109375 0.01875
0 0.00859375 0.2859375 0.0171875 0.01875
0 0.09609375 0.1859375 0.02421875 0.01953125
0 0.15625 0.3109375 0.02109375 0.01953125
0 0.02578125 0.65078125 0.02578125 0.01953125
0 0.06015625 0.21484375 0.025 0.01953125
0 0.8734375 0.58515625 0.028125 0.02109375
0 0.1921875 0.35078125 0.025 0.01953125
0 0.0578125 0.125 0.0234375 0.01875
0 0.0953125 0.60546875 0.02734375 0.0203125
0 0.190625 0.328125 0.02265625 0.01875
0 0.09609375 0.14453125 0.02421875 0.01953125
0 0.18984375 0.303125 0.02421875 0.0203125
0 0.06484375 0.64296875 0.025 0.0203125
0 0.08984375 0.0984375 0.0265625 0.0203125
0 0.24140625 0.6046875 0.0265625 0.028125
0 0.14375 0.00625 0.025 0.0125
0 0.00703125 0.22109375 0.0140625 0.0203125
0 0.24609375 0.32109375 0.01953125 0.01875
0 0.184375 0.15234375 0.02578125 0.02109375
0 0.7609375 0.590625 0.02421875 0.01875
0 0.11796875 0.46484375 0.0109375 0.04453125
0 0.096875 0.23125 0.0234375 0.01875
0 0.15078125 0.13203125 0.0234375 0.02109375
0 0.009375 0.3078125 0.01875 0.01875
0 0.24765625 0.3421875 0.01875 0.01796875
0 0.884375 0.6203125 0.028125 0.02109375
0 0.15390625 0.28984375 0.01875 0.0171875
0 0.25 0.3671875 0.0203125 0.0203125
0 0.640625 0.61953125 0.028125 0.02109375
0 0.18515625 0.2171875 0.02265625 0.01875
0 0.190625 0.6 0.0234375 0.0203125
0 0.16796875 0.390625 0.02265625 0.01875
0 0.1296875 0.72421875 0.025 0.01875
0 0.82734375 0.58984375 0.03046875 0.0203125
0 0.82109375 0.6828125 0.0234375 0.01953125
0 0.13671875 0.98203125 0.028125 0.03515625
0 0.64765625 0.58984375 0.0234375 0.01875
0 0.01015625 0.3328125 0.01953125 0.01953125
0 0.234375 0.653125 0.025 0.0203125
0 0.090625 0.05546875 0.025 0.0203125
0 0.17890625 0.03984375 0.02265625 0.01875
0 0.18359375 0.1265625 0.02421875 0.01953125
0 0.0609375 0.2359375 0.0234375 0.01796875
0 0.03359375 0.615625 0.021875 0.01796875
0 0.059375 0.19140625 0.02421875 0.01875
0 0.09921875 0.2546875 0.02265625 0.01796875
0 0.24609375 0.29765625 0.0203125 0.01875
0 0.2546875 0.38984375 0.02109375 0.01953125
0 0.06484375 0.3265625 0.02265625 0.01796875
0 0.60078125 0.5921875 0.02578125 0.0203125
0 0.13046875 0.4625 0.0109375 0.04296875
0 0.05234375 0.0390625 0.021875 0.01875
5 0.42265625 0.62890625 0.02421875 0.053125
0 0.23828125 0.14375 0.02109375 0.0203125
0 0.1015625 0.29609375 0.02421875 0.0203125
0 0.1515625 0.15703125 0.0234375 0.01953125
0 0.18203125 0.10625 0.0234375 0.01953125
0 0.14765625 0.06640625 0.025 0.01953125
5 0.68125 0.5921875 0.02734375 0.0203125
0 0.19140625 0.45546875 0.0109375 0.04140625
0 0.1578125 0.459375 0.01015625 0.040625
0 0.15234375 0.17890625 0.0234375 0.0203125
0 0.05546875 0.08046875 0.021875 0.01875
0 0.15546875 0.24296875 0.02421875 0.0203125
0 0.01171875 0.39921875 0.0203125 0.01796875
0 0.05625 0.10390625 0.02265625 0.01875
0 0.1015625 0.34140625 0.025 0.01953125
0 0.1578125 0.35625 0.021875 0.01796875
0 0.23125 0.03125 0.0140625 0.01875
0 0.17890625 0.01484375 0.02421875 0.01953125
0 0.18046875 0.45625 0.01015625 0.0421875
0 0.059375 0.1703125 0.021875 0.01796875
0 0.0578125 0.471875 0.01171875 0.04609375
0 0.7140625 0.5859375 0.0203125 0.01796875
0 0.0625 0.30078125 0.0234375 0.01796875
0 0.16953125 0.4578125 0.01015625 0.04296875
5 0.21796875 0.740625 0.03203125 0.0203125
0 0.25234375 0.41328125 0.0265625 0.02265625
0 0.1484375 0.09140625 0.02421875 0.01953125
0 0.0125 0.421875 0.02265625 0.01796875
0 0.921875 0.58359375 0.02734375 0.02265625
0 0.1859375 0.19453125 0.02421875 0.02109375
0 0.21875 0.45234375 0.0109375 0.04453125
0 0.08125 0.46875 0.01171875 0.0453125
0 0.05390625 0.0609375 0.021875 0.01875
0 0.42890625 0.9359375 0.0109375 0.0484375
0 0.0625 0.37578125 0.0265625 0.0203125
0 0.37109375 0.015625 0.0125 0.03125
0 0.0625 0.259375 0.02578125 0.01953125
0 0.146875 0.0453125 0.0203125 0.01796875
0 0.10234375 0.3203125 0.0234375 0.01796875
0 0.15390625 0.26796875 0.021875 0.01953125
0 0.2078125 0.45390625 0.01015625 0.04140625
0 0.378125 0.21328125 0.0125 0.04765625
0 0.05234375 0.01484375 0.02421875 0.01953125
0 0.23203125 0.44921875 0.01015625 0.04296875
0 0.06328125 0.28046875 0.025 0.01875
0 0.23671875 0.075 0.0171875 0.01953125
0 0.353125 0.04765625 0.0125 0.04609375
0 0.24453125 0.27578125 0.01875 0.01796875
0 0.36875 0.41484375 0.0109375 0.04453125
0 0.00546875 0.1109375 0.01015625 0.01953125
0 0.36015625 0.25546875 0.0109375 0.04140625
0 0.446875 0.61015625 0.01953125 0.03203125
0 0.1578125 0.334375 0.021875 0.01796875
0 0.10078125 0.27578125 0.025 0.01796875
0 0.384375 0.3359375 0.0109375 0.04296875
0 0.23046875 0.009375 0.0140625 0.01796875
0 0.06015625 0.4171875 0.0296875 0.03046875
0 0.21484375 0.715625 0.0265625 0.01796875
0 0.15 0.1125 0.01953125 0.01796875
0 0.1828125 0.0609375 0.0234375 0.01953125
0 0.09453125 0.1203125 0.02734375 0.01953125
0 0.3890625 0.45 0.01171875 0.04609375
0 0.40390625 0.00859375 0.0140625 0.0171875
0 0.18203125 0.08125 0.02421875 0.02109375
0 0.128125 0.9765625 0.02890625 0.03515625
0 0.153125 0.22109375 0.0234375 0.01953125
0 0.1453125 0.02265625 0.0234375 0.01875
0 0.00390625 0.02265625 0.0078125 0.0203125
0 0.00390625 0.046875 0.00703125 0.01796875
0 0.059375 0.284375 0.02421875 0.01875
0 0.09140625 0.03125 0.025 0.01875
0 0.06171875 0.31953125 0.0234375 0.01796875
0 0.18671875 0.175 0.02578125 0.01953125
0 0.14375 0.4125 0.01953125 0.03828125
0 0.0140625 0.44375 0.0265625 0.021875
0 0.72578125 0.62109375 0.028125 0.02109375
0 0.00859375 0.23828125 0.0171875 0.0203125
0 0.04609375 0.475 0.0125 0.04609375
0 0.0921875 0.075 0.02578125 0.01875
0 0.375 0.5796875 0.0109375 0.04375
0 0.153125 0.20234375 0.021875 0.01875
0 0.0046875 0.0671875 0.00859375 0.01796875
0 0.00625 0.0890625 0.0125 0.01796875
0 0.00625 0.13203125 0.0125 0.01953125
0 0.0078125 0.1546875 0.015625 0.02734375
0 0.009375 0.19765625 0.01875 0.025
5 0.01328125 0.375 0.02109375 0.0203125
0 0.09453125 0.21171875 0.028125 0.021875
0 0.234375 0.053125 0.021875 0.0234375
0 0.23671875 0.09921875 0.0171875 0.01953125
0 0.23515625 0.1203125 0.0171875 0.0203125
0 0.1875 0.2390625 0.02734375 0.021875
0 0.190625 0.28203125 0.0265625 0.015625