3 0.053963103026124074 0.8618427463718028 0.10792620605224815 0.0752232332097769
3 0.7569321244257473 0.7516690388531055 0.05637036831702939 0.1111210384745874
0 0.32434901066451804 0.1336904314035277 0.05678062101845249 0.037847229581579975
0 0.7454654614550943 0.9485440388531055 0.028109589448421346 0.02749008293962447
0 0.7492722718937335 0.8564111025554364 0.02507559471009326 0.028943455534962935
3 0.08230645285671487 0.23336308230665237 0.12992969468185842 0.062232159888799286
0 0.7549131400695884 0.5989259847694216 0.03196263154179633 0.04009921034428636
0 0.2498432923757235 0.2750718887525891 0.06717208944842143 0.028854175497895974
0 0.29358850319553326 0.5815103725105203 0.03334312101845249 0.03702877404661713
0 0.17221809229101886 0.18890126497612442 0.0735130947100933 0.030634930307219355
0 0.46156756057981346 0.040017298556570394 0.02994510523343692 0.032232146641955416
0 0.3315182266048254 0.2917112625290537 0.06855257892507768 0.02578373920022674
0 0.4316910738045802 0.1112300996450295 0.03665013154179615 0.040262901451278844
0 0.5440981954583173 0.7380505160724328 0.03196263154179633 0.04009921034428636
0 0.22527811895231395 0.5495907391154088 0.03959312101845249 0.037247028855940556
0 0.007383141102657809 0.6677132896557137 0.014766282205315617 0.021949411069925696
0 0.8506876426298373 0.5207340081830665 0.03499662628012423 0.0386458377489479
0 0.8163097265342382 0.20071417406231556 0.06993306840173404 0.022713302902557686
0 0.08040742178079396 0.7612599038135315 0.04749662628012437 0.03908234736759475
0 0.9328594606786353 0.12725433749449394 0.06193855787839055 0.019315484390903404
0 0.39463214760916043 0.23882930998931579 0.07525760523343691 0.03381449400955026
0 0.9269463057416646 0.4697320141735162 0.03178062101845249 0.036974210344286364
0 0.28002361603912934 0.2521874602594682 0.07351309471009326 0.0306349303072194
0 0.1959777558263692 0.5841393539061988 0.03959312101845249 0.037247028855940556
0 0.5105965947806805 0.02816957378431386 0.035087631541796324 0.04020833774894796
5 0.47115539220631425 0.08958078893792354 0.042065673635170955 0.05292659255827141
0 0.9330344949500897 0.1911804282386668 0.0729670631400623 0.0212599303072194
1 0.7959007030684763 0.43064721072280443 0.08809080517696728 0.0935168762235353
3 0.8106659422627841 0.1369790562763007 0.10650760523343691 0.03490576805616734
0 0.5286038711596268 0.09381193195168187 0.03499662628012441 0.03864583774894799
0 0.03153582422810324 0.5696106063532694 0.05383763154179623 0.04086310217691817
3 0.8768600896601828 0.16507428522490847 0.12691111049510867 0.03717759618646847
0 0.036611919149958025 0.7635689374787955 0.04704159997176514 0.03126984736759475
0 0.4411864421216096 0.009444416110917177 0.04409861049510884 0.018888832221834354
2 0.9303050661238339 0.3183604871316742 0.09252069994353036 0.06248513103285873