3 0.478125 0.596875 0.10078125 0.08203125
3 0.91328125 0.95234375 0.0515625 0.0953125
0 0.57265625 0.56484375 0.0375 0.03359375
3 0.36640625 0.59140625 0.05625 0.05625
0 0.525 0.48515625 0.0359375 0.03515625
0 0.03984375 0.59375 0.03671875 0.04609375
0 0.98203125 0.02578125 0.03515625 0.03125
5 0.43984375 0.565625 0.0421875 0.04375
0 0.7046875 0.803125 0.02421875 0.06640625
0 0.87734375 0.28984375 0.04375 0.03125
0 0.96171875 0.83984375 0.04296875 0.0328125
0 0.58359375 0.5140625 0.03828125 0.0375
5 0.49609375 0.53671875 0.04296875 0.03984375
0 0.57265625 0.4625 0.03984375 0.0359375
0 0.93203125 0.15078125 0.0390625 0.0484375
5 0.6625 0.2625 0.01953125 0.07578125
5 0.8984375 0.33828125 0.04296875 0.03046875
0 0.66484375 0.9375 0.025 0.0578125
3 0.85234375 0.03359375 0.0453125 0.0671875
0 0.6859375 0.94375 0.0234375 0.0625
0 0.82578125 0.65625 0.03125 0.0609375
0 0.65078125 0.065625 0.015625 0.06875
0 0.71015625 0.87421875 0.02734375 0.07109375
0 0.35 0.83203125 0.0359375 0.04609375
5 0.7421875 0.77421875 0.028125 0.0796875
0 0.26015625 0.178125 0.02890625 0.06171875
0 0.65 0.38671875 0.0171875 0.08359375
3 0.6265625 0.79296875 0.03203125 0.1140625
0 0.46015625 0.5 0.0328125 0.03359375
5 0.13203125 0.02734375 0.0390625 0.040625
0 0.3046875 0.8703125 0.04140625 0.04921875
5 0.45546875 0.91875 0.04609375 0.05546875
3 0.66015625 0.546875 0.03125 0.14453125
5 0.7234375 0.68671875 0.02109375 0.08203125
0 0.76015625 0.6734375 0.0203125 0.0765625
0 0.96328125 0.3390625 0.0421875 0.02265625
0 0.7046875 0.15625 0.01796875 0.0828125
5 0.74609375 0.284375 0.03671875 0.08046875
2 0.671875 0.025 0.025 0.05