0 0.66328125 0.446875 0.0328125 0.02421875
0 0.21328125 0.4375 0.0296875 0.02421875
0 0.84296875 0.4265625 0.03125 0.025
0 0.2921875 0.31484375 0.0296875 0.02421875
0 0.71328125 0.5953125 0.03359375 0.02578125
0 0.81796875 0.33203125 0.03828125 0.02578125
0 0.54609375 0.44140625 0.025 0.0203125
5 0.72109375 0.32109375 0.0359375 0.0296875
0 0.4546875 0.88828125 0.01328125 0.0609375
3 0.309375 0.3875 0.06484375 0.0390625
0 0.10390625 0.34609375 0.034375 0.02734375
0 0.43125 0.71953125 0.01328125 0.05390625
0 0.93359375 0.0625 0.0125 0.05703125
5 0.475 0.40078125 0.0421875 0.0265625
0 0.671875 0.74921875 0.01015625 0.0453125
0 0.88515625 0.20390625 0.01171875 0.040625
0 0.64453125 0.9484375 0.0125 0.0546875
0 0.46640625 0.75546875 0.01484375 0.06171875
0 0.640625 0.88046875 0.01484375 0.05859375
0 0.62109375 0.88046875 0.01484375 0.0578125
0 0.54140625 0.94765625 0.01171875 0.0546875
0 0.55703125 0.946875 0.01171875 0.0546875
0 0.6078125 0.9453125 0.01328125 0.05703125
0 0.82890625 0.0578125 0.021875 0.04765625
0 0.94609375 0.446875 0.03046875 0.0234375
0 0.52265625 0.9484375 0.0140625 0.05859375
0 0.59296875 0.94453125 0.01328125 0.0546875
0 0.6625 0.9515625 0.01328125 0.05390625
0 0.62421875 0.946875 0.01328125 0.0546875
0 0.93203125 0.19609375 0.01640625 0.0578125
0 0.78359375 0.2140625 0.01484375 0.05078125
0 0.57421875 0.94375 0.01171875 0.0515625
0 0.9375 0.06640625 0.01328125 0.0578125
3 0.15546875 0.9359375 0.071875 0.0796875
5 0.6671875 0.54375 0.0234375 0.06484375
0 0.90703125 0.16875 0.0203125 0.059375
5 0.91484375 0.05 0.01484375 0.07890625