3 0.35274722921734875 0.18892112984996273 0.11160109621281204 0.11729045157021041
3 0.4090052778147341 0.45442645790492353 0.09127041549465283 0.11357441818411544
0 0.5089461904807167 0.46167300508107195 0.03614657825883114 0.03698317445232178
5 0.05052463642238221 0.5796814883215176 0.08304884933607007 0.04303459765100204
3 0.9452371727231274 0.6567555552267212 0.0751727168225127 0.03186977711788863
0 0.5180212086310891 0.5129627204413358 0.03773634933607006 0.041716138558944314
0 0.7587552929400447 0.48721124802144294 0.056495439695149585 0.04382420783841656
5 0.6386155097625574 0.4610244842313894 0.04400453005422929 0.04502299498543501
0 0.44599271428843 0.27291203345260184 0.04085225897699054 0.04024456677218975
5 0.49292173556206054 0.39652537820061007 0.04558521077238851 0.048193459092057814
0 0.4358147801524252 0.015137952032428773 0.05337043969514958 0.030275904064857546
0 0.40295124141579297 0.28666229638472557 0.04084316861791084 0.03868206677218975
0 0.951922989078102 0.7159259667469191 0.05011817466803521 0.021767351411925873
0 0.8491040787498105 0.26352604394395013 0.06583407825883114 0.0378469924781526
0 0.4303075851927183 0.552227460412206 0.039307939695149584 0.043324102665567035
0 0.2989934317983137 0.7013362133151999 0.07360112646343309 0.03026181301126609
0 0.5341683833973201 0.5570165973217976 0.040870439695149585 0.043369566772189574
0 0.24777636544333922 0.6434615288337484 0.07673521682251269 0.03191524122451135
0 0.6426768167477579 0.29999605601814405 0.04398634933607006 0.041897994985435005
5 0.4674490368899204 0.47850280390657296 0.04400453005422929 0.04502299498543501
0 0.858409338414172 0.67802881314428 0.07202044574527378 0.027091348904643375
0 0.4809933864223822 0.5671561269469688 0.040879530054229285 0.04493206677218957
0 0.5579296329063408 0.23216134982908015 0.03775453005422928 0.04484113855894432
0 0.36567447609409076 0.11511991699698128 0.050254530054229286 0.04520485141192578
0 0.8551025312325796 0.7093697413575255 0.07358294574527377 0.027136813011265914
0 0.18251147638867837 0.3149477354185236 0.04709316861791084 0.03886392319868044
3 0.4229046722321481 0.3477900129986307 0.06129202400410509 0.06271060015828453
0 0.41047791598563216 0.20130145790492354 0.04714771077238851 0.048238923198680436
0 0.04777636544333922 0.6492809344814516 0.06425339754067197 0.03467652837152997
0 0.4682898951047851 0.33397155390657296 0.040861349336070066 0.04180706677218975
5 0.9920051719375605 0.13673256024128616 0.014298849336070063 0.041034176959604096
0 0.14215918716106687 0.26925480219071335 0.06270907825883124 0.037756064264907255
5 0.08350582894620226 0.4154682241357525 0.06902271077238853 0.04887542069139794
3 0.031920603048503214 0.8739997896543009 0.06384120609700643 0.06450042069139812
5 0.44588310909862744 0.4260143013992906 0.04242384933607006 0.041852530878812286
0 0.8712810013747422 0.8823071361846757 0.06899543969514994 0.04418792069139812
0 0.5848122362494316 0.8476810497499379 0.04401362041330899 0.046585494985435