0 0.7248071616840239 0.5878574629501093 0.031386355386194255 0.02562271287323483
0 0.8728355955254411 0.5071652018022444 0.029823855386194253 0.02551345222957302
0 0.6295310231203424 0.6007723622134751 0.032948855386194256 0.02573197351689647
0 0.3590265838179761 0.3180026929232936 0.014289758976990452 0.0400458457929556
0 0.9437116977883774 0.5991234728374664 0.029832945745273776 0.02707595222957302
0 0.7904139809658646 0.5801435159163164 0.032967036104353475 0.028856973516896468
0 0.7605951916400573 0.6939928484677202 0.02668976502711473 0.023732430942249572
0 0.844979281999137 0.6896552737099866 0.032948855386194256 0.02573197351689647
0 0.6803031827612627 0.5956588912944687 0.029823855386194253 0.02551345222957302
0 0.35183274911623724 0.5592286264634331 0.032957945745273866 0.027294473516896466
0 0.7376748003459013 0.5158349974789844 0.029823855386194253 0.02551345222957302
0 0.805916781999137 0.6923867898015299 0.029832945745273776 0.02707595222957302
0 0.37288000555914486 0.28108184713033796 0.01748748184962743 0.052764367080279054
0 0.3506004845801019 0.2130802461416022 0.017523843285945872 0.05901436708027905
0 0.3205913185944697 0.42854670901483694 0.023792024004105093 0.06257640965492595
0 0.2528639839909267 0.6091354273359533 0.032967036104353475 0.02885697351689629
0 0.9942873729473917 0.6642132412747983 0.01142525410521671 0.024530106436617415
5 0.20544408332699676 0.6530928769676362 0.03609203610435348 0.029075494804219913
0 0.9628934898446591 0.6720310951135255 0.029832945745273776 0.02707595222957302
5 0.10756966470908594 0.6224216671964946 0.032948855386194256 0.02573197351689647
0 0.06111684552544104 0.5639261061845158 0.031386355386194255 0.02562271287323483
0 0.3685056020665446 0.2008862487394923 0.01595225292686626 0.05734260643661733
0 0.4360184142181066 0.9238049426711921 0.01750566256778665 0.055889367080278876
0 0.7080559989198455 0.6640593300303884 0.029823855386194253 0.02551345222957302
5 0.419743974424761 0.9476084294296403 0.015897710772388506 0.04796760643661742
0 0.4527543788011242 0.44197043462542035 0.025254530054229285 0.045498170298587756