3 0.13941242524226632 0.08691143912238161 0.16603989926336582 0.09809440097293468
5 0.653898454148033 0.9731399498759117 0.08183986188449914 0.05372010024817655
0 0.49246319945645595 0.787670738632619 0.054294016091543364 0.03996252678536116
0 0.31910637101555145 0.3919785888775003 0.040231516091543365 0.0397170649348082
0 0.3167751485839358 0.8839439464259822 0.04368429802252862 0.0444591120127086
0 0.5058858331324816 0.5845321018631437 0.03743429802252862 0.04435001785690744
0 0.043107691662785816 0.7258551623370204 0.07326253737886684 0.04341480925276535
3 0.0003452993599108977 0.7144852398537302 0.0006905987198217954 0.06334547970746059
0 0.24397533103879457 0.41491548254683436 0.04179401609154336 0.03974433847375849
0 0.18199522904165266 0.6860404602257 0.07784077673520509 0.0419341298696164
0 0.2241052274521688 0.37467626623205436 0.045028276735205174 0.04136138555165925
3 0.38612571814588936 0.7646951144450456 0.05960422896477811 0.07126707386326192
0 0.15803710308242266 0.18970520251506223 0.05138753737886685 0.04303297970746054
0 0.8546082843536482 0.8550038835164738 0.06893567029858758 0.02617276217486477
5 0.2843389790416527 0.6878268770269472 0.09637225544788164 0.03913641233702041
0 0.24363756938672668 0.7105825385531888 0.06468521287323466 0.03234094155801355
0 0.0953628684176614 0.37008244926865136 0.05295003737886685 0.04306025324641087
0 0.058223137359196375 0.27478754017804186 0.06268567029858776 0.026063668019063256
0 0.1351695055247562 0.7180756643656153 0.07638753737886686 0.04346935633066593
0 0.8530993227409212 0.5186300068932683 0.03543475544788137 0.03807274431795715
0 0.9153536682817756 0.5791641322986577 0.03198197351689629 0.0333306972400564
0 0.8860435906740503 0.7186669630617784 0.06668475544788137 0.03861821509696384
0 0.10224057115143745 0.19342449188232513 0.04993429802252858 0.044568206168510205
0 0.7117434411585827 0.8845805150109431 0.06268567029858776 0.026063668019063256
0 0.4323879849937374 0.5058110381461517 0.03710651609154336 0.03966251785690744
3 0.7629999385606927 0.867484518257354 0.15662134059717553 0.05267280681713338
0 0.7820177363311197 0.8975402110331835 0.052982888367602496 0.021212526785361518
0 0.8607218905381642 0.912993661519651 0.03288890965492612 0.023982970779006862
0 0.07107415453602052 0.695055175729701 0.07951253737886683 0.04352390340856669
0 0.8079903744466208 0.9511834082732401 0.08263753737886681 0.04357845048646745
0 0.7459816833649126 0.8312060990204749 0.07874771287323465 0.03258640340856687