0 0.25859375 0.17265625 0.03046875 0.06328125
0 0.9109375 0.27578125 0.03828125 0.028125
3 0.9109375 0.94140625 0.05546875 0.109375
0 0.5078125 0.52734375 0.0421875 0.040625
0 0.86875 0.2328125 0.040625 0.0296875
0 0.70625 0.87890625 0.02109375 0.05859375
0 0.565625 0.5015625 0.0296875 0.03125
5 0.9890625 0.478125 0.02109375 0.0265625
3 0.946875 0.3203125 0.08828125 0.03984375
0 0.403125 0.57109375 0.0359375 0.0359375
0 0.73359375 0.76953125 0.02265625 0.06640625
5 0.4515625 0.553125 0.04296875 0.040625
0 0.56875 0.44921875 0.03828125 0.0375
0 0.5640625 0.55546875 0.04140625 0.0390625
0 0.34921875 0.82109375 0.034375 0.04296875
0 0.75234375 0.68046875 0.02265625 0.08515625
0 0.7265625 0.66953125 0.01953125 0.071875
0 0.596875 0.91328125 0.025 0.0671875
0 0.12421875 0.684375 0.03828125 0.04921875
0 0.90625 0.1203125 0.02734375 0.0390625
0 0.978125 0.0125 0.0375 0.025
0 0.64296875 0.971875 0.03984375 0.05625
5 0.121875 0.02421875 0.03671875 0.040625
0 0.30390625 0.86796875 0.04296875 0.0640625
5 0.23984375 0.94140625 0.0453125 0.06484375
5 0.45703125 0.91171875 0.0375 0.06484375
5 0.67734375 0.96796875 0.03046875 0.06328125
3 0.69453125 0.81484375 0.0640625 0.1828125