3 0.8086570162386449 0.7795252956369483 0.06811480032431164 0.05860946757828493
5 0.10775658401282691 0.4602196360649556 0.044568206168510205 0.05044628121376711
0 0.5618304293864442 0.5324917015366054 0.03810001785690744 0.03743609818322895
5 0.40872874878547927 0.4738346944096037 0.05087275324641087 0.054081464244305086
0 0.4003553668872681 0.6397945342578828 0.04130683847375849 0.042378689698497854
0 0.16814288474417557 0.586415216370337 0.03829093262955983 0.04837359818322895
0 0.6072282987027537 0.2623703912351033 0.029379582791715642 0.07417082363742163
0 0.3759804784929398 0.4226549606204612 0.04133411201270887 0.04394118969849785
0 0.5577781290621326 0.5853616100213364 0.034975017856907445 0.03718100666795969
0 0.33727648863920956 0.44374883955841504 0.04445911201270878 0.04419628121376693
0 0.6704395905056486 0.4060085630557538 0.02935230925276535 0.07260832363742153
3 0.8658607792209931 0.10197412260834984 0.06515344155801372 0.06772937606301595
0 0.5572344326328551 0.4820452913848845 0.033412517856907444 0.03705346091032524
0 0.48862870860743746 0.5578108238065995 0.0412795649348082 0.04081618969849785
0 0.7251921310940228 0.9775019572864814 0.021485262174864593 0.04499608542703726
5 0.7080095487027538 0.27059709260253084 0.03571140340856669 0.07936850666795969
0 0.31847944440068265 0.22080567607271426 0.038318206168510206 0.04993609818322886
0 0.5073571635581317 0.4709325771405794 0.04443183847375849 0.04263378121376711
0 0.14875945941821636 0.3970658028846363 0.044568206168510205 0.05044628121376693
0 0.23266508076641604 0.5204870695545357 0.04448638555165916 0.04575878121376693
0 0.667788734178278 0.9612700189651093 0.02471935633066593 0.07535068636451783
0 0.7398987025183575 0.37099557639167335 0.027653441558013546 0.06466827787978709
0 0.48488214570122423 0.5035219365336958 0.04443183847375849 0.04263378121376711
0 0.6753255081176748 0.17091608593457108 0.035629582791715644 0.07468100666795978
0 0.660804122976348 0.8683810172981193 0.02471935633066593 0.07535068636451783
5 0.48005472930701404 0.7800844365336959 0.041497753246410876 0.05331618969849785
3 0.6915086521973413 0.9021819324508099 0.034858015421275465 0.11986596091032524
0 0.7378707780064724 0.5319968492704905 0.041825035713814886 0.07206618969849785
0 0.2749523977331144 0.8767847380412063 0.03393071509696401 0.06674096091032525
0 0.2730675328744412 0.17798057622249547 0.04160684740221221 0.05956618969849794
5 0.41781301704612855 0.13268353592487275 0.04484094155801373 0.06607128121376697
0 0.9587058348269011 0.8786159841274983 0.04144320616851012 0.050191189698497854
0 0.8745063384803491 0.9805390278194441 0.03711026217486477 0.03892194436111183
5 0.9782973603944463 0.7871140103402954 0.019404564934808376 0.03903054909161448
5 0.7169177552815963 0.8807851645729625 0.026390950486467446 0.08172823212215263