3 0.9089832155459664 0.87265625 0.08525676483072289 0.1515625
3 0.6635550025340827 0.315625 0.09714771077238851 0.046875
0 0.5586856953524905 0.284375 0.0376818071815924 0.03125
0 0.4951953670936592 0.2484375 0.0361193071815924 0.03125
0 0.06666286357761779 0.58125 0.03299430718159235 0.03125
0 0.8392044423274282 0.29296875 0.03768180718159257 0.03125
0 0.6132156767111384 0.66015625 0.03927157825883114 0.0359375
0 0.6718624062230749 0.26640625 0.034547716822512696 0.0296875
5 0.7712493278660477 0.2953125 0.05021816861791084 0.0375
0 0.8551016322189696 0.20546875 0.03924430718159257 0.03125
3 0.5253828368430382 0.334375 0.04709316861791084 0.0375
0 0.13629410752749357 0.5984375 0.04240566861791084 0.0375
0 0.19648515632127067 0.2015625 0.026971566158582806 0.0703125
0 0.5862900832288009 0.73203125 0.03928975897699054 0.0390625
5 0.11341059855050314 0.559375 0.054942030054229284 0.04375
5 0.3635231862773042 0.31015625 0.04394089754067192 0.0328125
0 0.7219286431408678 0.94921875 0.02373748184962743 0.0515625
3 0.15464256908544902 0.1265625 0.04131586729005097 0.11875
0 0.4527856741770558 0.34453125 0.042378397540672096 0.0328125
5 0.893047059813871 0.28203125 0.04707498789975162 0.034375
5 0.6250283128389331 0.2734375 0.04707498789975162 0.034375
0 0.4541607800542293 0.04375 0.032994307181592394 0.03125
5 0.43066977966144576 0.303125 0.0439408975406721 0.0328125
0 0.04998390280522926 0.534375 0.04240566861791082 0.0375
0 0.5115920058537325 0.1125 0.03769998789975162 0.034375
0 0.34534535801847294 0.27421875 0.028288626463433175 0.028125
3 0.13327208401436783 0.21328125 0.03968064441741399 0.10625
0 0.3708953247427898 0.36875 0.03144089754067192 0.0328125
0 0.8025695890825334 0.84453125 0.03932612041330898 0.0453125
0 0.5605203852440319 0.196875 0.045521578258831144 0.0359375
5 0.5040663730455875 0.29609375 0.04394089754067192 0.0328125
0 0.6262747337945349 0.75625 0.03774543969514958 0.0421875
0 0.11387823116225633 0.50546875 0.04083407825883123 0.0359375
3 0.41399990924813695 0.2578125 0.05336134933607006 0.040625
5 0.5483385478118186 0.2515625 0.0392533975406721 0.0328125
5 0.600600484580102 0.2375 0.04236930718159222 0.03125
0 0.8889408219141195 0.24765625 0.040815897540672094 0.0328125
0 0.619412176318355 0.91953125 0.04091589149054773 0.05
0 0.809065028777683 0.88671875 0.034638620413308986 0.0453125
5 0.8587488069852007 0.1609375 0.05021816861791066 0.0375
0 0.17393344545068629 0.21953125 0.02539088544042354 0.0671875
0 0.029317399681971296 0.6078125 0.03778180113146815 0.0484375
3 0.2972235589301082 0.865625 0.07586358411256366 0.1484375