0 0.27334462139090265 0.11914058288040122 0.03212282218833336 0.03913774310259503
0 0.5364440334349999 0.1407510685197644 0.05396145459715278 0.03872166327441158
5 0.8481777011786804 0.32447977385597426 0.08201371941479181 0.03707063206674714
0 0.3148242597836458 0.08455089891377475 0.025727351823611144 0.03256019448207603
0 0.5462462995838189 0.5933781015364511 0.036737587005972114 0.036258404567984216
0 0.5925037037441314 0.5887625226127788 0.03353985182361115 0.0329696302577247
3 0.044782557086354036 0.3298822518090223 0.08956511417270807 0.031639503618044615
5 0.7263397219802428 0.28289538217828875 0.09142508700597211 0.03912445499752568
0 0.37562206221725636 0.7322724259375677 0.044622822188333355 0.03979284034363317
0 0.6382942081125345 0.30174720149102263 0.07547277868534721 0.02424308344622812
0 0.21051339380798587 0.33173575814060036 0.06922277868534721 0.023915534825709094
0 0.18307807161965245 0.3678436765033946 0.053488675911805575 0.018409163274411534
3 0.04367399876572902 0.3579663082314574 0.08734799753145804 0.03155761646291486
5 0.12662935628892336 0.3062201017635938 0.08481141109416668 0.023171906377006658
5 0.01190118811873228 0.8763101944820761 0.02380237623746456 0.03790279172311415
0 0.027032012633437373 0.30628429952503017 0.054064025266874746 0.021943599050060315
0 0.8053472362292009 0.6859595064431196 0.04458645459715278 0.03823034034363317
0 0.15143902659805492 0.7525938127540133 0.06631598423243057 0.033126760515449584
0 0.6258130451185068 0.2666761606724197 0.08797277868534721 0.02489818068726617
0 0.8410658774717354 0.7308526045886689 0.05563305737069442 0.04349105042954129
5 0.8977367176118399 0.5812930178630805 0.06206489532659702 0.05163109905006032
0 0.93969240074184 0.35821736600862963 0.06322735182361114 0.03452548620519007
0 0.04180106781993035 0.25406005823145744 0.06290004350298613 0.02046298620519007