0 0.6798025231786058 0.42001643968260466 0.02326708163720568 0.02707164627652787
0 0.3367861013093085 0.9917933353904516 0.01956887155129756 0.016061411094166544
0 0.36178610130930855 0.9917816306511286 0.019650758706427317 0.016436738697742825
0 0.419939438034897 0.9406685529053824 0.024911468792335613 0.028670513867708535
0 0.7058249491161736 0.8123312262517366 0.024911468792335613 0.028670513867708535
0 0.23594289631178295 0.8989317285328473 0.02310330732694634 0.023946646276527872
5 0.6191306168015991 0.3343322064001047 0.024911468792335613 0.028670513867708358
0 0.6472556168015992 0.3349868230413547 0.021704581637205855 0.02703527868534721
0 0.21094289631178292 0.8983498470739585 0.02162269448207601 0.025472778685347208
0 0.7544339467413244 0.965620533622431 0.024829581637205677 0.027108013867708537
0 0.7206488511977669 0.35074041603125056 0.024829581637205677 0.027108013867708357
0 0.3828798513093085 0.9916364868915973 0.019732645861557076 0.016727026216805285
0 0.17627132519002675 0.9365577086812154 0.019896420171816497 0.022311411094166546
0 0.41242350915665327 0.9014787663362502 0.02334896879233561 0.028634146276527873
0 0.6157765654675467 0.25544414019569495 0.0216226944820761 0.025472778685347208
0 0.7202537827895442 0.46231369566652836 0.024911468792335613 0.028670513867708358
0 0.6129957242194024 0.18749357399128522 0.025075243102595124 0.03179551386770836
0 0.6098397467206397 0.14216289019569495 0.024911468792335613 0.028670513867708358
0 0.4532332948868735 0.9928544745909551 0.018170145861557074 0.014291050818089701
0 0.3391830037295863 0.7546388275066669 0.019896420171816587 0.022311411094166723
0 0.6156847122336149 0.2983583388089241 0.019896420171816587 0.022311411094166723
0 0.3634426973071512 0.7559837751699655 0.019732645861557076 0.019186411094166723
0 0.27813039631178293 0.8999136534947224 0.02310330732694634 0.023946646276527872
0 0.40866110130930855 0.9915458945188369 0.01981453301668683 0.016908210962326108
0 0.6500740796010408 0.4185442054501742 0.0216226944820761 0.025472778685347208
0 0.17428502204695198 0.8093230614547571 0.02162269448207601 0.025472778685347208
0 0.4094136165744565 0.754712869109792 0.019814533016686654 0.020748911094166544
0 0.1961190784693871 0.8090509577312848 0.02318519448207601 0.025509146276527873
0 0.6193286906368888 0.3678895888089241 0.021540807326946344 0.02391027868534721
0 0.3172139077317436 0.9905574905006947 0.01956887155129756 0.016061411094166544
0 0.292329015149547 0.8432824469977085 0.02474769448207601 0.025545513867708536
0 0.3845364473071512 0.7564747376509031 0.019732645861557076 0.019186411094166723
0 0.19732413161246187 0.9362674211621529 0.023103307326946255 0.023946646276527872
0 0.3587762087271119 0.8456093196228821 0.019896420171816587 0.022311411094166546
0 0.18073309588224165 0.8430259142282989 0.02318519448207601 0.025509146276527873
0 0.306316272046952 0.812396122909514 0.02474769448207601 0.025545513867708536
0 0.699621541723114 0.053738129462118644 0.024829581637205677 0.027108013867708357
0 0.10185450135473709 0.9012728656913195 0.02162269448207601 0.025472778685347208
0 0.149285022046952 0.8087411799958681 0.02162269448207601 0.025472778685347208
0 0.39838094131425733 0.812198060789167 0.0216226944820761 0.025472778685347208
0 0.04624190920208171 0.8079034189779513 0.009122694482076033 0.02518183795590261
0 0.3753672444573321 0.9388508265567364 0.02162269448207601 0.025472778685347208
0 0.3726815784693871 0.8131604955346878 0.021540807326946253 0.02391027868534721
0 0.5848828488229177 0.49973834764263936 0.024829581637205677 0.027108013867708357
0 0.621867192445911 0.4163270888089241 0.0216226944820761 0.025472778685347208
0 0.7334608689493057 0.6100972322356604 0.024911468792335613 0.028670513867708358
0 0.27112015773174364 0.9894846465608683 0.020967597241038048 0.012972778685347209
0 0.1469622834669127 0.8984212758355558 0.023267081637205766 0.02707164627652787
0 0.5763444940071063 0.06881565596326437 0.024911468792335613 0.028670513867708358
0 0.05732325135473707 0.9002363893426736 0.021622694482076033 0.025472778685347208
0 0.5259892056748942 0.5522080777910073 0.03543953301668683 0.021112587005972117
0 0.6469999892574079 0.37477602165458385 0.02178646879233561 0.028597778685347207
0 0.4348473857963334 0.8380163315907296 0.019896420171816587 0.022311411094166546
0 0.33463934588224165 0.8466081219595836 0.019732645861557076 0.019186411094166543
0 0.43108389868663216 0.7513157653863198 0.019896420171816587 0.022311411094166723
0 0.7386065558566083 0.2169472974901395 0.024911468792335613 0.028670513867708358
0 0.35154688489182223 0.8118882830537503 0.02162269448207601 0.025472778685347208
0 0.18700302803984575 0.7542179873665626 0.021458920171816498 0.022347778685347208
0 0.39485755087976726 0.9385241714464934 0.0216226944820761 0.025472778685347208
0 0.40491090230467675 0.8474634135627086 0.01981453301668683 0.020748911094166544
0 0.08456410277964659 0.8095756749618751 0.021458920171816543 0.022347778685347208
0 0.2280695205766139 0.9869220378034029 0.02253009724103805 0.013009146276527873
0 0.4719832948868735 0.9922823382402433 0.019896420171816587 0.015435323519513489
0 0.26104471562451687 0.812122712765278 0.021540807326946344 0.02391027868534721
0 0.13174007519002676 0.9355212323325695 0.019896420171816497 0.022311411094166546
0 0.19145258988934782 0.8986765021842015 0.02474769448207601 0.025545513867708536
0 0.511850299070745 0.8928687921718058 0.04604948439616763 0.015117160144236409
0 0.7045657485296619 0.19274607807534777 0.024911468792335613 0.028670513867708358
0 0.11120184588224165 0.8414075564207639 0.021540807326946253 0.02391027868534721
0 0.34293320273421807 0.9006416585287156 0.0231851944820761 0.025509146276527873
0 0.32105820273421803 0.9001325122521877 0.0216226944820761 0.025472778685347208
0 0.26294913161246186 0.9377948599917364 0.023267081637205766 0.02707164627652787
0 0.30152695273421803 0.8996779173624307 0.019896420171816587 0.022311411094166546
0 0.22366090230467678 0.8432447729857641 0.0231851944820761 0.025509146276527873
0 0.5252001481208053 0.9540426815144796 0.04761198439616763 0.015153527735416717
0 0.0503052894598065 0.8407704703647223 0.013810194482076033 0.0252909407294446
0 0.0865094623451565 0.9360290721883334 0.021540807326946278 0.02391027868534721
0 0.287126938034897 0.9375773076550349 0.021540807326946253 0.02391027868534721
0 0.6469380342598822 0.28426012442812554 0.024911468792335613 0.028670513867708358
0 0.5051156201925011 0.8536971893982642 0.04119821008590829 0.011883057370694417
0 0.21919913161246188 0.9367765674386807 0.019896420171816497 0.022311411094166546
0 0.05878285277964659 0.8089756097073959 0.021622694482076033 0.025472778685347208
0 0.3089609944573321 0.9373052039315628 0.02162269448207601 0.025472778685347208
5 0.7567356739014028 0.7862057905562854 0.02499335594746537 0.03023301386770818
0 0.13616090230467676 0.8412081878796528 0.021540807326946253 0.02391027868534721
0 0.15049007519002675 0.935957643426736 0.019896420171816497 0.022311411094166546
0 0.38746445273421803 0.9016781348773615 0.023267081637205766 0.02707164627652787
0 0.24185538161246187 0.9373038975107988 0.02162269448207601 0.025472778685347208
0 0.5111952018297069 0.8803687921718059 0.04448698439616781 0.015080792553055744
0 0.07627024592767015 0.7555421383927431 0.021131371551297518 0.01609777868534721
0 0.3678513155790883 0.8996610399876044 0.021540807326946344 0.02391027868534721
0 0.49932596562451687 0.8176687704203129 0.04128009724103805 0.013445557370694416
0 0.3134637087271119 0.844554659478646 0.02162269448207601 0.025472778685347208
0 0.09018998303737139 0.8424790939398263 0.01973264586155703 0.019186411094166543
0 0.2422128284693871 0.8101238016711113 0.02318519448207601 0.025509146276527873
0 0.5014616757104251 0.8286426380114934 0.042760710085908114 0.011919424961875081
0 0.06220882519002674 0.9339028745250347 0.023103307326946276 0.023946646276527872
0 0.494808883987311 0.7910335352379517 0.04440509724103805 0.013518292553055566
0 0.1250872834669127 0.8979121295590279 0.023267081637205766 0.02707164627652787
0 0.9869831801214393 0.6061780241231258 0.026033639757121564 0.015298998100139016
0 0.08314544493230196 0.9016177045971527 0.021704581637205768 0.02703527868534721
0 0.4546442294193268 0.7542050292540281 0.0247476944820761 0.02554551386770836
0 0.1667048954072718 0.8731309883164933 0.04448698439616781 0.015080792553055744
0 0.49255034316870816 0.7777159176467713 0.044323210085908296 0.011955792553055743
0 0.2017449587271119 0.8419543767092362 0.021540807326946253 0.02391027868534721
0 0.34776570838842763 0.6206275034184724 0.049174484396167804 0.01518989532659738
0 0.5028980229514631 0.8411608218070837 0.04440509724103805 0.013518292553055745
0 0.4977667876507842 0.8028068366247225 0.04119821008590829 0.011883057370694417
0 0.5168996472162941 0.929660277354167 0.04761198439616763 0.015153527735416717
0 0.22296710424998462 0.6364499123284377 0.049174484396167804 0.01518989532659738
0 0.3535741316124619 0.9399041802802085 0.02318519448207601 0.025509146276527873
0 0.9251980738352896 0.05508699638770911 0.050818871551297565 0.01678876291777782
0 0.16423167062204244 0.9003838193385418 0.02162269448207601 0.025472778685347208
1 0.6441515439823623 0.9723439124706079 0.03600609905006032 0.05531217505878416
0 0.3806921523046768 0.8468997158994099 0.01825203301668683 0.020712543502985882
0 0.31116646709485485 0.6369421812301391 0.04448698439616781 0.015080792553055566
0 0.5810330732694627 0.24761280318972273 0.024911468792335613 0.028670513867708358
0 0.2673699587271119 0.8434818155388196 0.019896420171816587 0.022311411094166546
0 0.5088138302784093 0.8647074245806255 0.044323210085908116 0.011955792553055743
0 0.2577360091566532 0.8978783748093753 0.0216226944820761 0.025472778685347208
0 0.285222522046952 0.8119051604285765 0.02162269448207601 0.025472778685347208
0 0.26874327170826773 0.5867960576550348 0.0476119843961678 0.015153527735416717
0 0.24705745872711188 0.8430090368534724 0.019896420171816587 0.022311411094166546
0 0.04069683683713009 0.5978744555470834 0.01948698439616776 0.014498911094166723
0 0.3300547444573321 0.9377961664125003 0.019896420171816497 0.022311411094166546
0 0.06613500734763089 0.8450403962765278 0.01989642017181654 0.022311411094166546
0 0.05038941937884702 0.6488193597073959 0.033467597241038004 0.013263719414791809
0 0.1076032123451565 0.936520034669271 0.021540807326946253 0.02391027868534721
0 0.31895239088471605 0.7557285488213197 0.016607645861557073 0.019113675911805572
0 0.11977458446228088 0.7518729309457987 0.01956887155129756 0.01606141109416672
0 0.12654688489182223 0.8066513499237502 0.02474769448207601 0.025545513867708536
0 0.21713094131425734 0.8079794202122222 0.02318519448207601 0.025509146276527873
0 0.15647340230467677 0.841680966565 0.019896420171816497 0.022311411094166546
0 0.0965008587725404 0.7544524170780903 0.019568871551297516 0.01606141109416672
0 0.15931952057661394 0.9853218637914584 0.01915943577564878 0.008248911094166544
0 0.9884654539794433 0.5890450755098966 0.023069092041113494 0.01678876291777769
0 0.9343306501569704 0.5866818352935425 0.050736984396167625 0.015226262917777867
0 0.18119452057661395 0.9858310100679862 0.02236632293077854 0.009884146276527872
0 0.19998546415417878 0.9870486711621528 0.019241322930778494 0.009811411094166545
0 0.1373626334214842 0.9832502175149307 0.019241322930778536 0.009811411094166545
0 0.11635077057661394 0.9843217550339931 0.01899566146538927 0.0051239110941665444
0 0.2507257705766139 0.9874493678755212 0.024256371551297562 0.016170513867708534
0 0.28830765773174366 0.9898846900638544 0.022611984396167805 0.014571646276527872
5 0.4274520448868735 0.9917277324747398 0.026146420171816585 0.016544535050520538
0 0.4930770448868735 0.9917283856851217 0.0231851944820761 0.01654322862975661
0 0.5258961889394081 0.9673239315144795 0.04448698439616781 0.015080792553055744
0 0.16372930235010527 0.7567974734988543 0.02729948439616776 0.014680749050069507
0 0.13782522161741065 0.7538536582443751 0.0183339201718165 0.022275043502986237
0 0.052873689505235036 0.7557778745250348 0.026064533016686785 0.020894381458888844
0 0.10475377204695198 0.8077047036472222 0.021786468792335523 0.028597778685347207
0 0.3265468848918222 0.8113064015948612 0.02474769448207601 0.025545513867708536