0 0.5266235281093217 0.6918337863375927 0.04397725897699054 0.041610647326811724
0 0.11300086876298891 0.8607771472562247 0.056486349336070066 0.043901189420186525
0 0.15457931470465452 0.9679217893213646 0.048701120413308895 0.04813366311182747
0 0.10344458246224368 0.7570606130553577 0.05495112041330889 0.048497684158514784
0 0.6666870093697739 0.25921724936471546 0.03174996974937905 0.08775760523343692
0 0.800416072994274 0.5124017044993304 0.04590337334017534 0.10420165258848364
0 0.7922167118525432 0.7127734308218072 0.054923849336070064 0.04381018415851479
0 0.2834451789696434 0.8480404707784561 0.05179884933607006 0.04362817363517095
0 0.19433722717424526 0.8506656708631606 0.047102258976990455 0.041792657850155734
0 0.33043783275683125 0.9648786312594476 0.05183521077238851 0.049878173635170955
0 0.40338497424737907 0.9191103759271886 0.03800906010845857 0.0896841262801246
0 0.2739196671639825 0.9988231788262556 0.05009999394987581 0.0023536423474887157