3 0.91484375 0.48125 0.1109375 0.04765625
3 0.9546875 0.159375 0.084375 0.0765625
5 0.86953125 0.2453125 0.034375 0.02265625
5 0.70625 0.7765625 0.03359375 0.08359375
0 0.79296875 0.31796875 0.03671875 0.05625
5 0.8515625 0.61484375 0.03828125 0.0671875
5 0.865625 0.28984375 0.04140625 0.03125
5 0.91953125 0.33515625 0.03984375 0.03046875
0 0.5640625 0.46171875 0.0390625 0.0359375
5 0.328125 0.37734375 0.0390625 0.04453125
5 0.709375 0.87578125 0.0296875 0.075
0 0.94453125 0.3890625 0.0390625 0.0296875
0 0.56015625 0.51875 0.03984375 0.0390625
0 0.98828125 0.33359375 0.0234375 0.0328125
0 0.984375 0.0265625 0.03125 0.02890625
0 0.57578125 0.55546875 0.040625 0.03828125
0 0.5046875 0.53515625 0.04140625 0.0390625
0 0.503125 0.48359375 0.03828125 0.0359375
0 0.58046875 0.12265625 0.02421875 0.05078125
0 0.46015625 0.27890625 0.03515625 0.04609375
0 0.50546875 0.5796875 0.04140625 0.0375
0 0.671875 0.5078125 0.01640625 0.0640625
0 0.265625 0.16953125 0.0296875 0.0625
0 0.35390625 0.8234375 0.03515625 0.0421875
0 0.64609375 0.43046875 0.01484375 0.0515625
0 0.31171875 0.865625 0.03828125 0.04921875
5 0.7640625 0.6671875 0.025 0.07734375
5 0.065625 0.5765625 0.03984375 0.04765625
5 0.1375 0.02421875 0.0359375 0.0390625
0 0.65234375 0.97265625 0.028125 0.0546875
0 0.18515625 0.453125 0.03828125 0.03984375
0 0.74609375 0.765625 0.0265625 0.07109375
5 0.71953125 0.16875 0.02421875 0.071875
0 0.91015625 0.246875 0.034375 0.02890625
5 0.67265625 0.32109375 0.01875 0.0875
5 0.73046875 0.6578125 0.02421875 0.075
0 0.6734375 0.11875 0.01796875 0.0859375
5 0.4625 0.91640625 0.040625 0.053125
5 0.684375 0.96484375 0.03125 0.0703125