0 0.60234375 0.0328125 0.03671875 0.03203125
0 0.728125 0.48984375 0.03984375 0.028125
0 0.60859375 0.1375 0.03515625 0.03125
0 0.65 0.13046875 0.03359375 0.02890625
0 0.6140625 0.175 0.0359375 0.03203125
0 0.51328125 0.2484375 0.03203125 0.0265625
0 0.67265625 0.4953125 0.0390625 0.0265625
0 0.7859375 0.484375 0.040625 0.028125
0 0.37890625 0.9109375 0.01484375 0.05859375
0 0.515625 0.28671875 0.03359375 0.028125
0 0.64140625 0.1 0.03515625 0.03125
0 0.71484375 0.6109375 0.03984375 0.02890625
0 0.76796875 0.60703125 0.03515625 0.02578125
0 0.884375 0.58984375 0.0359375 0.0265625
0 0.5765625 0.50625 0.03515625 0.0265625
0 0.81875 0.6015625 0.040625 0.02734375
0 0.40234375 0.9734375 0.01328125 0.04921875
0 0.91875 0.4640625 0.03984375 0.02890625
0 0.63125 0.6171875 0.03515625 0.02421875
0 0.5140625 0.1796875 0.02578125 0.025
0 0.6421875 0.02734375 0.03359375 0.028125
0 0.6171875 0.503125 0.0375 0.02890625
0 0.60390625 0.00703125 0.0328125 0.01328125
0 0.41484375 0.078125 0.01484375 0.0640625
0 0.57421875 0.35078125 0.01484375 0.05546875
0 0.5140625 0.215625 0.03125 0.02734375
0 0.6015625 0.10625 0.034375 0.0296875
5 0.17734375 0.56953125 0.03984375 0.03203125
0 0.5546875 0.3546875 0.01640625 0.06640625
0 0.67109375 0.978125 0.01484375 0.04375
0 0.60078125 0.3515625 0.0171875 0.06015625
0 0.65078125 0.9765625 0.0140625 0.046875
0 0.41484375 0.16328125 0.01328125 0.0671875
0 0.66171875 0.346875 0.015625 0.0640625
0 0.9265625 0.584375 0.034375 0.025
0 0.4015625 0.87421875 0.01484375 0.075
0 0.6953125 0.98046875 0.015625 0.0390625
5 0.14921875 0.634375 0.04453125 0.0296875
5 0.3 0.9265625 0.01796875 0.084375
5 0.43515625 0.84453125 0.015625 0.06875
5 0.2390625 0.78125 0.0390625 0.06171875
5 0.19765625 0.72421875 0.040625 0.06484375
5 0.41328125 0.26484375 0.015625 0.06796875
0 0.2609375 0.015625 0.01953125 0.03046875
3 0.2703125 0.18203125 0.025 0.12421875
0 0.4546875 0.4703125 0.0390625 0.06015625
0 0.5921875 0.865625 0.02265625 0.071875
0 0.53984375 0.62734375 0.0375 0.0328125
0 0.58203125 0.62109375 0.0390625 0.0328125
0 0.87265625 0.47109375 0.04296875 0.03515625
0 0.9796875 0.578125 0.03828125 0.03828125
0 0.6203125 0.34296875 0.0140625 0.06796875
0 0.6390625 0.35078125 0.01640625 0.0734375