3 0.4429367114402206 0.6971670057032127 0.060384120941162675 0.061617422886674156
3 0.10695911201270883 0.04743380937615384 0.06391822402541765 0.08525518198597284
0 0.9551428364418684 0.4896348218623133 0.03672843262956001 0.0476154796419344
0 0.4382377544609316 0.5173793761535632 0.03651024431795715 0.0351154796419344
0 0.5145781120094135 0.5542669093115554 0.03968979139585791 0.038440738741233105
0 0.5539524833576133 0.4405140923772624 0.03974433847375849 0.04156573874123311
5 0.5888865909060952 0.47474819246954747 0.047720479707460586 0.05144138648947969
0 0.6571456672049891 0.45102889265411755 0.04289661201270878 0.04332849784053181
5 0.2766109131477993 0.24403510641380652 0.034230724025417734 0.08335272054263569
0 0.2976823072175798 0.9594295689368778 0.016770488635914304 0.06662629549649317
0 0.4446338047852431 0.570854829577336 0.033385244317957155 0.0349152205426357
0 0.4397223879839959 0.4683108204780373 0.033385244317957155 0.0349152205426357
0 0.7324571331127319 0.6525098519379864 0.03985343262955983 0.047815738741233106
0 0.6641557775961401 0.22672979950166283 0.039907979707460586 0.05094073874123302
0 0.4840627232113436 0.46022701264304294 0.04281479139585791 0.038640997840531634
0 0.6634735336819247 0.5005980960778902 0.04292388555165907 0.04489099784053163
0 0.3491307954530476 0.2408786304725 0.031160271103318316 0.08627746144333717
0 0.026107316146033576 0.9591945272978959 0.019322744317957143 0.034014054595791876
0 0.35348229382489926 0.9372529827242534 0.021567082791715642 0.07317668414544123
0 0.512006491068251 0.4963542797619061 0.04281479139585791 0.03864099784053181
0 0.30762335957707687 0.1430128269564423 0.03409435633066593 0.07554022054263573
0 0.2509717593321955 0.3399390892949434 0.024582988635914304 0.06712694324473975
0 0.07548220454036184 0.7477551819859729 0.04432274431795715 0.03561612739018098
0 0.35576576825735395 0.8445345565983766 0.0216216298696164 0.07630168414544122
0 0.7388782771858077 0.8862537962624604 0.03086026217486477 0.06908996144333698
5 0.29903452718580775 0.8580673280361765 0.02151253571381497 0.07005168414544123
3 0.3258288522668856 0.8730507803802148 0.02852619480442442 0.11420220234403829
0 0.4129636501621558 0.052996701107420774 0.03217730032431163 0.05512759099298643
0 0.07692770210472985 0.8305676819859729 0.03826365909060954 0.046153109191583754
0 0.7072239391223816 0.1904709268918438 0.03697389448011279 0.0616779796419344
5 0.5624784549506943 0.12422775832410629 0.05262616801906326 0.06424177513842762
5 0.36326365909060954 0.0669800555186425 0.03889095048646727 0.0820906091915837
5 0.20029128976770946 0.7448280459579186 0.049173885551659156 0.045291516039128864
0 0.16065959414921077 0.9779619185677376 0.03661933847375849 0.0413654796419344