0 0.11689993378842685 0.4728711894951735 0.04615183006601842 0.04629442496187508
0 0.08122627393921392 0.48851502650114575 0.04587842799249993 0.04316942496187508
0 0.7333656809137048 0.5380480206141313 0.07175742280870363 0.03597517401194459
0 0.0012577567858106718 0.5290874347455208 0.0025155135716213436 0.04629442496187508
0 0.9319876915641213 0.4422049244901033 0.05728481969842605 0.030960365691319502
0 0.42054092657838027 0.32624488373999966 0.03976512902925915 0.04458645459715278
0 0.03555218897222312 0.4669679880321527 0.04261672695574066 0.04153418977951393
0 0.4860175380300003 0.15709418702663153 0.03650342799249984 0.04295121941479172
0 0.4527977690382416 0.4120362601648955 0.0410542269557407 0.04149782218833344
0 0.21665663454236217 0.5446169432948956 0.03765582488222217 0.038300087005972296
0 0.397063761828195 0.2737745003812496 0.04289012902925915 0.04465918977951393
0 0.1439224721012511 0.5650216686936109 0.034120721771944404 0.03353985182361115
0 0.7633751011305103 0.5069428377684716 0.06353481969842587 0.031105836056041624
0 0.5783739674831028 0.4114524190748606 0.03650342799249984 0.04295121941479181
0 0.007351223373958772 0.4780516116072569 0.014702446747917545 0.04458645459715278
0 0.46152467742685205 0.09841017125906211 0.037929226955740705 0.04142508700597225
0 0.24865849024453807 0.5352958414712845 0.04091752591898139 0.03993532218833344
0 0.4404535939204637 0.37489993607670097 0.03976512902925915 0.04458645459715278
0 0.06633329726629718 0.45377700379972213 0.04105422695574066 0.04149782218833344
0 0.17983057780342698 0.5556096478920484 0.03765582488222217 0.038300087005972115
0 0.29412610659713045 0.43444120307854134 0.06353481969842587 0.031105836056041624
0 0.9019166486331486 0.20666812120347147 0.05388641762490742 0.02776263050895835
0 0.44717850490097233 0.05742214855763851 0.0394917269557407 0.0414614545971528
0 0.5084790069272227 0.20335093797656206 0.0394917269557407 0.04146145459715278
0 0.5505312229497228 0.3286769398764231 0.037792525918981565 0.0398625870059723
0 0.29903849052736203 0.4584962989182289 0.060273118661666555 0.02947060087368065
0 0.4614655377936591 0.9100366958603467 0.037519123845462944 0.036737587005972114
0 0.524485424269306 0.2520969092912148 0.043026830066018464 0.04622168977951393
0 0.37983659707800965 0.22115864665777746 0.04146433006601846 0.04618532218833336
0 0.3059918280862509 0.47704627716673575 0.06353481969842587 0.031105836056041624
0 0.08528232954685336 0.7807927922687151 0.06326141762490738 0.027980836056041625
5 0.6141202290284736 0.7692636126540966 0.0462885311027776 0.04785692496187508
0 0.34533374943435213 0.1432161378240622 0.060897835249814666 0.054434233282500036
5 0.7567465179069458 0.7074695146302077 0.08148373732333311 0.0580320119678472
5 0.8118044562670382 0.6484932517124299 0.0753704383600926 0.05944904160312507
5 0.9183073174358345 0.5540145934680547 0.0660542269557407 0.042079703647222286
5 0.8256693410457416 0.44545917069038127 0.08283162384546294 0.03779224715020853
5 0.21312365702097366 0.7364953187698609 0.08296832488222208 0.03935474715020852
5 0.2555346238919457 0.6349321655594788 0.07828082488222217 0.03924564437666671
0 0.4168924974545846 0.6709391346899302 0.0769917269557407 0.04233427678548622
0 0.4417933355791215 0.5378175101648954 0.055663531102777594 0.048075130508958355
0 0.07218559019726985 0.6898775047496526 0.07304652073518514 0.032886541603125076
0 0.15456815471189944 0.666129573803854 0.0765816238454629 0.037646776785486225
0 0.029496970075000812 0.8569747389820833 0.058993940150001624 0.03263196846486096
3 0.2099016207343997 0.7911464511786803 0.13019463939685175 0.06228440729444458
0 0.5677973439204637 0.3719359773954856 0.03976512902925915 0.04458645459715278
0 0.4253615849669908 0.017964830737708166 0.052401830066018465 0.03592966147541633
0 0.3302063269084724 0.10224629891822887 0.05097603110277769 0.047966027735416715
0 0.047691312534862085 0.5064480621203471 0.04302683006601844 0.04622168977951393
0 0.2870360680014823 0.41745372483003446 0.07644492280870363 0.03608427678548622
0 0.28419403199773224 0.39646907760357614 0.07488242280870364 0.03604790919430565
0 0.2748969444388433 0.37797365074184003 0.08296832488222217 0.03935474715020835