3 0.22330891501476802 0.9478760265571055 0.15610790252860857 0.10424794688578913
3 0.8959093985142136 0.780815398568685 0.0776219571244006 0.11939046265733602
0 0.2797339720837952 0.2038992076829586 0.062278756939830336 0.04981166846619489
0 0.9458254626707294 0.9774069786525977 0.03158996144333699 0.03193708423309758
0 0.9212679487910689 0.8853611886106414 0.030227720542635693 0.03494368506293455
3 0.08053261335363684 0.32252711805127643 0.12541910703211537 0.08880423610255281
0 0.846603406072353 0.6301399697295279 0.03864099784053181 0.04491068091374952
0 0.2510150940753054 0.3502171780139645 0.07125323874123302 0.04427206348717298
0 0.3892205050849038 0.6506809645314359 0.038540868290882366 0.0433481809137497
0 0.14797163479143666 0.27088303029369404 0.07604086829088237 0.046189760997662074
0 0.3858058945090441 0.09998314751977785 0.03501535009228505 0.03686138257342351
0 0.3363716031746041 0.3597949327878493 0.0726154796419344 0.041265462657336015
0 0.3788432981173869 0.17331390374355515 0.04342862739018098 0.04682837842423861
0 0.6831986474344796 0.7856884622563507 0.03864099784053181 0.0449106809137497
0 0.3121375709394626 0.6246261047785292 0.04489099784053163 0.04538427759440165
0 0.11872513725544676 0.7607967126573361 0.05180233189368781 0.0319137734452168
0 0.9157458274178676 0.544416879897353 0.04176599784053181 0.045147479254075765
0 0.7828892504614254 0.23036419006053385 0.07241522054263569 0.03814046265733602
0 0.23535023518826348 0.8458247533239923 0.052903756939830335 0.049101273445216975
0 0.8747880513565892 0.14792038819572284 0.06440246144333699 0.034423466806520954
0 0.38168530073828055 0.3025870066479846 0.07936612739018098 0.04955155933798814
0 0.9750719602067195 0.4874932962889556 0.0368782387412331 0.04166728174358667
0 0.2734815769564423 0.3247086151514914 0.07604086829088227 0.046189760997662074
0 0.29427824490587096 0.6613681655664099 0.04489099784053163 0.04538427759440165
0 0.42991683991325225 0.08466672345450554 0.04186612739018099 0.046709979254075586
5 0.4106347162236991 0.14773448590206018 0.052142293337024984 0.061482874275053764
0 0.8943681685677376 0.21082312989735308 0.07544009099298635 0.03681476099766216
1 0.8349080351605769 0.45976827014444643 0.10348355027685514 0.11046574855010753
3 0.7578904480251019 0.16782830126333304 0.10945414558877822 0.05805114357108563
0 0.4674156423495758 0.14814980561301055 0.04176599784053181 0.045147479254075584
0 0.1286229665282409 0.6604774039440479 0.060916516039128954 0.05281826929603195
3 0.8308668730712443 0.19046216309083214 0.13006703423772628 0.06427783278320494
0 0.1929822624861594 0.851943776144509 0.05084060919158375 0.04117037427505395
0 0.3539656091915837 0.06413981328668039 0.04937823874123302 0.042614475104890734
2 0.9312347177648587 0.33723226454536903 0.10324371838316751 0.08245914772027056