0 0.69453125 0.3546875 0.04453125 0.03515625
5 0.7 0.7546875 0.0234375 0.08515625
0 0.22890625 0.07421875 0.0421875 0.03125
0 0.02890625 0.3 0.03984375 0.034375
0 0.32734375 0.18828125 0.04453125 0.0375
0 0.015625 0.0171875 0.03125 0.03046875
0 0.07421875 0.01796875 0.05625 0.03515625
0 0.0421875 0.11328125 0.05 0.04765625
0 0.14375 0.01328125 0.04375 0.0265625
0 0.21484375 0.01484375 0.0359375 0.02890625
0 0.60546875 0.0734375 0.04609375 0.0453125
0 0.7671875 0.0625 0.040625 0.04453125
0 0.94921875 0.0140625 0.0453125 0.028125
5 0.84765625 0.30703125 0.04765625 0.04375
0 0.790625 0.64296875 0.0234375 0.1
5 0.56953125 0.24453125 0.05390625 0.04765625