3 0.86484375 0.4515625 0.06796875 0.05390625
0 0.896875 0.2828125 0.0375 0.03046875
0 0.90703125 0.1171875 0.0375 0.053125
0 0.88984375 0.5421875 0.034375 0.05234375
0 0.57421875 0.5078125 0.03359375 0.03515625
0 0.92734375 0.3234375 0.0296875 0.02578125
5 0.7484375 0.73125 0.03203125 0.0890625
0 0.85 0.35703125 0.03828125 0.04765625
0 0.57265625 0.55390625 0.03046875 0.03203125
5 0.7328125 0.36953125 0.0375 0.0609375
3 0.6546875 0.584375 0.02578125 0.11328125
3 0.6578125 0.9484375 0.04765625 0.09609375
5 0.97109375 0.328125 0.03984375 0.0296875
0 0.35234375 0.8203125 0.03515625 0.04296875
0 0.7296875 0.64609375 0.01875 0.0734375
0 0.70859375 0.03515625 0.015625 0.0703125
0 0.98359375 0.0171875 0.0328125 0.02890625
3 0.67734375 0.16484375 0.0265625 0.13203125
5 0.7171875 0.85625 0.03203125 0.08203125
0 0.2671875 0.1671875 0.0296875 0.065625
0 0.64453125 0.01015625 0.0140625 0.0203125
0 0.68125 0.9609375 0.021875 0.04609375
5 0.1296875 0.01953125 0.0390625 0.0390625
0 0.30625 0.85625 0.040625 0.05546875
5 0.4609375 0.909375 0.03828125 0.059375
5 0.64921875 0.16484375 0.01328125 0.06640625
0 0.65234375 0.3828125 0.01875 0.07578125
0 0.76171875 0.6234375 0.02109375 0.07578125