3 0.1498817390343245 0.9274755179331287 0.08895403663473136 0.12297831411407216
0 0.37535636759456864 0.2788802087627354 0.04061835594746528 0.032419016091543365
0 0.43492611940359094 0.22645469526908207 0.03749335594746537 0.032200494804219916
0 0.9206235227283799 0.40499106058465034 0.03601274310259513 0.0336537341605581
3 0.5145693537997588 0.20687453276416443 0.05517217887824373 0.04277736188449897
0 0.2584178510862253 0.29717637671553465 0.035848968792335525 0.030528734160558103
5 0.49406210199073647 0.2565685301662744 0.04563340456798422 0.038996798022528624
5 0.16969618781181367 0.3563107121169301 0.050320904567984305 0.039324579953513704
0 0.858233065356005 0.34786125761844316 0.04086401741285428 0.03710651609154336
0 0.09938700983808105 0.37601656075987727 0.03897396879233552 0.03074725544788164
0 0.39706875678586334 0.6517660517056993 0.03921963025772479 0.03543475544788173
0 0.5628430794894992 0.20661245281065063 0.03272396879233561 0.030310212873234745
0 0.5318996166900576 0.2920636337529001 0.03584896879233561 0.030528734160558103
3 0.6426644555633525 0.06710111062399127 0.047749182496288255 0.13420222124798253
0 0.8555407553155252 0.4437911166529506 0.04259029172311415 0.040340776735204996
5 0.8703745392367231 0.3983857815036567 0.05377345318850324 0.04579310124083724
0 0.24296667571448438 0.8890525202789175 0.04308161465389251 0.049715776735205
5 0.043959203415645916 0.3791140636098689 0.05032090456798429 0.039324579953513794
5 0.553846537766385 0.24460412570712844 0.043907130257724705 0.03576253737886681
0 0.4382016898479787 0.7134958733613399 0.03954717887824373 0.04168475544788155
0 0.3477526730009509 0.9541151555444266 0.025320904567984304 0.037576409654926125
0 0.9263279681149669 0.35555378929732684 0.04242651741285428 0.03721577673520508
0 0.38703525327936034 0.10059131779724277 0.03757524310259512 0.03376299480421992
5 0.43255139190482816 0.27176719526908205 0.043907130257724705 0.03576253737886681
3 0.26455498643233266 0.3434504431753951 0.10229284034363299 0.05074268119435103
5 0.32563632858498803 0.24732956000357262 0.04538774310259504 0.03430929802252862
0 0.4060133095902538 0.7484389559127438 0.03962906603337366 0.04324725544788173
0 0.4327405789236723 0.01760884503665098 0.04719590456798421 0.03521769007330196
0 0.6531637850528517 0.31004917322545394 0.027122421980838852 0.07195140965492594
0 0.24618352894841627 0.9316388580261012 0.035105340343632996 0.04604447351689629
5 0.41779949513875997 0.31561003041837593 0.04563340456798422 0.038996798022528624
0 0.960143046134128 0.42324403384944526 0.030254066033373307 0.04259169158591121
0 0.485314543759279 0.30466182274092135 0.04875840456798421 0.03921531930985207
5 0.3078822625516145 0.28904716644018996 0.04859463025772479 0.03609031930985207
0 0.5782954183627942 0.006950214462718563 0.04028416327441153 0.013900428925437126
0 0.3788841593176827 0.24127094811907365 0.044070904567984306 0.03888753737886681
0 0.4415745940772786 0.9016296578902152 0.04488977611928178 0.05451253737886681
1 0.6080715338096563 0.5615077664205195 0.0857471494796016 0.12119729282674854