3 0.04428306528486586 0.7588975868881727 0.08856613056973173 0.10095482622365459
0 0.308425739258458 0.5332249397731224 0.037954533338636146 0.04124662628012441
0 0.309781890634956 0.21539269766563018 0.07703521467218159 0.045084257821920645
0 0.19752788598027363 0.13370932913683925 0.06922271467218155 0.04462923151356133
3 0.5300751146165024 0.3384074505082276 0.05079997867599957 0.07166216837349922
0 0.24648936059836676 0.48842765023999635 0.03951703333863614 0.04133763154179633
0 0.2790864213080921 0.16955655289906718 0.07392839600572695 0.0464647472985769
0 0.44718769991250407 0.618048718853492 0.03326703333863605 0.040973610495108836
0 0.865821710614275 0.3352475692487801 0.06124658267027243 0.0301117052052021
0 0.022104075290433792 0.6506146500282348 0.044208150580867585 0.0431731473268119
0 0.21333141526100335 0.5200262607351052 0.04106135200509069 0.039866136803468066
0 0.9836455572883658 0.2737346746233914 0.025290901336727244 0.026456084186749607
3 0.11028242464990985 0.11693062379046278 0.09603975334181776 0.06805132096198277
0 0.8853449646324106 0.20060725873955382 0.06124658267027243 0.0301117052052021
0 0.0927558332670485 0.4825479185146735 0.0488920333386361 0.0418836631118273
5 0.40545746996341075 0.24573337407281146 0.08948067067154533 0.041124799915295364
0 0.02338076662954716 0.5586091605515786 0.04676153325909432 0.02965667889684287
0 0.07339566390836785 0.6702677263930639 0.04736589600572701 0.044917657850155376
0 0.37622450330204693 0.2083999740445766 0.06914998933799979 0.03837923151356133
0 0.9484807639640472 0.20942154564184393 0.06124658267027243 0.0301117052052021
3 0.9232262252944109 0.23275262982859352 0.14747498400699968 0.060116994597153806
0 0.5302852946371832 0.18615470576989948 0.03800907733927232 0.04593412628012441
0 0.9390666645846857 0.5488025640576953 0.0300693080044546 0.03454159997176518
0 0.5145291939051863 0.6679962399707665 0.036428396005727136 0.044280621018452496
0 0.8340290073201825 0.048232687636396675 0.050509077339272325 0.046662168373499166
0 0.8924665739576838 0.2595272324311946 0.0738193080044546 0.037089747298576906
0 0.21269835264163756 0.17186177652012075 0.06924089600572696 0.046191731513561374
0 0.8520297412476403 0.581197106080483 0.036392033338636054 0.04115562101845249