0 0.03137934679307228 0.2455300523367014 0.017914925705962904 0.02540004350298606
0 0.8748769456977158 0.2978211044859715 0.03505696159934004 0.024237587005972294
0 0.08634197994174028 0.17310888525861104 0.03036946159934022 0.02412848423243057
0 0.37355613809672594 0.34466953505052056 0.03193196159934022 0.024164851823611146
0 0.12558633636823102 0.17844969547909711 0.02880696159934022 0.024092116641249994
0 0.42242554710964136 0.35838588972392327 0.02724446159934022 0.02405574905006951
0 0.24630801332783517 0.18971189095819424 0.03202288981258565 0.027289851823611145
0 0.2054329607414104 0.18206369832888872 0.03353992570596285 0.02576371941479172
0 0.7226110667056826 0.4921192311952078 0.02948892319868044 0.047529616641250175
0 0.04250105172849492 0.17100217781166666 0.03036946159934022 0.02412848423243057
0 0.32390181591425987 0.19650544519475668 0.03358538981258556 0.02732621941479172
0 0.2895268159142599 0.19730553220072894 0.024028533386094876 0.020858013867708358
0 0.4608659214828208 0.3629636337399996 0.0271989974927175 0.022493249050069507
0 0.4507922395086517 0.3929057068782635 0.024073997492717502 0.02242051386770836
0 0.8296242816702353 0.32780019842579794 0.03340353338609461 0.02107621941479172
0 0.6399861539983505 0.04373758900274253 0.0188696719450391 0.058212543502986124
0 0.8675705625490476 0.36913306003305485 0.03367631802583091 0.03045121941479163
0 0.6228524782923877 0.022550360230815712 0.01868781551854859 0.045100720461631424
0 0.5977448297043134 0.06973769776020783 0.01868781551854859 0.051962543502986125
5 0.6612019244523217 0.02366735723885389 0.01873327962517113 0.04733471447770778
5 0.8299114381758683 0.3645371322213882 0.04001724623907634 0.03372168977951393