3 0.19657402758961987 0.11908966613905145 0.16461577792830412 0.10463733887551348
0 0.512804378675845 0.4258120614284204 0.034859678878243726 0.04001724623907634
0 0.7268403024657062 0.3010153352476038 0.059941566033373486 0.04230717194503919
5 0.5006418933751662 0.46438882812146787 0.03806656603337348 0.041670674452321775
0 0.6102403799190406 0.17413824967079558 0.042999727498762755 0.04649456677218975
0 0.0690388478068649 0.1859853126155546 0.034859678878243795 0.0400172462390763
0 0.2812877057904951 0.5269356068887092 0.04119156603337348 0.041761602665567034
3 0.3336435803940104 0.21260868243638747 0.10640048620519008 0.065500631037097
0 0.6557786092268256 0.07920618289860588 0.04472600180902227 0.049665030878812376
0 0.2310696997976013 0.4730126365138803 0.04596095318850333 0.04346049498543501
0 0.38750888681644546 0.211821420757905 0.07885534034363299 0.04597774122451135
3 0.014425511647103349 0.7178179858142351 0.028851023294206697 0.09561402837152996
0 0.5703955506566839 0.3539310497499379 0.042917840343633176 0.04493206677218975
0 0.9709178510862252 0.2876729346144655 0.026719630257724704 0.03353992570596294
0 0.9627058813893786 0.3401758089876449 0.03757524310259512 0.03229567445232169
0 0.812690434759596 0.6425232221571955 0.03798467887824373 0.0401081744523216
0 0.19225950531552527 0.4991037750728246 0.04916784034363304 0.04511392319868044
0 0.8767617373368438 0.31303429895851503 0.08798467887824372 0.04156302586424747
0 0.9518845680695385 0.30850827184062635 0.06265713025772471 0.03458560015828453
0 0.8780243441888202 0.25917351306513775 0.08173467887824373 0.041381169437756785
0 0.5269720200148463 0.5275875100956369 0.042917840343632996 0.04493206677218975
0 0.5479993294894993 0.23055338572245745 0.042917840343633176 0.04493206677218975
0 0.0033961584131715246 0.6072669307205278 0.006792316826343049 0.04484113855894432
0 0.6127113619403591 0.012444203715034916 0.0407821302577247 0.02488840743006983
0 0.8060121460886996 0.38295800554329035 0.06586401741285464 0.036239028371529966
0 0.13931812754419132 0.03572924835064736 0.07137038896415207 0.052000420691397965
0 0.9031859599743666 0.6125880180797026 0.03642217887824373 0.04006271034569906
0 0.42927590569963814 0.3525768013992905 0.06323034034363317 0.045523100158284535
0 0.8594038189740496 0.28701736823798724 0.08321529172311415 0.03986413354437941
0 0.4295016350074231 0.25896319371915855 0.07392217887824373 0.041153848904643374
0 0.11333548168263433 0.05520667405661026 0.035848968792335525 0.02912521034569897
0 0.08033487392614672 0.13417276002912987 0.02540279172311404 0.03818196159934022