5 0.8256776126759137 0.8234375 0.04881785352912935 0.0875
5 0.6981712711701317 0.33671875 0.050285265146846926 0.065625
5 0.48114174959901473 0.565625 0.05378877344521662 0.05
0 0.163970518069854 0.81328125 0.04765717261537983 0.0515625
0 0.5597385010489072 0.46875 0.04562107593472771 0.0453125
5 0.8356777294777903 0.69765625 0.05421574855010754 0.096875
0 0.6449125261445092 0.1390625 0.03357136182749905 0.071875
0 0.19168204358966318 0.859375 0.04573947510489074 0.046875
3 0.6194254288391571 0.03984375 0.0451008576783142 0.0796875
3 0.5919632796689941 0.03828125 0.04330155933798814 0.0765625
0 0.6416789371375269 0.02421875 0.02710787427505377 0.0484375
0 0.7155424896270378 0.01953125 0.027959979254075583 0.0390625
0 0.46178105603721786 0.8359375 0.0475387734452168 0.05
0 0.8151088108111025 0.92109375 0.03778526514684728 0.065625
0 0.6146572636969545 0.1625 0.028528664317009955 0.0671875
5 0.07509601099766212 0.0734375 0.042140878424238616 0.040625
0 0.23204659585545953 0.19609375 0.04102866431700995 0.0671875
0 0.423630783216701 0.87890625 0.05090057178554286 0.053125
5 0.5836928674497985 0.90859375 0.045124168466194804 0.059375
0 0.8227022875663785 0.58828125 0.033097765146846925 0.065625
5 0.6625018452307596 0.103125 0.03788035352912935 0.0875