0 0.054625727250411774 0.736600575331965 0.025946069892376133 0.020457945745273952
0 0.06460865694375086 0.867046599434266 0.02452911910658786 0.023573855386194255
0 0.14550113026973038 0.674336403787188 0.025946069892376133 0.020457945745273775
0 0.23849130500067078 0.72459041296057 0.024383569892376132 0.020448855386194252
0 0.056389434446340835 0.7576897801524252 0.025946069892376154 0.020457945745273775
0 0.6019886089723935 0.40832804606330253 0.029071069892376046 0.020476126463433175
0 0.060445541766104414 0.8279977349728853 0.022893844499481997 0.02200226502711473
0 0.057517440856481625 0.7819085301524252 0.024456344499481995 0.022011355386194253
0 0.16775269602827733 0.31317164481019744 0.029143844499481996 0.022038626463433086
0 0.2650643436709125 0.3219830425472612 0.025946069892376133 0.020457945745273952
0 0.052898407358035616 0.7162926205115048 0.025946069892376154 0.020457945745273775
0 0.161851838084832 0.941501177889489 0.027581344499481998 0.0220295361043533
0 0.2146108109965268 0.8997767653217021 0.025946069892376133 0.020457945745273775
0 0.5178683200972639 0.4142876754536019 0.029143844499482086 0.022038626463433176
0 0.6338721557054058 0.3714138533430908 0.025946069892376043 0.020457945745273865
0 0.23552681678749504 0.6777199581401099 0.027508569892376135 0.02046703610435365
0 0.29402852150222475 0.6586245244950844 0.022821069892376134 0.020439765027114733
0 0.10714710566262453 0.6729966175846386 0.02921661910658786 0.023601126463433174
0 0.23672759780474167 0.70350120814011 0.024383569892376222 0.020448855386194252
0 0.293645377788531 0.6336199793155446 0.022748295285270358 0.01887726502711473
0 0.2086625638920109 0.7888438105012421 0.026018844499481997 0.022020445745273776
5 0.6866718240262054 0.3976763714934634 0.03234161910658777 0.023619307181592396
0 0.11074729466158854 0.716737527225559 0.024383569892376132 0.020448855386194252
0 0.12459158663708995 0.9972017320460191 0.02209332382131759 0.004814765027114731
0 0.15626961806862133 0.8719835634281082 0.024383569892376132 0.020448855386194252
0 0.2954668970189534 0.7062853196746243 0.01962329528527027 0.01885908430895533
0 0.29430250330525964 0.6812853196746242 0.02118579528527036 0.01886817466803503
0 0.5825986000810532 0.3443609948336386 0.022748295285270358 0.01887726502711464
0 0.14641081285855362 0.693867653787188 0.025946069892376133 0.020457945745273775
0 0.07221144933353703 0.9967250090751862 0.01747859842842341 0.00634999394987581
0 0.1514493773742463 0.7852693586076481 0.024383569892376132 0.020448855386194252
0 0.1581424871752092 0.8954165182485685 0.025946069892376133 0.020457945745273775
0 0.2472948784077036 0.8800500726014905 0.026018844499481997 0.022020445745273776
0 0.11767799896203349 0.8487642320460191 0.024383569892376132 0.020448855386194252
0 0.20397075578645904 0.7216654008603216 0.02274829528527027 0.01887726502711473
0 0.6640541153825342 0.4321922720591974 0.025946069892376043 0.020457945745273775
0 0.24267584490925756 0.8144341629605701 0.02274829528527027 0.01887726502711473
0 0.20643647621695446 0.6403790394240032 0.02274829528527027 0.01887726502711473
0 0.24866047931732638 0.9261483677810304 0.025946069892376133 0.020457945745273775
0 0.20029779218038918 0.6763619912194013 0.02274829528527027 0.01887726502711473
0 0.29723060421488245 0.7273745244950844 0.02118579528527036 0.01886817466803503
0 0.21844859449497278 0.9653972201421623 0.024383569892376222 0.020448855386194252
0 0.15521438626558642 0.8493273134281083 0.026018844499481997 0.022020445745273776
0 0.15161419726662242 0.8055864037871879 0.024383569892376132 0.020448855386194252
0 0.16232702708379604 0.9852602682485685 0.026018844499481997 0.022020445745273776
0 0.2508629882086665 0.9902154129605701 0.022675520678164494 0.01731476502711473
0 0.12440749606654937 0.9596926416869394 0.02274829528527027 0.01887726502711473
0 0.23982051860674064 0.76990745814011 0.025946069892376133 0.020457945745273775
0 0.05095276364434189 0.6912971656910446 0.025946069892376133 0.020457945745273952
0 0.04836711103930803 0.602225575331965 0.02765411910658786 0.023592036104353474
0 0.12142373717520923 0.8956301416869396 0.024456344499481995 0.022011355386194253
0 0.212463960086904 0.8536830153217021 0.025946069892376133 0.020457945745273775
0 0.20417196298238816 0.7427636960398616 0.019550520678164495 0.01729658430895533
0 0.12155216976403245 0.9151659368664793 0.024383569892376132 0.020448855386194252
0 0.3013830649254682 0.8836427052132436 0.022821069892376134 0.020439765027114733
0 0.10809317555500068 0.6933091175846385 0.025946069892376133 0.020457945745273775
0 0.24753247290718558 0.9019296177810304 0.025946069892376133 0.020457945745273775
0 0.21637451819245584 0.9208659701421624 0.021113020678164406 0.01730567466803521
0 0.2068624693925289 0.7669733556807818 0.024456344499481995 0.022011355386194253
0 0.12553550247669015 0.9839113916869394 0.02274829528527027 0.01887726502711473
0 0.1194417061579626 0.8698534368664793 0.02274829528527027 0.01887726502711473
0 0.2435855274980808 0.8339654129605701 0.024383569892376222 0.020448855386194252
0 0.06877392617417322 0.9396983042547262 0.021258569892376133 0.02043067466803521
0 0.21824738729904372 0.9442989249626226 0.02274829528527027 0.01887726502711473
0 0.05027636744944882 0.6264397801524251 0.02111302067816443 0.01730567466803503
0 0.1127122090534467 0.7589250272255589 0.025946069892376133 0.020457945745273775
0 0.11595067906965735 0.8284562772255588 0.024383569892376132 0.020448855386194252
0 0.11485905996306948 0.8050187772255588 0.024383569892376132 0.020448855386194252
0 0.21879535090511357 0.9896205153217021 0.02118579528527036 0.01886817466803521
0 0.30562326281577235 0.9914597503927833 0.01627997146395277 0.014153403590795931
0 0.25316604279956173 0.9222148467037915 0.024383569892376132 0.020448855386194252
0 0.2903919451997078 0.614102364854164 0.02274829528527027 0.01887726502711473
0 0.049623550038272034 0.6459801205115048 0.02111302067816443 0.01730567466803503
0 0.14991895657224732 0.7188540182485685 0.024383569892376132 0.020448855386194252
0 0.11543910276714042 0.7839159368664793 0.027581344499481998 0.022029536104353476
0 0.2469481219975628 0.8558267774219506 0.026018844499481997 0.022020445745273776
0 0.15078148159363797 0.5695898164531703 0.014537688998963993 0.04382272287263689
0 0.4343903099630695 0.8031597987937772 0.016391287427387446 0.05008181323171641
0 0.12353420078127911 0.9409426416869394 0.02274829528527027 0.01887726502711473
5 0.4127782899085868 0.08746662110067996 0.0166823858558109 0.056331813231716564
0 0.019045522330794273 0.3585801144613806 0.005633569892376145 0.020339771077238833
0 0.41758379962398723 0.7946614975641131 0.012829639784752444 0.040688632513557366
0 0.21366474110415065 0.8794642653217023 0.024383569892376132 0.020448855386194252
0 0.11940747290718559 0.9026750272255588 0.024383569892376132 0.020448855386194252
0 0.3068197357274672 0.9500353196746243 0.01649829528527027 0.018840903590795932
0 0.3066185285315381 0.9289370244950845 0.022893844499482084 0.02200226502711473
0 0.24099987489304692 0.7448938226014905 0.025946069892376133 0.020457945745273952
0 0.16413550620074382 0.5710750484009937 0.014537688998963993 0.04382272287263689
0 0.25405203080784966 0.5721148527539157 0.01290241439185813 0.04225113251355737
0 0.14855766376817642 0.739961403787188 0.02609161910658786 0.023582945745273774
0 0.06604703246047952 0.9147073946138058 0.019696069892376135 0.020421584308955333
0 0.08660981968297916 0.5676187711754347 0.014610463606069856 0.04538522287263689
0 0.07046485876299644 0.9592250090751865 0.021331344499481996 0.021993174668035208
0 0.19897288667987117 0.6982506267580206 0.02118579528527027 0.01886817466803503
0 0.20904570760570462 0.8138483556807818 0.024383569892376132 0.020448855386194252
0 0.2651714673256143 0.5759574702403583 0.012975188998963993 0.04381363251355737
0 0.11098488916107056 0.7386170724050987 0.024383569892376132 0.020448855386194252
0 0.15110262096410548 0.7610460634281082 0.025946069892376133 0.020457945745273775
0 0.21308039019452787 0.8333614249626227 0.022748295285270358 0.01887726502711473
0 0.20174466811140263 0.5732006297830828 0.012975188998963993 0.04381363251355737
0 0.4385254224546288 0.4053717385871226 0.016318512820281583 0.048519313231716585
0 0.22518216811140263 0.5730642743968886 0.014392139784752267 0.040697722872636885
0 0.2143538300220614 0.5754716569104459 0.012829639784752267 0.040688632513557366
0 0.07406277791236554 0.6841295603048503 0.01780823821317572 0.04696590359079611
0 0.18920828080784968 0.5724921026557197 0.01290241439185813 0.04225113251355737
0 0.5904132541338292 0.3779183833973201 0.022748295285270358 0.01887726502711464
0 0.11561003742738744 0.049340948966727714 0.03157963978475227 0.04079771682251274
0 0.06009878535596362 0.8037744397933455 0.024383569892376132 0.020448855386194252
0 0.24084355541495556 0.5737546208060923 0.014392139784752267 0.040697722872636885
0 0.11498953080784968 0.5729238947120017 0.01446491439185813 0.042260222872636886
0 0.2554948302269492 0.9722148467037914 0.022893844499481997 0.02200226502711473
0 0.4117811017336831 0.6868535427436528 0.01424659057054054 0.03757272287263689
0 0.2520594611203613 0.9487909822424108 0.02609161910658786 0.023582945745273774
0 0.07712565777232037 0.5653295633299125 0.014610463606069856 0.04538522287263689
0 0.2973954241072586 0.7476915696746242 0.01955052067816441 0.01729658430895533
1 0.39710863378438704 0.8080654674116878 0.02555227171162171 0.11261817466803521
5 0.4263359073580356 0.7141200246914762 0.016827935070022625 0.05945681323171641
0 0.16201665797720816 0.9618182230690288 0.02587329528527027 0.018895445745273777
0 0.07133815404826674 0.9779750090751863 0.019768844499481998 0.02198408430895533
0 0.06662707526455043 0.8936045542547262 0.026164393713693723 0.025145445745273776
5 0.05096988026973039 0.6748863705115047 0.026018844499481997 0.022020445745273776
0 0.06362619974782177 0.845952849434266 0.02609161910658786 0.023582945745273774
0 0.15345067906965734 0.828238108607648 0.032487168320799585 0.026744307181592576
0 0.1585984054960088 0.9219835634281083 0.029143844499481996 0.022038626463433176
0 0.24329227501688142 0.7941125726014905 0.030488020678164408 0.017360216822512698
0 0.30545844292339625 0.9711427052132435 0.019768844499481998 0.02198408430895569
0 0.30091218403205605 0.9070892955723233 0.018206344499481997 0.021974993949875808