0 0.0114563799163809 0.4328125 0.0229127598327618 0.0296875
0 0.11266014135578954 0.20859375 0.043048369395056164 0.0296875
0 0.45907352937759915 0.434375 0.04043355242559432 0.0359375
0 0.074778535586517 0.51953125 0.03976387272903605 0.046875
5 0.23880985830585474 0.73046875 0.0391897878817268 0.078125
0 0.5094564245264106 0.50625 0.04368609818322895 0.0375
0 0.551500661190491 0.575 0.036925915152690794 0.03125
0 0.3813951974052278 0.50546875 0.03705346091032524 0.0328125
0 0.5118318675588884 0.4484375 0.04043355242559432 0.0359375
5 0.5719246025559789 0.52578125 0.04550368969849785 0.040625
0 0.19413470028016575 0.6078125 0.029304604851188642 0.071875
0 0.01648644961584865 0.3 0.0329728992316973 0.0296875
0 0.10733504150557074 0.2546875 0.04148586939505616 0.0296875
0 0.39413418452835025 0.4546875 0.040178460910325245 0.0328125
0 0.5782222710426496 0.47734375 0.04030600666795969 0.034375
0 0.6414876745264106 0.50625 0.04732128121376711 0.04375
5 0.004624049466067442 0.20859375 0.009248098932134885 0.03125
5 0.31982087118273234 0.78125 0.02955969636645772 0.075
0 0.630757597555009 0.5515625 0.04681109818322895 0.0375
0 0.6328789805758488 0.803125 0.04301641848667046 0.0484375
0 0.07616491877653468 0.3015625 0.0400509151526907 0.03125
0 0.2924428493911768 0.0734375 0.022544421820650484 0.065625
5 0.398678034378569 0.40859375 0.046811098183228775 0.0375
0 0.44266740831555307 0.47265625 0.04030600666795969 0.034375
5 0.3190701537736252 0.37890625 0.026689787881726802 0.078125
0 0.5890013058802603 0.76640625 0.03769118969849785 0.040625
5 0.23179277862869316 0.20390625 0.02726387272903601 0.046875
5 0.7113712870843291 0.98046875 0.029751143940863402 0.0390625
0 0.026021268626753476 0.25546875 0.043175915152690716 0.03125
5 0.2783181237678062 0.53359375 0.027710153942803118 0.090625
0 0.02318240848473093 0.003125 0.03176018303053814 0.00625
5 0.04534509559815499 0.21015625 0.05293355242559432 0.0359375
0 0.2611480175394917 0.9640625 0.036734467578285024 0.0671875
5 0.4761349019374574 0.85703125 0.045216647274843424 0.05625
0 0.7338492283291307 0.11171875 0.037117104851188645 0.071875
5 0.2354461290586401 0.8578125 0.04256987939699588 0.08125
5 0.20650754133639287 0.72421875 0.03344997091226496 0.084375
5 0.22753713164371395 0.61015625 0.03424719636645772 0.075