0 0.4289449113233655 0.4435992900620426 0.04126535009228505 0.03482953333863605
0 0.6175835140365441 0.28160946208622334 0.041065090992986344 0.03170453333863606
3 0.6059927768364706 0.169672536083678 0.059193329734219445 0.07094884667409058
0 0.06354446098191177 0.1430329320098632 0.031790220542635736 0.03315794533736342
0 0.626175155001844 0.6843532014242231 0.0389809592838688 0.07227498933799978
5 0.5808170943890725 0.4039293574156326 0.04322836829088228 0.041097714672181596
0 0.6155611366463631 0.32536855275299603 0.04439035009228505 0.03486589600572696
3 0.03533926087578341 0.8579312260104995 0.07067852175156682 0.141643154678545
0 0.33836427437246047 0.6614584047183157 0.04146560919158375 0.037954533338636055
0 0.6293619093207805 0.7688281987587231 0.04180557063492074 0.06762385200509069
5 0.537879820330379 0.4761401647437692 0.04282785009228505 0.0348477146721816
0 0.5458494139442591 0.31517539274345097 0.041165220542635696 0.03326703333863605
0 0.6551827321151698 0.7441100094286774 0.04220608883351815 0.0738738520050907
5 0.40177444864341066 0.08676748738858837 0.04865634793281668 0.07707157733927246
0 0.05974313078626701 0.385356792011454 0.04449047964193438 0.03642839600572696
0 0.9303128539497963 0.23286561612822138 0.044930570634920744 0.0676602146721816
0 0.0746357479974152 0.3237653113462721 0.04126535009228505 0.03482953333863614
5 0.56271554133444 0.27158902474536 0.04439035009228505 0.03486589600572705
0 0.1252368113879639 0.8395817626909533 0.045291516039128954 0.04892839600572714
0 0.5623707896363971 0.05736289274345101 0.0444904796419344 0.036428396005727004
0 0.35777680598929307 0.7367402153882703 0.04322836829088237 0.041097714672181596
0 0.49717778377630084 0.12306007073517869 0.04126535009228505 0.03482953333863614
5 0.7302861682631958 0.40175942476922255 0.04805557063492074 0.0676965773392725
0 0.6580993761627886 0.84500034742995 0.043167811535622214 0.06451703333863605
0 0.15874753701550343 0.18245051535645346 0.04459060919158371 0.03799089600572705
0 0.6464435780454016 0.9860311433799979 0.0460529796419344 0.027937713240004314
0 0.49943309377076356 0.2098697274029059 0.0382404796419344 0.036355670671545236
0 0.11779574877260754 0.8824959686903171 0.039041516039128955 0.04885567067154532
5 0.5579396013289027 0.35831686541213276 0.047815738741233106 0.03958975867281787
0 0.2688537222406787 0.18451354937140735 0.04439035009228505 0.034865896005727
0 0.31799361274455323 0.7597322727164068 0.04342862739018098 0.0442227146721816
3 0.6378183521040951 0.9174747840944957 0.08653588217054295 0.13215906667727212
0 0.3036831839977829 0.8854407973822251 0.04236677513842757 0.052017033338636054
5 0.24718137646733035 0.3030999173694983 0.0523029796419344 0.036519302673454226
0 0.3042548804817252 0.9253209100493158 0.04735466378737554 0.056759077339272324
0 0.8239639219638235 0.2941747387809947 0.03223031153562204 0.06438976400381798
5 0.6622979179586539 0.9380872760979955 0.050419107032115384 0.08021475867281787