3 0.11294855287998402 0.8878339478903042 0.08527494554888215 0.15861732878371626
3 0.37452431879086145 0.33845049379474695 0.09093407220870695 0.05734592721213971
0 0.5775453005422929 0.46428105541495557 0.0376727168225127 0.03143409057054054
3 0.24091290895354933 0.46344187758364325 0.06589771077238851 0.049931533498446076
0 0.5879788064942213 0.5124103403611435 0.04395907825883114 0.037975188998963995
0 0.3999389718906783 0.6793858629013348 0.03769998789975162 0.03612159057054072
0 0.7551860498549219 0.9263380614108115 0.036337475799503235 0.07042381596343468
0 0.703618483794535 0.7888166366798712 0.03637383723582168 0.07667381596343467
0 0.7390338090283042 0.8349853153397531 0.03636474687674216 0.07511131596343468
0 0.42927246876742037 0.7541696931327933 0.03615566861791084 0.03917381596343468
0 0.8089709999018041 0.10250460917728121 0.020685204722264317 0.06500856989237613
0 0.39347132415361463 0.7759333771693585 0.03459316861791084 0.03910104135632899
0 0.3996900287776831 0.9050943382942289 0.03933521077238851 0.0486943651776464
5 0.9366026588553534 0.5606703277457499 0.03926248789975162 0.036194365177646404
0 0.22088377272755885 0.9139491457806084 0.03773634933607006 0.04237159057054072
0 0.7259111194313503 0.7273718684829061 0.02852497579950324 0.07005994292790554
0 0.2135298149802324 0.8581529100486319 0.042460210772388506 0.04883991439185813
0 0.48408619203284076 0.5099145789886042 0.040815897540672094 0.034704639784752266
0 0.9687657190620079 0.5848184571914199 0.03926248789975162 0.036194365177646404
0 0.5338755511314682 0.0732900283266503 0.037727258976990544 0.040809090570540586
0 0.47722609621281203 0.13625875516728653 0.0376908975406721 0.03455909057054054
0 0.7230275348278072 0.9029711819651414 0.03793633723582168 0.07674659057054072
0 0.3077979654477706 0.9515818864749834 0.022229524004105095 0.061956344499482084
0 0.8361647589769905 0.0779969148016337 0.01414431323171641 0.014717471463952725
5 0.6975634056338997 0.6877806755550007 0.031768150467538094 0.09051799214211727
3 0.8297971051898024 0.19173192906965736 0.03992608411256384 0.15025686517764641
0 0.85118629185989 0.2434956362655864 0.02222952400410492 0.061956344499481994
0 0.8667062318496275 0.09191601964019794 0.020503397540672097 0.033758569892376133
0 0.8578084757013074 0.1735106219975628 0.020603391490547907 0.050946069892376135
0 0.795553915396457 0.2127871377133285 0.027007927594901206 0.07779966832079958
3 0.7556269322702833 0.9839620469379001 0.059756795081344016 0.03207590612419971