3 0.45887000165262987 0.35945584342111003 0.09146406203449331 0.05519151878308026
0 0.4408048982618077 0.27294534045536045 0.038955492142117264 0.03277800790866543
3 0.9287268149254683 0.9213191038384142 0.08979886228216216 0.15337435079830258
0 0.46457203804655994 0.31446167840208195 0.042080492142117266 0.03290534190105419
5 0.44604047766469657 0.6030002549800969 0.0483690334984459 0.06747134288963749
0 0.7935491401945278 0.8651261591618911 0.03924659057054054 0.03902800790866543
0 0.7152313176160645 0.40577106380079575 0.03568494292790536 0.029525673916276675
0 0.40868591108208924 0.31998216653908385 0.042080492142117266 0.03290534190105419
0 0.5746854385846791 0.21757870262236975 0.038955492142117264 0.03277800790866543
0 0.5029410252262784 0.26767952030313613 0.04059076674922295 0.03440417490485981
0 0.6324189334128836 0.6870117935348408 0.03910104135632882 0.03590300790866543
0 0.5545699534718753 0.45536786269848195 0.035757717535011224 0.031088173916276673
0 0.5462758023145836 0.31077294570228753 0.042080492142117266 0.03290534190105419
0 0.8175471807267964 0.25866525353440323 0.032559942927905185 0.02939833992388783
5 0.559886692099336 0.35187544817374544 0.042080492142117086 0.03290534190105419
0 0.3945484824222075 0.28431658056952874 0.03412244292790536 0.029462006920082207
3 0.7506293544242795 0.21149182319233595 0.0565068651776464 0.04129084486680368
0 0.29957866232043434 0.8067898053606578 0.040847631926869445 0.07340300790866543
0 0.6060426780362 0.7568958706071472 0.03768409057054054 0.03896434091247105
0 0.13293470202413338 0.49355102323170463 0.04386131596343468 0.037656508897248565
0 0.6455247090534467 0.7842369620139099 0.03939213978475227 0.04215300790866543
0 0.4722410270883053 0.06057001585451184 0.03412244292790554 0.029462006920082228
0 0.28728417762191527 0.8944025519006166 0.04070208271265772 0.07027800790866542
5 0.16562523159363796 0.5759788626613009 0.039028266749222995 0.03434050790866543
0 0.5877334021907491 0.26333687159573044 0.042080492142117086 0.03290534190105419
0 0.6448610055815712 0.3514390494663398 0.04542381596343468 0.03772017589344294
0 0.12903491418246116 0.5939821047526355 0.03902826674922304 0.03434050790866543
0 0.8234592721213971 0.9380834980971958 0.04110018899896417 0.045341674904859984
0 0.05583285462916724 0.5793028394295963 0.04386131596343472 0.037656508897248565
0 0.3501457808078497 0.5866165682122391 0.027003455748186946 0.07751750494291584
0 0.5302397717116218 0.13389211072131554 0.03739299214211726 0.03271434091247101
0 0.3078384644301302 0.6995184748283101 0.03267125889134013 0.06527217292769336
0 0.26235049007069333 0.7943561309500896 0.03296235731976358 0.07152217292769354
0 0.33415056141081156 0.762192229771226 0.03943068114108117 0.07646434091247087
0 0.3183864743549276 0.8590208088206989 0.03743153349844608 0.06702567391627667
5 0.20080517617417323 0.9462422831175363 0.042410131926869446 0.07346667490485999
0 0.12752376405862667 0.5447951882507327 0.04542381596343472 0.03772017589344294
0 0.4289534075674326 0.18590825547438852 0.04771406203449331 0.05340884288963736
0 0.6013079046719485 0.3036581240671884 0.04386131596343468 0.037656508897248565
0 0.49495543651325546 0.966805428402082 0.04331766046291676 0.05946784190105418
0 0.25674911517313725 0.9874774367678579 0.04215326674922304 0.025045126464284095
3 0.2887610944949728 0.9707037722431213 0.06875430810555194 0.05859245551375736
5 0.33645146194893083 0.6609162312541008 0.03645123035529281 0.07946200692008212