5 0.7844409648240334 0.7232717557029613 0.0531886439408634 0.043436933176296225
0 0.4581485002898641 0.39258237295050835 0.04330346091032524 0.036366726955740704
0 0.43485490831555307 0.5140766641380546 0.04161341515269079 0.03466752591898139
0 0.1828474164813249 0.921637720028518 0.029974284547746866 0.06312471658814829
0 0.25998232513523367 0.4586489959474994 0.030420823637421712 0.030585618661666557
0 0.20284105208723857 0.9273210835063883 0.028156693032477788 0.0598630155513888
0 0.042587659982543005 0.47110260339310167 0.0416134151526907 0.03466752591898157
0 0.380152851178853 0.9239499501418047 0.03153678454774687 0.06326141762490742
0 0.24973202754143137 0.9408654651275457 0.02739141848667064 0.0504880155513888
5 0.30143585680804263 0.29782836460916606 0.041868506667959784 0.03779252591898139
0 0.27918041148035505 0.9560311353443514 0.029719193032477876 0.05999971658814829
0 0.40845280754725033 0.7989595120645362 0.029719193032477876 0.059999716588147935
5 0.21026923862093447 0.43148161173444394 0.04668355242559432 0.03976512902925915
0 0.2641293673897105 0.9476328749767585 0.029974284547746866 0.06312471658814829
5 0.12359777029374341 0.2594514953818516 0.043239559093554106 0.07359332488222207
0 0.3183865616301363 0.9926296527805784 0.0281886439408634 0.014740694438843249
0 0.20669924678670631 0.8607781324696291 0.025828918486670637 0.050351314514629306
5 0.7686723146742521 0.6754692427434706 0.0500636439408634 0.0431635311027776
3 0.39515493740328816 0.5955809423661103 0.07059928454774686 0.06667894354388863
5 0.1208079969558842 0.38037915004726824 0.05535692182065048 0.06999943317629623
5 0.1383772316631106 0.10731279693699047 0.033354376063015945 0.06652311866166664
0 0.29877543435917236 0.9569586483038417 0.029464101517208796 0.056874716588148286
0 0.23461721057196955 0.9332484547599531 0.027901601517208795 0.0567380155513888
0 0.21599475632960402 0.9300455423188421 0.034916876063015946 0.06665981969842605
0 0.16325239360250765 0.9207102070690272 0.0369895590935541 0.07304652073518483
0 0.2282394069384272 0.8571548464658789 0.03309928454774687 0.06339811866166656
0 0.2207772064890836 0.7172331840247679 0.02739141848667064 0.0504880155513888
0 0.4539724726999411 0.7714687905754156 0.029974284547746775 0.06312471658814811
0 0.1432243572670846 0.163601753157546 0.0369895590935541 0.0730465207351851
0 0.18619297832913073 0.12880637959490704 0.025573826971401557 0.047226314514629573
0 0.20739881438438798 0.2738646013668514 0.04993609818322886 0.041601031102777686
0 0.16986686347600244 0.25169707544787 0.05108401000193967 0.055663531102777684
0 0.2774718115094501 0.17692054231884205 0.030771510001939718 0.05388641762490738
0 0.27833229409064464 0.03143238506152725 0.04021041181871077 0.01748002591898141