3 0.7526225474888653 0.46322331163629527 0.05458568068726599 0.09128877344521662
0 0.6707671964026399 0.7721704139160247 0.026719630257724704 0.034706886722608486
0 0.6742839427845955 0.6759466093519213 0.026801517412854636 0.03626938672260849
0 0.3654224406368888 0.3801908657761913 0.042924484396167806 0.017259277594401646
5 0.6850687980546921 0.25812049192534486 0.030008404567984214 0.03806868506293446
0 0.6549917944366476 0.15935110520273646 0.02811835594746519 0.03170028589277143
0 0.7978830585701416 0.3320334338367565 0.0329696302577247 0.03518048340326043
0 0.5783141027796466 0.8492046653659173 0.02655585594746519 0.03158188672260849
0 0.7836600220469518 0.8624304062423548 0.02655585594746519 0.03158188672260849
0 0.2610248677061103 0.36294232096035023 0.05887703301668683 0.024693269296031863
0 0.7341314128201264 0.956723935286649 0.026637743102595125 0.033144386722608485
0 0.6124302374483855 0.35688803341719366 0.026637743102595125 0.0331443867226084
0 0.5995296042499847 0.6749509491840963 0.02655585594746519 0.03158188672260849
0 0.674683412481442 0.7281127605966768 0.02811835594746519 0.03170028589277134
0 0.7578954664174864 0.2371819525080885 0.02655585594746519 0.0315818867226084
0 0.7921786131835546 0.2825778854964305 0.026719630257724704 0.034706886722608396
0 0.7122907965843541 0.43604458238221966 0.026637743102595125 0.033144386722608485
0 0.7842675316578903 0.9037182570721918 0.02811835594746519 0.03170028589277152
0 0.7201287935321364 0.140164319934665 0.026637743102595125 0.0331443867226084
0 0.5831710261192817 0.09554779171556341 0.02655585594746519 0.0315818867226084
0 0.7805859317033189 0.8186212066572732 0.0216226944820761 0.026539189212119396
0 0.3310031750330566 0.3915893844475232 0.05558825870642732 0.021331470955705888
0 0.7665191146538926 0.1047721942097187 0.026719630257724704 0.034706886722608396
0 0.4720918424913396 0.3517008581025215 0.05887703301668683 0.02469326929603195
0 0.5834044787419582 0.3375693483542592 0.02343085594746519 0.03134508838228234
0 0.69696560549318 0.9305632543728993 0.024911468792335613 0.029900987552445458
0 0.5818751990046318 0.1896054450349113 0.026719630257724704 0.034706886722608396
0 0.5821451939162492 0.2689969471095037 0.024911468792335613 0.02990098755244528
0 0.7982338613745321 0.2347915809323271 0.0216226944820761 0.026539189212119306
0 0.8911970465843542 0.44960128736588584 0.05435330732694652 0.02746307178554286
0 0.25337281999010247 0.3802598755244536 0.06817014586155708 0.023841164317010045
0 0.8465529319304614 0.3995295097714842 0.0454696302577247 0.03612767676456467
0 0.9753219838303409 0.5105639433845262 0.04935603233931829 0.02109467261537983