3 0.10826703333863612 0.03780798798536431 0.11642497867599957 0.07009541868236291
0 0.813718696689999 0.16242979722314144 0.03330339600572714 0.04256930800445433
0 0.7676158560232261 0.16218489656273205 0.033285214672181596 0.04100680800445433
0 0.48224416673295145 0.4827359432686393 0.04271475867281786 0.04580339600572714
0 0.5121129327259519 0.43081890726450317 0.03163180800445424 0.03317612667090888
0 0.42559527207986003 0.5834086526098208 0.03951703333863606 0.03951703333863606
0 0.6401624706794994 0.08709508457991308 0.0364102146721816 0.04104317067154524
3 0.7353113386775905 0.07192352323364096 0.049528380012726636 0.09431362133990877
0 0.5284742767345423 0.49391834392904865 0.03955339600572696 0.04264203333863605
5 0.4477424447405875 0.5393950232734118 0.04429544000636341 0.0473840773392725
0 0.5637208860598154 0.4341251732575035 0.03955339600572714 0.04264203333863605
0 0.804448620106586 0.7759019512253686 0.06607953333863606 0.03982611600890866
0 0.15369026336727115 0.24824550131286455 0.05813976400381802 0.028797709341181487
0 0.2801565974299501 0.7085551979630926 0.04896475867281787 0.045876121339908774
0 0.2628561780314985 0.22900405796468343 0.06753294533736343 0.030469297342454117
0 0.36470048870145294 0.25204102128422956 0.07376476400381797 0.02897952267663593
0 0.45736179805854277 0.4259865039385938 0.04271475867281786 0.04580339600572714
0 0.16961799208304162 0.6098278913112737 0.04889203333863614 0.03962612133990877
0 0.35348117803149853 0.22794954061904765 0.08005112667090888 0.03217724801081765
2 0.8605846060232262 0.3657906072167781 0.2788307879535477 0.07047832137172545
5 0.7769464973742709 0.29256273989500486 0.07699885200509052 0.03839088534372674
0 0.05350899737427084 0.30098069732654575 0.06144657733927246 0.04445907200827239
5 0.934273574793085 0.920504831874642 0.04736589600572714 0.04273294000636341
3 0.998902218690317 0.35090030919800624 0.0021955626193658874 0.02819772533418181
0 0.11693843475490502 0.6487273066518189 0.06780566534054513 0.05390679734245403
5 0.04417364409608649 0.7073943293284548 0.06775112133990878 0.049219297342454026
5 0.09325439206713329 0.4935130953214551 0.06144657733927246 0.04445907200827239
5 0.06250218936981651 0.2680591093252731 0.07234771467218155 0.04146134134309047
3 0.2234669613701347 0.2685301819700923 0.1822681546785449 0.08960903469127164
0 0.8866193000079543 0.0482849338797328 0.04258748933799979 0.034865896005727