0 0.37109375 0.26328125 0.02578125 0.02265625
0 0.85 0.29609375 0.03203125 0.02265625
0 0.40234375 0.37578125 0.025 0.021875
0 0.0609375 0.2046875 0.028125 0.02265625
0 0.35390625 0.3671875 0.03046875 0.02265625
0 0.1796875 0.20859375 0.02890625 0.02265625
0 0.4421875 0.37734375 0.02578125 0.02109375
0 0.1015625 0.2078125 0.02578125 0.021875
0 0.2203125 0.2140625 0.0296875 0.0234375
0 0.646875 0.8125 0.01328125 0.0421875
0 0.62890625 0.2546875 0.01796875 0.04453125
0 0.29765625 0.21796875 0.03125 0.02421875
0 0.72109375 0.4890625 0.028125 0.0421875
0 0.51328125 0.2359375 0.02890625 0.040625
0 0.4328125 0.409375 0.021875 0.01953125
0 0.72421875 0.3984375 0.0265625 0.02890625
0 0.809375 0.32890625 0.028125 0.0234375
0 0.79375 0.459375 0.03203125 0.0234375
0 0.60546875 0.015625 0.0125 0.03046875
5 0.81171875 0.3671875 0.03359375 0.0234375
0 0.26484375 0.21953125 0.02421875 0.0203125
0 0.84609375 0.36875 0.03203125 0.02421875
5 0.140625 0.2546875 0.03515625 0.02578125
0 0.98203125 0.465625 0.034375 0.03125
1 0.646875 0.72265625 0.01796875 0.1046875
1 0.6390625 0.9546875 0.01875 0.090625