5 0.06644700267476464 0.7724125624991762 0.037794930942249505 0.02718979139585791
0 0.8410860057768577 0.6568703465848428 0.029763909654926125 0.023928423701106104
0 0.7544543731092384 0.5646225710172976 0.028201409654926124 0.023901150162155816
0 0.8741116732254539 0.6879527512112255 0.03288890965492612 0.023982970779006862
0 0.9138408087430647 0.7238453867628846 0.03310743094224975 0.02710797077900686
0 0.8051645672930396 0.5553390742637084 0.027982888367602498 0.020776150162155817
0 0.5213415883282616 0.6207832475610727 0.028092149011264313 0.022338650162155815
0 0.3367648565134919 0.7434962244291594 0.03466993094224948 0.027135244317957153
0 0.40316003485785135 0.7000695527566483 0.03456067029858776 0.02557274431795715
0 0.9280068515698133 0.6443078912271115 0.031435670298587584 0.025518197240056394
0 0.6405721895690989 0.5712389894433979 0.0264203883676025 0.020748876623205348
0 0.5722049658001008 0.6764253214243346 0.03288890965492612 0.023982970779006862
5 0.7459648938923588 0.7083998445562478 0.03466993094224939 0.027135244317957153
0 0.7100220400536315 0.7414072134688154 0.02652964901126431 0.02231137662320535
0 0.9471449816395427 0.7173868810808417 0.009342149011264312 0.022011367694751628
0 0.7482097269479657 0.5308788165530707 0.027982888367602498 0.020776150162155817
0 0.48357415453602054 0.7022553900125907 0.03456067029858776 0.02557274431795715
0 0.151991018766308 0.7347955600635442 0.03445140965492603 0.024010244317957154
0 0.6480354922832043 0.7106014983718516 0.03466993094224939 0.027135244317957153
0 0.796178061340955 0.7397822581110842 0.03456067029858758 0.02557274431795715
0 0.24966941207758914 0.8256717504037419 0.03376299480421992 0.03648297077900686
0 0.5944948650634667 0.5813855568138381 0.037685670298587756 0.02562729139585791
0 0.2673646464902488 0.718036528406919 0.03445140965492603 0.024010244317957154
0 0.8857972082585324 0.554399911519651 0.03445140965492612 0.024010244317957154
0 0.7543893990881388 0.7445282593289002 0.03288890965492612 0.023982970779006862
0 0.7377042796620714 0.6699276797835955 0.03445140965492612 0.024010244317957154
0 0.5374089847416359 0.5811713226421507 0.031107888367602497 0.020830697240056394
0 0.5971232023064476 0.733961131894916 0.028201409654926124 0.023901150162155816
0 0.5338522960057162 0.5537321152558243 0.027982888367602498 0.020776150162155817
4 0.6908999715000841 0.5674242426898088 0.05062271287323483 0.032095479707460586
5 0.3648383961612727 0.0400030316533299 0.01923060124083733 0.051835235389503395
0 0.41266144895225293 0.933332066149329 0.020574579953513705 0.04873750892845372
5 0.6721396278008154 0.7462213985340075 0.037685670298587756 0.02562729139585791
0 0.5740784582585323 0.5489588404990581 0.03198197351689647 0.0333306972400564