3 0.4481170883504671 0.48660773175287525 0.1145085233378591 0.1282452444009227
3 0.47212893107368414 0.3812816143262988 0.07436201333591956 0.07395956348717307
0 0.46643626683907724 0.5873773263589349 0.04588632697140156 0.04850927759440164
5 0.43984336318613837 0.14746272137991312 0.062021510001939714 0.05594326929603186
0 0.5524216932016557 0.5659418794731458 0.04575878121376711 0.04694677759440165
5 0.5069817763819751 0.5229013518787442 0.054081464244305086 0.0537887734452168
0 0.9826119042569129 0.8528456091514286 0.03477619148617421 0.028315176764564853
0 0.6904943597314722 0.9638367730442315 0.04470646424430509 0.05307837842423879
5 0.2325232656311293 0.6799037553985847 0.08338632697140155 0.051350857678314196
5 0.48638249183422816 0.4607798601771139 0.05733401000193972 0.055588071785542856
5 0.6788870510969601 0.9942582708577816 0.04263378121376693 0.011483458284436665
0 0.5494563188056297 0.5105915286433088 0.04212359818322895 0.04045997925407559
0 0.5134706345671436 0.6119046522936626 0.04913887272903601 0.050308575934727706
0 0.13944307426564145 0.6239362526992924 0.07700878121376702 0.04931476099766208
0 0.6007942598812535 0.9112310686852652 0.050828918486670635 0.051989475104890916
0 0.4541444634953991 0.31314692096499464 0.04875623545613248 0.04562107593472771
0 0.5690669303247781 0.61767032283445 0.04926641848667046 0.05187107593472753
0 0.21052084881144867 0.6386392153566284 0.07688123545613249 0.047752260997662076
5 0.6387883385196449 0.96768290084377 0.044578918486670636 0.05151587842423879
0 0.5033459486616675 0.7066368118367878 0.06986596091032524 0.03790366431700996
0 0.08121624396026005 0.5574106809137496 0.06725114394086337 0.04391686597668389
0 0.07603440744596081 0.5795341346480158 0.06100114394086338 0.043443269296031775
0 0.3293183883601654 0.7338235060232847 0.07649859818322877 0.04306476099766208
5 0.5371151707818804 0.6827974927505375 0.07949605242559432 0.04173905933798814
3 0.8567257823010287 0.8126089276129791 0.10031873545613265 0.04952824855010753
5 0.3109033571463984 0.688948713906736 0.10277405575957417 0.06058414772027056
0 0.799312023966079 0.765555406242355 0.06973841515269079 0.036341164317009955
0 0.23651055334367826 0.2912206863123343 0.05682382697140156 0.04933807178554286
0 0.20945281426370183 0.577997713282036 0.08456618969849786 0.04678175684847723
0 0.20398522470528677 0.23518325124939982 0.061893964244305086 0.05438076929603195
5 0.9111914310736842 0.41455178114210856 0.05267846091032524 0.0366012734452168
5 0.13064293274067407 0.36394594606059655 0.06814396424430513 0.054854365976683986
0 0.07852103396801871 0.7621806912867117 0.03638378121376697 0.04623638257342346
2 0.5084314166989945 0.8925859672307282 0.12174693849054989 0.15985044191141143
0 0.5445598485215847 0.9933751821631495 0.04601387272903601 0.013249635673701122
0 0.9938603453928799 0.8320954012679774 0.012279309214240187 0.02533188672260849
0 0.7181098213907036 0.7694956998087961 0.07949605242559432 0.04173905933798814