3 0.07106801716350777 0.2845945119678473 0.14213603432701555 0.09731402393569458
3 0.40377135525284896 0.12984080888930588 0.07602315260503385 0.09073540919430564
3 0.22390826509659317 0.3141398076550349 0.10894266046291676 0.06028549620027786
5 0.3864745775453712 0.41724988991135453 0.06475601282028158 0.049892203647222286
0 0.6806441085626178 0.3982875632577089 0.036194365177646404 0.0398625870059723
0 0.6832659168775667 0.8793381947165979 0.036412688998963993 0.044550087005972475
0 0.31295137862160977 0.6188838186729517 0.03768409057054054 0.03833645459715278
0 0.7895589979330854 0.20920883909326457 0.0652996683207995 0.028053571238402776
0 0.9126347789503321 0.186264261205348 0.0590496683207995 0.027908100873680564
5 0.5029366013239075 0.11650696713368099 0.04607878742738745 0.05101829255305561
0 0.4630072681969651 0.03345742458062539 0.03939213978475227 0.041497822188333366
0 0.24153229694240935 0.5906302256830558 0.04407963978475227 0.04160692496187508
0 0.4729878122438903 0.5076404601998268 0.0424443651776464 0.04000805737069442
0 0.9354364623677249 0.4691319658025009 0.031288541356328636 0.03506598423243048
0 0.7979387322173197 0.1468361256623965 0.06842466832079949 0.028126306420763924
0 0.21474931906831585 0.6283295942241669 0.04720463978475227 0.041679660144236054
0 0.3155157222925222 0.2951553779435072 0.07674659057054053 0.03924564437666671
0 0.864066576511914 0.5237817917905563 0.036194365177646404 0.0398625870059723
0 0.8167078870986652 0.4155322274860077 0.05352741439185813 0.04338763050895835
0 0.2971917154680967 0.16802918028020858 0.06929796360606985 0.04687630642076392
0 0.5976818670396733 0.1812799415824658 0.07169521753501122 0.031324041603125075
0 0.6276903906133218 0.275830028588438 0.05992296360606986 0.046658100873680566
3 0.091238928664391 0.9124844290459375 0.1412842795695046 0.08445034802388918
0 0.7711921416467792 0.1837542442035076 0.07950771753501122 0.03150587955902786
0 0.22380125723871033 0.2828534400638544 0.0705693651776464 0.0406626740119445
5 0.4588227282883783 0.1233011745806254 0.0479323858558109 0.057304660144236144
3 0.9272987464853433 0.1568858857303827 0.024747442927905185 0.028670513867708358
5 0.9059566317219817 0.34643869500093827 0.08833906203449331 0.05356271751493065
0 0.06575523925114221 0.8047440110179167 0.040809090570540586 0.038409189779513755
0 0.3407682793646168 0.3238986269935767 0.07987159057054054 0.03931837955902786
0 0.5596852533097689 0.2750292883720838 0.06795378742738745 0.05152743882958344
5 0.022493236769942863 0.8436240198516319 0.019623295285270285 0.019186411094166543