3 0.9534231260436462 0.7275860895099233 0.09315374791270763 0.09030574879205204
3 0.4906302256830557 0.22921081513329405 0.0564695119678472 0.0810266015172088
0 0.4673453813619798 0.607606753164802 0.03212282218833344 0.04005091515269079
0 0.5063403718626743 0.870553292254477 0.030560322188333443 0.03992336939505634
3 0.10449270393156271 0.2521208672690243 0.14167966014423614 0.056791618187108206
0 0.6937611045764935 0.5155475725501599 0.035247822188333444 0.04030600666795969
0 0.7575683782278476 0.46572317360832666 0.03993532218833344 0.0406886439408634
0 0.7895093624602783 0.4928597584556359 0.04149782218833327 0.04081618969849785
0 0.4475497600679862 0.09340073195297469 0.036883057370694416 0.043558552425594324
0 0.507106598023889 0.09636649316286235 0.03691942496187508 0.04512105242559432
3 0.7435124103316675 0.8034463142152102 0.1381922906531944 0.10797148091420468
0 0.6983518067051044 0.20834097936790083 0.06478985182361115 0.03647937606301595
0 0.13423410210795156 0.21838372499515085 0.06769664627652779 0.027359467578285022
0 0.46018423195131986 0.4680818675588883 0.03208645459715278 0.03848841515269079
0 0.8583976475107988 0.12326499345272643 0.06958645459715278 0.041549513335919566
0 0.1639053779435072 0.3161516742365465 0.06624324905006947 0.03191942182065048
0 0.06405542078090325 0.5661672628768777 0.03215918977951393 0.04161341515269079
0 0.5335535692416326 0.6945648771017862 0.028852351823611143 0.033545823637421535
0 0.8485316850298613 0.10293651799853365 0.05853985182361114 0.03596919303247783
0 0.6175200340036808 0.23294210876489668 0.06624324905006951 0.03191942182065048
3 0.03683242524621548 0.2372928348473093 0.06326371941479168 0.037914330305381404
5 0.7354874775829169 0.15599735830585473 0.08379442496187509 0.048947425154630374
0 0.1446157429692366 0.5971624292375163 0.03212282218833336 0.04005091515269079
0 0.776512521085903 0.1698686686073568 0.0648262194147918 0.03804187606301594
0 0.6192091673624308 0.20462579012844487 0.07412848423243049 0.03568215060882318
5 0.5463392842880213 0.43678432801017164 0.02590918977951393 0.04110323212215263
3 0.97709374933441 0.38472903875131903 0.04581250133118005 0.03584164727484325
0 0.14491833539045162 0.27386845044934366 0.05516027868534725 0.024776601517208795
0 0.9032717767854862 0.010636029377599176 0.06649782218833308 0.02127205875519835
0 0.38476143218006964 0.22063265377362518 0.05403418977951393 0.043399055759574166
5 0.9324520901401044 0.07651779708626874 0.0808512629177777 0.0565048336393613
0 0.9648756512136117 0.628829725115837 0.04763871941479181 0.03663887272903601
4 0.9811084488975697 0.32678899299368447 0.0377831022048607 0.03456618969849794