5 0.2729700230210095 0.2997397024973617 0.05139747925407558 0.04330023213953691
0 0.7634640458415264 0.29951092488143666 0.03830548340326061 0.03439412384546294
0 0.835445789617749 0.28157227770889054 0.030137785892771517 0.02902311866166656
0 0.8401701010303295 0.20898437822727017 0.03650618506293455 0.03113242280870363
0 0.9317054829790532 0.26073351446657594 0.033144386722608485 0.02773402073518518
0 0.8365472709464171 0.2465527287456498 0.026657588382282427 0.02406221658814811
0 0.8974731155524769 0.23113348883041845 0.03650618506293455 0.03113242280870363
0 0.2056040016503852 0.3591823444861116 0.03326278589277134 0.029296520735185183
0 0.79096300642427 0.22337836036680708 0.03170028589277152 0.02915981969842587
0 0.7043743109883733 0.23949066738856623 0.02857528589277152 0.028886417624907335
0 0.7148139809044608 0.2758287085761125 0.03482528589277134 0.029433221771944316
0 0.005323810888127019 0.3350099870405093 0.010647621776254038 0.029296520735185183
0 0.8841792875431566 0.2734282955693536 0.03326278589277152 0.029296520735185183
0 0.7708971149277768 0.33455986814250155 0.036624584233097404 0.03269492280870363
0 0.5631984010210409 0.607282343071992 0.02601897095570589 0.056601314514629665
0 0.17557388214921624 0.3253343162580559 0.03650618506293446 0.03113242280870363
5 0.004187824685327843 0.29557634015078704 0.008375649370655686 0.03384731969842587
0 0.6819889028951407 0.3198322782745384 0.03482528589277134 0.029433221771944316
0 0.332983640447586 0.32708416102699145 0.03314438672260831 0.02773402073518518
0 0.32819031928674314 0.2879239162107877 0.031463487552445366 0.02603481969842587
0 0.10716834688114477 0.265353014985741 0.038305483403260475 0.03439412384546294
0 0.5257226344243013 0.5795182195093529 0.02554537427505359 0.050351314514629666
0 0.6813134740559835 0.35947097671939954 0.03830548340326043 0.03439412384546294
0 0.9392345630629657 0.22282341135629813 0.023532588382282428 0.023788814514629573
0 0.8349479595338366 0.3188672261537516 0.03818708423309758 0.03283162384546294
0 0.29230740579492565 0.54639052709676 0.03650618506293446 0.03113242280870363
0 0.3474685024755778 0.5353559908101859 0.03830548340326043 0.03439412384546294
0 0.25439300869935505 0.555140101978982 0.03013778589277134 0.02902311866166656
0 0.08537032156182822 0.5939858629122224 0.036624584233097446 0.03269492280870363
0 0.19706391554318795 0.6664774346368987 0.025663773445216753 0.05191381451462966
0 0.02833295186016661 0.2815630668237038 0.033381185062934436 0.030859020735185184
0 0.18462311512826945 0.6667897929309727 0.024338071785542814 0.05490211347787035
0 0.1554757923170414 0.25258988336458366 0.036624584233097446 0.03269492280870363
0 0.3017281047553072 0.6371426662107877 0.02601897095570589 0.056601314514629665
0 0.14971531886253583 0.6768284657396764 0.027699870125868876 0.0583005155513888
0 0.207452689412612 0.2426099991515282 0.03290758838228234 0.024609020735185096
0 0.6688751028812074 0.8820787085761126 0.02279888257342364 0.034589613477870526
0 0.5388710620140585 0.7234931034395844 0.02601897095570571 0.056601314514629665
0 0.13523842176696527 0.6835275250705097 0.025545374275053767 0.050351314514629666
0 0.19813135330541473 0.5499734398206948 0.025782172615379784 0.05347631451462966
0 0.3173531047553072 0.6357756558431952 0.02578217261537983 0.05347631451462966
2 0.37237953379495703 0.8723194571155102 0.11891686597668398 0.07404167568342572
5 0.786854924265765 0.25710881140356634 0.03963118506293437 0.03140582488222217
0 0.11300822425647619 0.6901288395851392 0.027936668466194935 0.061425515551388796
0 0.21333030081590382 0.543987279971482 0.02769987012586883 0.0583005155513888
0 0.32094650434967753 0.2606191224313433 0.02966418921211931 0.022773118661666557
0 0.33418540724481816 0.6389594444388432 0.0256637734452168 0.05191381451462966
0 0.26820520973432915 0.649388387982732 0.02578217261537983 0.05347631451462966
0 0.9104117460513077 0.19352618209148326 0.04010478174358667 0.03765582488222217
0 0.6352626551702258 0.6087382448626866 0.02578217261537965 0.05347631451462966
0 0.3535274030956333 0.6295065319977322 0.023509277594401645 0.043964613477870174
0 0.25613126222384003 0.6551011457584266 0.0291439709557058 0.05687471658814811
0 0.1667252201072913 0.6776685043353246 0.027936668466194893 0.061425515551388796
0 0.07923687550123167 0.6954116618754632 0.029262370125868874 0.058437216588148114
0 0.033488512848539966 0.5822274481620372 0.029262370125868863 0.058437216588148114
5 0.13151161575296938 0.5790840328462041 0.04143048340326052 0.03466752591898157