0 0.7781524143196046 0.9244444693659611 0.02107639183263199 0.023533094849248926
0 0.802343882468439 0.9216862601226259 0.01951389183263217 0.023405549091614474
0 0.8679688824684391 0.9163293383019754 0.0210218281303014 0.021970594849248924
0 0.8683756210356938 0.8606692696655236 0.019623019237293704 0.026530549091614473
0 0.7351836643196046 0.927951977700911 0.019568455534962937 0.024968049091614118
0 0.7131598421797533 0.8357325267925253 0.019623019237293704 0.026530549091614473
0 0.7365700603285879 0.8330380904280072 0.019623019237293704 0.026530549091614473
0 0.3544792682258034 0.7279028908967475 0.019623019237293704 0.026530549091614473
0 0.821875132468439 0.9200919381521941 0.01951389183263217 0.023405549091614474
0 0.7121529028868592 0.8742050954289772 0.021185519237293705 0.026658094849248925
0 0.7562501324684392 0.9254488599728447 0.019568455534962937 0.024968049091614476
0 0.7600224292957292 0.7418073125482202 0.019568455534962937 0.024968049091614476
0 0.6915154767559911 0.6870717572476879 0.01951389183263199 0.023405549091614474
0 0.3612153300292177 0.35990231892631586 0.021185519237293705 0.026658094849248925
0 0.7381474292957291 0.7435929531551037 0.019568455534962937 0.024968049091614476
0 0.712663790458322 0.6869123895196217 0.01940476442797028 0.020280549091614475
0 0.4388269532575281 0.4734389183174928 0.02285714664195524 0.029910640606883376
0 0.711584929295729 0.7457612310348909 0.021294646641955416 0.029783094849248924
0 0.6789187622353536 0.7750659648240333 0.01951389183263199 0.023405549091614474
0 0.3473562821056195 0.9502083255942757 0.01956845553496276 0.024968049091614118
0 0.9124455687661083 0.9111317842093911 0.02263889183263217 0.02366064060688373
0 0.7580705488958424 0.7756561540634893 0.019513891832631813 0.023405549091614474
0 0.9810740284774223 0.8122959293582026 0.021240082939624472 0.028220594849248926
0 0.7120313625981733 0.7809812539137081 0.019459328130301046 0.021843049091614476
0 0.6696404767559911 0.6888573978545715 0.01951389183263199 0.023405549091614474
0 0.8507019929980599 0.7359721586054171 0.019568455534962937 0.024968049091614476
0 0.40666918456838863 0.24807212756082803 0.021294646641955416 0.029783094849248924
5 0.3207094473518964 0.882654034837611 0.01967758293962456 0.028093049091614475
0 0.3916022344757214 0.35507142665244246 0.019623019237293704 0.026530549091614387
0 0.3349802122432028 0.37144559680610295 0.021185519237293705 0.026658094849248925
0 0.32220994916599494 0.925622784837611 0.019623019237293704 0.026530549091614473
0 0.9139410921797533 0.8193428969364875 0.019623019237293704 0.026530549091614473
0 0.9369767988958424 0.7610521648143349 0.019623019237293704 0.026530549091614473
0 0.43035719962933106 0.3879478284692136 0.01973214664195542 0.029655549091614386
0 0.3515105248492253 0.7775042781696512 0.021294646641955416 0.029783094849248924
0 0.68989844617077 0.9324320546723124 0.01951389183263199 0.023405549091614474
0 0.9129068710356938 0.8570342155729394 0.019513891832631813 0.023405549091614474
0 0.9154638974445636 0.7283352596635839 0.021185519237293705 0.026658094849248925
0 0.9342535921797532 0.8176848020872386 0.019623019237293704 0.026530549091614473
0 0.8053622111468945 0.7388897355768187 0.021130955534962935 0.025095594849248927
0 0.29078128974053175 0.2724180365046009 0.022748019237293703 0.026785640606883467
0 0.9623934611468945 0.7260713869345479 0.021185519237293705 0.026658094849248925
0 0.3658953955456471 0.4041784774110468 0.01951389183263199 0.023405549091614474
0 0.29455607576804843 0.15615530771642822 0.01951389183263199 0.02340554909161443
0 0.4098140981702031 0.7868475851371735 0.019623019237293704 0.026530549091614473
0 0.7597273073333629 0.8679711998211237 0.01951389183263199 0.023405549091614474
0 0.8233433740309188 0.8275218008792905 0.019568455534962937 0.024968049091614118
0 0.34840537221682016 0.8231994154425548 0.022857146641955418 0.029910640606883376
0 0.6073091462634372 0.8334043654328565 0.04574900961864685 0.01619882697140156
0 0.4685715061600858 0.5399568675588883 0.04920139183263199 0.02582891848667046
0 0.7576365284774224 0.8305349726999409 0.019623019237293704 0.02653054909161412
0 0.8475621240309186 0.8255448416359552 0.019623019237293704 0.026530549091614473
0 0.3192510963561045 0.7511489433223419 0.021294646641955416 0.029783094849248924
0 0.8944644058820842 0.8224997189069192 0.019623019237293704 0.026530549091614473
0 0.825230767044677 0.7693904364852042 0.019623019237293704 0.026530549091614473
0 0.34928088065434065 0.9155782340790065 0.019568455534962847 0.024968049091614118
0 0.9953113216341063 0.8491104031454053 0.0093773567317875 0.023405549091614474
0 0.737663790458322 0.6848716573974691 0.01940476442797028 0.020280549091614475
0 0.9347273073333628 0.8536860749660559 0.019568455534962937 0.024968049091614476
0 0.7602927586071565 0.6822409939117684 0.01951389183263199 0.023405549091614474
0 0.8886881210356938 0.8590111748162746 0.019568455534962937 0.024968049091614476
0 0.3792982189514428 0.7431134316534124 0.019623019237293704 0.026530549091614473
0 0.2969519333872623 0.3369429221105146 0.01795139183263199 0.023278003333979846
0 0.44449411069925676 0.4338024624081373 0.022857146641955418 0.029910640606883553
5 0.40020836424263584 0.19767351483373163 0.02296627404661713 0.033035640606883465
0 0.3782094341050525 0.779242250289864 0.01967758293962456 0.028093049091614475
0 0.7791915807470079 0.774715536335423 0.017842264427970277 0.020153003333979846
0 0.7363443710356938 0.8714468861856417 0.019623019237293704 0.02653054909161412
0 0.9174604178629835 0.6733288952694976 0.021076391832632168 0.023533094849248926
0 0.41590034082899086 0.2880593987726553 0.022857146641955418 0.029910640606883553
1 0.2882837392002268 0.04384662635288003 0.037901793283910835 0.05918355242559431
0 0.9597273073333629 0.8516453428439033 0.019568455534962937 0.024968049091614118
0 0.353933598085385 0.4654826392297576 0.032232146641955416 0.030675915152690792
5 0.42171632041057083 0.342428034378569 0.02296627404661713 0.033035640606883465
0 0.3978174850238756 0.1516435377125489 0.02296627404661713 0.033035640606883465
0 0.3524951606914075 0.8730080968061029 0.019623019237293704 0.026530549091614473
0 0.4068056600584353 0.7455688808948079 0.01973214664195542 0.029655549091614476
0 0.8908830488958424 0.7648147646645537 0.019623019237293704 0.026530549091614473
0 0.998334628713015 0.7545951285995981 0.0033307425739700137 0.026530549091614473
0 0.6086459569705432 0.8716856154328564 0.044186509618646855 0.016071281213766754
0 0.8238170891845282 0.8635230737581079 0.019732146641955238 0.029655549091614476
0 0.9838666678629837 0.6679082005700299 0.01940476442797028 0.020280549091614475
0 0.6078150885515562 0.7581492739175874 0.04095238221398514 0.012691189698497852
0 0.9373934611468945 0.7281121190567005 0.019623019237293704 0.026530549091614473
0 0.0902580555192644 0.8795282612098877 0.038482146641955414 0.03118609818322895
0 0.9807267988958424 0.757480883600568 0.019623019237293704 0.026530549091614473
0 0.6081970344678722 0.7690867739175873 0.04095238221398514 0.012691189698497852
0 0.6076538866447904 0.8208405925540392 0.044186509618646855 0.016071281213767108
0 0.6082888037051658 0.7941505467964047 0.04095238221398514 0.012691189698497852
0 0.9611682670446771 0.7582939555709997 0.019513891832631813 0.023405549091614474
0 0.7846206360118182 0.6833890346684331 0.01940476442797028 0.020280549091614475
0 0.8488443710356938 0.8622635916359552 0.019568455534962937 0.024968049091614476
0 0.9634723223094873 0.6672225454192787 0.021130955534962935 0.025095594849248927
0 0.6062848488031751 0.8938157069481255 0.04731150961864685 0.01632637272903601
0 0.7787848421797532 0.8303756049718748 0.021185519237293705 0.026658094849248925
0 0.9792858391845283 0.8508322708734717 0.01951389183263217 0.02340554909161412
0 0.8041642988958424 0.7718935542132705 0.019568455534962937 0.024968049091614476
0 0.6107664737607662 0.730486659523501 0.04251488221398514 0.01281873545613248
0 0.850285330747008 0.7689122043630517 0.019623019237293704 0.026530549091614473
0 0.8951241155933982 0.7292121045128329 0.019623019237293704 0.026530549091614473
0 0.6072694515282476 0.7425242739175874 0.04095238221398514 0.012691189698497852
0 0.9954985773504788 0.9031441989030398 0.009002845299042406 0.02028054909161412
0 0.915074517044677 0.7620565554212184 0.018060519237293703 0.026403003333979845
0 0.9804143187661083 0.9055835437522888 0.022529764427970278 0.02053564060688373
0 0.7795263974445635 0.7394317405777885 0.019568455534962937 0.024968049091614476
0 0.607852294086519 0.7816505467964047 0.04407738221398496 0.01294628121376693
0 0.9601291006172736 0.9080228886015378 0.022529764427970278 0.020535640606883378
0 0.8591618229424596 0.798743225574879 0.04262400961864685 0.01594373545613248
0 0.5550844142347866 0.6167269195254408 0.04758432813030104 0.02413887272903601
0 0.7825745302915209 0.8715905363354232 0.019513891832631813 0.02340554909161412
0 0.8284202213136954 0.5466226161817624 0.04736607332097762 0.01788887272903601
0 0.8686285921797532 0.8230417239078891 0.021185519237293705 0.026658094849248925
0 0.6672149143196047 0.9335002181580133 0.01795139183263199 0.023278003333980023
0 0.6103299641421194 0.717986659523501 0.04095238221398514 0.012691189698497852
0 0.4982813427279075 0.6503523625579185 0.03837301923729371 0.028061098183228772
0 0.8709053655933982 0.7311890637561682 0.019568455534962937 0.024968049091614476
0 0.8036137165891901 0.8683061686073568 0.019568455534962937 0.024968049091614476
0 0.7253497850160263 0.5566031361856418 0.04731150961864685 0.01632637272903601
0 0.6460938824684391 0.9344408358860793 0.022857146641955418 0.029910640606883733
0 0.8037302784774225 0.8267723728497224 0.01967758293962447 0.02809304909161412
0 0.3119867225796399 0.8347904907469663 0.02280258293962456 0.028348140606883378
0 0.07057051577873265 0.5849810357556949 0.051999009618646855 0.016709010001939716
0 0.9592808740309188 0.8164253199650859 0.019732146641955238 0.029655549091614476
0 0.7108433409138089 0.5899098437619872 0.04892857332097762 0.01801641848667046
5 0.7148711643196046 0.9296100725501599 0.019568455534962937 0.024968049091614118
0 0.8045114953603125 0.5799133483039152 0.04100694591631608 0.014253689698497852
0 0.317817571128361 0.799841534837611 0.01967758293962456 0.028093049091614475
0 0.6264956227649743 0.5975785646742521 0.03782738221398514 0.012436098183228949
0 0.6510268860118182 0.6942941969461859 0.021130955534962935 0.025095594849248927
0 0.9996503474524129 0.6682749913266945 0.0006993050951741963 0.017028003333980024
0 0.3488468602359206 0.9704570527154583 0.019022818511654282 0.009343049091614476
0 0.736949517044677 0.7765967717915554 0.01951389183263199 0.023405549091614474
0 0.8697074533423461 0.7641928823926201 0.019568455534962937 0.024968049091614476
0 0.6090923902729874 0.9069056383116738 0.037881945916316086 0.01399859818322895
0 0.8468478506172736 0.9172699560300416 0.021076391832632168 0.023533094849248926
0 0.39547376814098534 0.39863010801599064 0.02576389183263199 0.023915732122152634
0 0.9400893860118181 0.6706982317837968 0.02263889183263217 0.023660640606883554
0 0.89566726341648 0.6774582858763811 0.01940476442797028 0.020280549091614475
0 0.87066726341648 0.6794990179985337 0.025436509618646852 0.014540732122152632
0 0.9976935052106274 0.7193113328419637 0.004612989578745186 0.029910640606883376
0 0.987173912061793 0.7209056548123953 0.025652175876414062 0.027040732122152633
0 0.8257019929980599 0.7380128907275697 0.024310519237293705 0.026913186364518005
0 0.9977679162805533 0.8134439701148672 0.0044641674388934405 0.029655549091614476
0 0.9366643187661083 0.9091548249660558 0.028834328130301047 0.022608323637421535
0 0.8889535050637776 0.9114824705739093 0.025873019237293703 0.027040732122152633