0 0.5161327344126597 0.11373052406904227 0.028529191585911207 0.028434082670272566
0 0.48144637797604234 0.09771462539781521 0.026966691585911206 0.028415901336727112
0 0.45184635928660893 0.07629361139399721 0.032091234160558105 0.034720445337363445
0 0.5031189182049008 0.19554359806649696 0.03376299480421992 0.03630112667090892
0 0.513105923400681 0.1597515487348605 0.03532549480421991 0.036319308004454334
0 0.445749178596461 0.12305952339272455 0.028747712873234653 0.03155908267027256
0 0.4283538649865921 0.1868674847230883 0.028419930942249393 0.02687158267027252
0 0.4647830378830699 0.19431690539463356 0.03198197351689647 0.03315794533736342
0 0.534014367080279 0.023387334738996672 0.028747712873234833 0.03155908267027256
0 0.8746596905006305 0.49650030744744933 0.061232430942249394 0.02725339067472703
0 0.06639980422671486 0.3020897586728179 0.03590464901126429 0.022274989337999783
0 0.6575978766386601 0.4846071927514052 0.05799817029858776 0.025654528007635947
5 0.47429479567674004 0.1405651967297698 0.032528276735204996 0.04097044533736342
0 0.7538776609154338 0.39907932009863184 0.05643567029858794 0.025636346674090583
0 0.491520864482389 0.040847007399724224 0.032091234160558105 0.034720445337363445
0 0.5270266757464694 0.06858165607095128 0.028856973516896468 0.03312158267027256
0 0.7245668553513365 0.48226399009385934 0.06279493094224939 0.027271572008272217
0 0.46292061708027904 0.022560084062678933 0.0352162341605581 0.03475680800445434
0 0.7826143021330279 0.47513329010181343 0.05956067029858776 0.025672709341181488
0 0.23425393974432582 0.2689152740292714 0.061341691585911205 0.02881589067472694
0 0.8202453421097848 0.49977021077335876 0.05331067029858758 0.025599984006999678
0 0.06926807811192838 0.2872914620066815 0.037467149011264286 0.022293170671545237
0 0.1896555318541106 0.7586221166852264 0.030419473516896466 0.033139764003817976
0 0.6779596531217637 0.4520583220878141 0.04037362772394069 0.019204533338636053
0 0.625636590520301 0.8089708460773146 0.053201409654926125 0.024037484006999676
0 0.4964761622528161 0.01124132340067872 0.030452324505632157 0.01128294533736345
0 0.1964793322224277 0.7110840453532719 0.03688799480421991 0.03633748933799978
0 0.3745847367584482 0.020751588717361304 0.028747712873234653 0.03155908267027256
5 0.3165312081816577 0.21757149737427084 0.06287134059717552 0.05069089067472694
0 0.21006123098159044 0.6597215400222718 0.03387225544788164 0.037863626670909055
0 0.1738062927498739 0.8333766686823629 0.03510697351689647 0.033194308004454595
5 0.16961581948507903 0.8739198526814084 0.04223105866619035 0.045767033338636055
0 0.1566677052547915 0.9120192893459539 0.04012225544788164 0.037936352005090865
5 0.42088910635974275 0.7722413633831795 0.032528276735204996 0.04097044533736351
5 0.5090171730717048 0.8380578147278609 0.03743429802252862 0.04414998933799978
0 0.5560949968210324 0.6294009774029059 0.03387225544788173 0.03786362667090888
0 0.6508665474414509 0.6562640167488599 0.0436078883676025 0.020803396005727136
0 0.6536855448435609 0.6742509480824053 0.05956067029858776 0.025672709341181488
0 0.543512869349193 0.6838975734006787 0.03387225544788173 0.03786362667090888
0 0.5364869731879203 0.717382235399406 0.03198197351689647 0.03315794533736351
0 0.5123828376703093 0.7522294027291335 0.05966993094224939 0.02723520934118149
0 0.5104050744287576 0.7685992900620426 0.05465464901126431 0.02249316534054522
0 0.64941866192384 0.6913748134149962 0.06257640965492613 0.024146572008272395
0 0.6410816380386264 0.7061094754137235 0.06257640965492613 0.024146572008272214
0 0.6410323615555229 0.7388947034134054 0.05643567029858776 0.025636346674090583
0 0.6381094573484785 0.7529117500795418 0.05966993094224939 0.02723520934118149
0 0.6217685453477639 0.8206350520766783 0.06268567029858776 0.025709072008272216
0 0.621407912428043 0.8378043707431327 0.061232430942249574 0.02725339067472703
0 0.6161958885428296 0.852575395408951 0.061123170298587756 0.02569089067472703
0 0.6181243753012777 0.8689907360757239 0.05476390965492613 0.024055665340544864
0 0.6122403620597259 0.8853151700747693 0.06602919158591121 0.0288704346753633
0 0.6039251175076077 0.9226879007399512 0.059779191585911204 0.028797709341181487
0 0.5018655907724024 0.8809083860598154 0.03398151609154336 0.0394261266709087
0 0.47701841008225454 0.9274561220559974 0.059779191585911204 0.028797709341181487
0 0.5860599103343561 0.9989027660327713 0.06773380321830871 0.002194467934457478
2 0.8964793322224278 0.7192292827816311 0.07861630891829208 0.11956816000954493