0 0.5056507840239826 0.5483399677062755 0.04179652073518518 0.03147725897699054
0 0.7485019568326863 0.5125695975875543 0.04845662384546294 0.03620112041330899
0 0.5640490443915751 0.5323831695998695 0.04206992280870363 0.03460225897699054
0 0.17060113223328796 0.477669961165172 0.03996061866166665 0.028343168617910842
0 0.17478963769990816 0.39409439188333123 0.038671520735185136 0.03145907825883114
0 0.1667529622993064 0.4324029129605701 0.038398118661666605 0.028334078258831143
0 0.2322508231852786 0.4156239582383058 0.03710902073518518 0.03144998789975162
0 0.22564880014101923 0.37505804557232325 0.03540981969842587 0.029878397540671918
0 0.774426635673658 0.24302471204893478 0.04179652073518518 0.031477258976990365
0 0.10601095193171384 0.4483733466055956 0.0417965207351851 0.03147725897699054
0 0.22550324571115832 0.457048388956465 0.038671520735185184 0.03145907825883114
0 0.7850422154568524 0.27341619399675804 0.038671520735185184 0.03145907825883114
0 0.3108992523090742 0.07002965710683759 0.03345634043361105 0.06110112646343313
5 0.6559535803953251 0.5529314980550923 0.045331623845462944 0.03618293969514959
0 0.8993639533923161 0.7428242032683361 0.028495438360092606 0.05794885538619425
5 0.5048408482557882 0.6022234918085765 0.04716752591898139 0.039317030054229284
0 0.3716125769084725 0.10793820238457327 0.03345634043361105 0.06110112646343313
0 0.33980691936833374 0.19479785295030733 0.030741443543888813 0.06577044574527387
5 0.7838207595191208 0.2070508506126163 0.04546832488222226 0.03774543969514967
0 0.06116734363763977 0.46112787665982485 0.04404252591898141 0.039298849336070064
0 0.16859700923629686 0.2863727954741274 0.03570234561740726 0.06892271682251269
0 0.5438395999527318 0.14754053698811628 0.029511134213055533 0.05170794574527386
0 0.49308632719129636 0.03219156211196896 0.03386644354388881 0.06438312422393792
0 0.4749125256361575 0.034589854266446673 0.035839046654166574 0.06917970853289335
5 0.9114942235618535 0.8630048930616816 0.03156164976444416 0.07514544574527378
0 0.795506930065233 0.7785667814289713 0.04527283524981485 0.05336134933607006
0 0.7278491213000475 0.6415303897420319 0.03162043836009261 0.05796703610435348
0 0.8262278327043994 0.6237792874790956 0.032636134213055355 0.05172612646343318
0 0.8812960415168529 0.6101844200908488 0.035839046654166394 0.0704852168225127
0 0.7894003589062046 0.5092082482514841 0.05308533524981485 0.05340680113146803
5 0.8393518407629177 0.536247471222317 0.05255765494824054 0.08307612041330899