0 0.25589217307170475 0.8236065122011091 0.03020095222957302 0.030997442927905183
0 0.33442245659217384 0.5119176873463342 0.03209123416055819 0.035757717535011224
0 0.29456118916324814 0.8609951962376744 0.030419473516896466 0.034122442927905186
0 0.3226394605274462 0.10802855397172266 0.03052873416055819 0.03568494292790545
0 0.28768348642947206 0.6841779851128038 0.03052873416055819 0.03568494292790554
0 0.31263956378509583 0.7496381652204277 0.030419473516896466 0.03412244292790536
0 0.4073782634167788 0.793037100704735 0.027185212873234832 0.03241439371369381
0 0.44220745944216533 0.5625469259737946 0.021951409654926125 0.024383569892376222
0 0.3940038142892989 0.8932019205971112 0.032200494804219916 0.03732021753501158
0 0.25461353235831374 0.8949913606295326 0.03365373416055819 0.03583049214211727
0 0.3527475776077253 0.12386972374026431 0.030419473516896466 0.03412244292790545
0 0.49249204668514623 0.40736496629666624 0.030419473516896466 0.03412244292790554
0 0.38320525595208477 0.16712741811591178 0.032200494804219916 0.037320217535011316
0 0.21732669980690988 0.8661600392894144 0.03052873416055819 0.03568494292790518
0 0.414491640888618 0.737840178454994 0.030419473516896466 0.03412244292790554
0 0.4061132422063299 0.035166788670241714 0.02863845222957302 0.030924668320799577
0 0.21547997654211498 0.9070033631107318 0.02518567029858776 0.02609161910658777
0 0.4592539397443258 0.2458838107961482 0.030419473516896466 0.03412244292790545
0 0.23028053185411063 0.7487713320934851 0.03052873416055819 0.03568494292790554
5 0.2540079729358188 0.628529452647815 0.032200494804219916 0.037320217535011226
0 0.4763593122724865 0.2999527266357484 0.03041947351689629 0.03412244292790536
0 0.712668152869662 0.33910931017697565 0.05810743094224939 0.0291823858558109
0 0.35569153319149294 0.3565195579006641 0.03365373416055819 0.03583049214211709
0 0.23614276576256726 0.709308571754403 0.03052873416055819 0.03568494292790554
0 0.3284452442231422 0.6281976588102869 0.03020095222957302 0.03099744292790536
0 0.4518777543626008 0.4766629299027361 0.032200494804219916 0.037320217535011226
0 0.5137064929626345 0.2511855868509961 0.03041947351689629 0.03412244292790545
0 0.24429411934919298 0.668955399504662 0.025076409654926034 0.024529119106587772
0 0.46766628134990745 0.5903615568672068 0.02707595222957302 0.03085189371369381
0 0.3943044630484617 0.8414574840793465 0.032200494804219916 0.037320217535011226
4 0.4305922522689139 0.643034946651959 0.039324579953513704 0.050111315963434676
0 0.26901634185768325 0.40601659780925087 0.055856516091543365 0.04153683664159917
0 0.10429864197389879 0.29220030851983664 0.05654493094224948 0.029109611248705036
5 0.3118265547309179 0.4353744580244986 0.03554401609154336 0.04059076674922295