3 0.3827846195813831 0.16312859432107607 0.13149935079830274 0.08579464247680564
0 0.6626856838021083 0.065902876521805 0.03772017589344294 0.044586454597152825
0 0.242910260948777 0.8373324265773956 0.05340884288963732 0.046512630508958354
0 0.5649100059686801 0.41069065929121484 0.04221667490485981 0.04000805737069442
0 0.49000945954245195 0.5875999578281941 0.04559634288963732 0.04633079255305557
0 0.46903643186212307 0.45671363373999957 0.0440975098858317 0.04785692496187508
0 0.47300771296531197 0.2087300754193746 0.07015067391627668 0.0359751740119445
0 0.2823973004177419 0.23271635533899282 0.06715300790866544 0.03902743882958344
5 0.978635630455798 0.4430589096724645 0.04272873908840395 0.0389183360560418
0 0.37991162897292324 0.20776894709461774 0.07027800790866542 0.0391001740119445
3 0.9377095415204935 0.4010175332475686 0.12458091695901316 0.06108558320625015
0 0.1552033780215211 0.6039945561364235 0.059786176882026164 0.04978310087368065
0 0.9988062090109793 0.39334919719152694 0.002387581978041453 0.030123911094166723
5 0.9291979990485979 0.36936814295496456 0.08121550790866543 0.03935474715020835
0 0.40231055239490826 0.2393092346136802 0.0781541749048598 0.04084451196784729
0 0.8293915890096667 0.7986582122935062 0.06571784190105419 0.042116071238402775
0 0.9338563241437381 0.3301601725902423 0.06708934091247087 0.03746493882958335
0 0.20783628809763327 0.5714898742406943 0.055035009885831786 0.04811149810013902
5 0.14030659539827633 0.44950707788791655 0.06791701186299806 0.05777743882958344
0 0.9010530944096932 0.42710856098298533 0.07477450692008211 0.03452177678548622