0 0.8609751740119446 0.118802893919517 0.05741376291777769 0.05327618942018657
0 0.9050713193385418 0.16974303861549284 0.043242160144236055 0.047769642065139895
0 0.41084734032753556 0.9801788656156063 0.04673083605604163 0.0396422687687874
0 0.36426001500507016 0.8341746628294786 0.0442604526972918 0.09151964206513981
0 0.7988206661281598 0.130006433452643 0.044695557370694416 0.04317314732681177
0 0.3577287663362503 0.38596467598365825 0.049528527735416716 0.0496961631118273
0 0.5295816632783682 0.1939045205525772 0.04785692496187508 0.04491765785015547
0 0.7384286799958681 0.1498947282474409 0.049455792553055745 0.046571163111827296
0 0.3973452719389243 0.8478045233245874 0.05247299620027786 0.10916216837349921
5 0.18042269034819483 0.4442945735222315 0.07173083605604172 0.06503273677523325
0 0.013120208681215384 0.12793528420086703 0.021294424961875037 0.04337056840173403
5 0.7026762840036808 0.32335534407480876 0.0620648953265972 0.0519867052052021
0 0.5879390239356945 0.18716096786527156 0.049455792553055565 0.046571163111827296
0 0.577471036569132 0.039095194187748226 0.05806707313826394 0.01430469468185842
0 0.6824332531341321 0.15755603882725433 0.06046602773541672 0.05033319994353027
0 0.8736011541603126 0.05790319127456363 0.037827308320625266 0.016246626280124365