5 0.6734375 0.58671875 0.0375 0.04375
0 0.44296875 0.3046875 0.034375 0.0265625
5 0.6359375 0.315625 0.0375 0.028125
5 0.72265625 0.30859375 0.03515625 0.028125
5 0.73671875 0.475 0.0390625 0.028125
0 0.53203125 0.95234375 0.01328125 0.05625
0 0.54765625 0.94921875 0.01171875 0.05234375
0 0.62578125 0.87734375 0.0140625 0.05546875
0 0.64609375 0.87734375 0.01484375 0.05859375
0 0.8265625 0.04296875 0.0203125 0.04609375
0 0.6765625 0.74140625 0.0109375 0.04453125
0 0.934375 0.046875 0.01328125 0.059375
0 0.67890625 0.4921875 0.03515625 0.040625
0 0.66875 0.95234375 0.0125 0.0578125
5 0.80078125 0.4859375 0.0421875 0.02890625
0 0.82109375 0.31875 0.0390625 0.0265625
0 0.6296875 0.946875 0.0125 0.05703125
0 0.5640625 0.94453125 0.0125 0.05546875
0 0.8828125 0.1828125 0.0140625 0.04375
0 0.6140625 0.94453125 0.01328125 0.0578125
0 0.78125 0.2 0.0140625 0.05390625
0 0.59921875 0.94609375 0.01328125 0.05234375
0 0.5796875 0.946875 0.01171875 0.0515625
0 0.93203125 0.18046875 0.01796875 0.065625
0 0.47109375 0.76171875 0.015625 0.0609375
3 0.1546875 0.95625 0.07578125 0.08671875
0 0.6484375 0.94453125 0.0125 0.0640625
0 0.87421875 0.61171875 0.0421875 0.034375
5 0.91328125 0.02421875 0.0140625 0.0484375