0 0.4384437898154747 0.359375 0.042718121018452494 0.0359375
0 0.04910202680246943 0.51171875 0.03941111049510883 0.0328125
0 0.5642378482585624 0.9359375 0.02220819994353036 0.059375
5 0.5969535108056924 0.29375 0.04235409997176518 0.0296875
0 0.3982051976656302 0.3125 0.03766659997176518 0.0296875
0 0.5813160163497129 0.5890625 0.044462631541796326 0.0390625
0 0.6296731324594294 0.92578125 0.0238617052052021 0.0609375
0 0.5467773324735468 0.940625 0.028731215728545933 0.0640625
0 0.8727549605374613 0.01171875 0.023240078925077512 0.0234375
5 0.7997915425168978 0.4328125 0.04509966837349921 0.05
0 0.6485141377211013 0.92421875 0.0238617052052021 0.0609375
0 0.5802723719360857 0.92890625 0.025242194681858444 0.0578125
0 0.6400638718654985 0.8546875 0.022117194681858264 0.0578125
5 0.6325361530825938 0.47421875 0.04867969468185844 0.0578125
5 0.681320805529903 0.28046875 0.045661110495108834 0.0328125
0 0.7792045686840827 0.2765625 0.045661110495108834 0.0328125
0 0.7031972635777026 0.44140625 0.044280621018452496 0.0359375
5 0.7531972635777027 0.44140625 0.04740562101845249 0.0359375
0 0.6628250796309494 0.71875 0.024878173635170954 0.0515625
0 0.6686446271977575 0.92734375 0.027532736775233248 0.0703125
0 0.6212228666038268 0.85625 0.030475726251889414 0.0671875
0 0.6154741245669216 0.928125 0.027441731513561506 0.06875
0 0.5966786219360858 0.92890625 0.027168715728545755 0.0640625
0 0.5302345745810391 0.94296875 0.02735072625188941 0.0671875
0 0.4611946901966455 0.76015625 0.03249325256024882 0.075
3 0.1621902298709458 0.97109375 0.09086719468185844 0.0578125