3 0.07280165041956288 0.1871591115345143 0.12310745850815122 0.07880677693097135
5 0.7185288861211304 0.8696422750842597 0.04069677759440164 0.04240566861791066
3 0.7808276379720083 0.20648776923052714 0.052321361827499045 0.0721477107723885
3 0.3202447514731145 0.8430404311109427 0.17959425684847724 0.08225902985783762
5 0.5952456740884943 0.893025753810629 0.04933807178554286 0.05338862041330898
0 0.5556877732447241 0.3297263230924698 0.0339731809137497 0.0361193071815924
3 0.6695367856922788 0.30561613652057806 0.04692346680652086 0.06274543969514967
3 0.49967180373891085 0.1784228983262389 0.05542305103961844 0.09246930113146812
0 0.3504693222097501 0.4270563619272978 0.03721658008391256 0.03769998789975162
0 0.5871972983635481 0.9415314315037261 0.03373638257342364 0.032994307181592575
5 0.5457281583169473 0.7346501724285398 0.07159158008391273 0.03789997579950324
0 0.5511521319719456 0.8784319886853187 0.04069677759440164 0.04240566861791066
0 0.7933699850768676 0.588614468000863 0.03589087842423879 0.040815897540672094
2 0.747432029668994 0.03619955777076754 0.06361405933798814 0.07239911554153508
0 0.6680982205547206 0.6166990822658519 0.049598180913749526 0.03621021077238851
5 0.7929224670302355 0.7167985553348807 0.04081517676456485 0.04396816861791084
0 0.6464646319719456 0.8778774767814618 0.03901587842423861 0.04083407825883114
0 0.3290734545826809 0.7429449823406067 0.0729172817435865 0.03478406615858276
0 0.28815949897431475 0.4711881570086417 0.04034158008391255 0.037718168617910844
0 0.9131049124661322 0.7246968928652899 0.07208848755244546 0.02384656615858276
0 0.04829059295567448 0.3897346656910446 0.03927598755244536 0.023655668617910842
0 0.11703874772491489 0.28616423809614333 0.048390878424238615 0.040888620413308895
0 0.6472455433659485 0.19710419975229462 0.0308481809137497 0.03610112646343313
0 0.6376116954591187 0.9467092900131785 0.040578378424238795 0.040843168617910666
0 0.2544823159859727 0.4393387141902341 0.041904080083912554 0.037727258976990544
5 0.10658407055936489 0.808330129586691 0.043845088382282335 0.02212043969514994
5 0.6979326275990461 0.22650989862082643 0.034446777594401644 0.042369307181592396
0 0.984881886934712 0.4358611309614332 0.03023622613057597 0.03143180718159222
0 0.90398448590206 0.3980434892744937 0.0339731809137497 0.03611930718159231
3 0.9172372280278978 0.7895451880448296 0.11065408008391273 0.03812723477649342
0 0.7393631110023066 0.25753263964383605 0.03757177759440165 0.04238748789975162
5 0.6993230645360803 0.533668413647941 0.03612767676456467 0.0439408975406721
0 0.737486837981297 0.5834684257481895 0.03889747925407576 0.03927157825883114
0 0.0732887477249149 0.2864187681503726 0.046117983403260475 0.031504530054229284
0 0.09427944441021138 0.4809136567140541 0.05800267676456468 0.04406816256778665
0 0.6903940759579497 0.9831371485226306 0.03219719336130424 0.01268180718159222
3 0.9749356033286368 0.7492241941931498 0.050128793342726394 0.02865224082661797
3 0.9692757539486923 0.5664344200908488 0.0614484921026154 0.04419542759490121
0 0.7425905803076273 0.6920803564663488 0.0370981809137497 0.036137487899751616
0 0.6380327962657336 0.005222268543156073 0.03231559253146728 0.010444537086312145
0 0.684725923039587 0.4235485250842596 0.03745337842423861 0.04082498789975162
0 0.5682822776176236 0.9807211965308408 0.04623638257342346 0.033067030054229465
3 0.8079723236596426 0.32747698010111154 0.04633147095570607 0.054932939695149674