0 0.06796875 0.190625 0.05078125 0.0390625
0 0.57890625 0.34296875 0.0453125 0.0359375
0 0.1546875 0.19140625 0.03828125 0.03359375
0 0.6296875 0.259375 0.04609375 0.03515625
0 0.7015625 0.75703125 0.02421875 0.08671875
0 0.2328125 0.1921875 0.04375 0.03515625
0 0.0125 0.075 0.025 0.03671875
0 0.42578125 0.25703125 0.0421875 0.03203125
0 0.14609375 0.01328125 0.04765625 0.0265625
0 0.07421875 0.01953125 0.04921875 0.0390625
0 0.01640625 0.025 0.03203125 0.040625
0 0.2171875 0.01953125 0.0375 0.0390625
0 0.25078125 0.0765625 0.0375 0.0390625
0 0.3296875 0.19296875 0.04609375 0.03984375
0 0.484375 0.0890625 0.03359375 0.0421875
0 0.54296875 0.01015625 0.03515625 0.0203125
0 0.659375 0.07734375 0.0515625 0.04296875
0 0.80625 0.49609375 0.03125 0.08203125
0 0.9796875 0.35859375 0.040625 0.0453125
0 0.8625 0.00859375 0.0484375 0.0171875
5 0.703125 0.13046875 0.06171875 0.05625