3 0.66796875 0.60703125 0.0484375 0.12578125
3 0.74765625 0.2328125 0.07890625 0.05703125
3 0.9265625 0.31640625 0.1125 0.04296875
0 0.85546875 0.2296875 0.03828125 0.02890625
5 0.40078125 0.34453125 0.0390625 0.03984375
0 0.0421875 0.53515625 0.0375 0.04296875
0 0.5046875 0.44609375 0.03828125 0.03671875
5 0.11171875 0.66796875 0.04765625 0.0546875
5 0.265625 0.5921875 0.0453125 0.04921875
0 0.73671875 0.6953125 0.0234375 0.06484375
0 0.57578125 0.51796875 0.03359375 0.0328125
0 0.3265625 0.5640625 0.0375 0.0359375
0 0.50703125 0.546875 0.0375 0.0359375
5 0.3890625 0.5359375 0.040625 0.040625
0 0.5671875 0.47109375 0.03828125 0.03359375
5 0.22109375 0.43125 0.0390625 0.04375
0 0.44921875 0.45859375 0.03828125 0.03671875
0 0.671875 0.30859375 0.03359375 0.034375
0 0.51640625 0.48671875 0.0390625 0.034375
0 0.75703125 0.603125 0.01875 0.0640625
0 0.6875 0.78046875 0.02421875 0.0609375
5 0.93359375 0.26328125 0.04375 0.03046875
0 0.44609375 0.515625 0.040625 0.03828125
0 0.26015625 0.53984375 0.03671875 0.0390625
0 0.53125 0.34765625 0.03828125 0.034375
0 0.3171875 0.521875 0.04140625 0.04140625
0 0.34375 0.77734375 0.03671875 0.04453125
5 0.83046875 0.61015625 0.0359375 0.06875
5 0.56640625 0.42265625 0.04140625 0.03359375
0 0.98125 0.0125 0.0359375 0.02421875
0 0.2984375 0.44609375 0.0390625 0.0375
0 0.8125 0.2703125 0.0375 0.03203125
0 0.70390625 0.025 0.0171875 0.05
3 0.6765625 0.10078125 0.0234375 0.1359375
0 0.3796875 0.48828125 0.03671875 0.0328125
0 0.7078125 0.6640625 0.0203125 0.071875
5 0.7328125 0.43203125 0.0390625 0.0703125
0 0.64453125 0.1453125 0.015625 0.0796875
0 0.66875 0.00546875 0.01484375 0.0109375
5 0.70390625 0.1265625 0.01953125 0.08046875
5 0.20546875 0.98046875 0.03046875 0.03828125
5 0.44609375 0.86796875 0.0375 0.0484375
5 0.5328125 0.96875 0.0375 0.0625
0 0.29375 0.81484375 0.0453125 0.05390625
0 0.26328125 0.125 0.0296875 0.06171875
5 0.64375 0.034375 0.0171875 0.06796875
0 0.85625 0.03046875 0.03671875 0.0609375