3 0.9299483729697574 0.1600093714592215 0.1385909415580137 0.06409995735199914
0 0.22149889894433983 0.07053231802990771 0.028725017856907443 0.03470226400381802
3 0.7349077974783472 0.7997969354312227 0.09755683847375848 0.04018974267981754
0 0.4663544407406441 0.8974328147278609 0.038154564934808025 0.037936352005090865
0 0.682145667204989 0.41722933609163215 0.03185001785690744 0.03473862667090888
0 0.19687596346881558 0.7630738066915898 0.06277273538950343 0.01635225334181776
0 0.6920327305149442 0.6704179707590412 0.06304547077900687 0.03197725334181776
0 0.7718486899298652 0.7682020374363134 0.06924092370110628 0.02892497867599957
0 0.519793086438573 0.9160197300684061 0.03823638555165907 0.04262385200509087
0 0.9712980988218991 0.35735708613140305 0.057403802356201794 0.019477253341817758
0 0.642741842527653 0.710461168085587 0.06129205600635448 0.021021572008272392
0 0.7806922613607904 0.42462476010499517 0.03807274431795715 0.03324885200509069
0 0.9596583814878787 0.8328747067949941 0.06299092370110629 0.028852253341817756
0 0.19229360348470162 0.8137914220241808 0.06589773538950339 0.016388616008908487
0 0.0521093396882792 0.4794153273392725 0.025490923701106127 0.028415901336727244
5 0.5550623847342897 0.8781566507399512 0.035138659090609536 0.04414998933799978
0 0.7523587556787475 0.4571009054344044 0.034975017856907445 0.03477498933799979
0 0.12709965705871934 0.43498462201622645 0.028725017856907488 0.03470226400381797
0 0.7571452617645322 0.7313196554344044 0.08171365016215582 0.02750792934436319
0 0.8731481371699218 0.7990622334499946 0.06299092370110629 0.028852253341817756
5 0.21820589813026556 0.41886073002863505 0.02716251785690744 0.034684082670272606
0 0.8879166059236289 0.257937794119949 0.04435001785690744 0.0348840773392725
0 0.6878594736150854 0.7445730860916322 0.0691045560063543 0.02111247867599957
2 0.21168534253094826 0.22429311736154417 0.05229097727182861 0.13183180267345423
3 0.08875950040044653 0.7891539540101814 0.15049092370110612 0.02987040802036276
0 0.9317347897710047 0.2623531214592215 0.04111592370110628 0.028597714672181595
0 0.10542880316039005 0.7596664486791813 0.07839773538950343 0.016534066677272106
0 0.11806121671522644 0.8121465586807719 0.07214773538950339 0.01646134134309065
0 0.5640846030776645 0.9890101453691802 0.03799092370110611 0.021979709261639613
5 0.8561009590045888 0.7621525794477675 0.08500229139585755 0.03691929201145392
5 0.9512867739393969 0.8007525501272669 0.06932274431795733 0.03361247867599957
5 0.027342939119086328 0.6267534040022271 0.033248876623205435 0.02538180800445424
0 0.1568707520252996 0.5743652953532719 0.06013865909060954 0.04444089067472703
5 0.2070286647693571 0.49449652936027155 0.03508411201270878 0.041024989337999786
0 0.9075684070587193 0.4440661981221762 0.04752956493480838 0.03804544000636341
0 0.9405718218313716 0.45538550612663053 0.04588524431795733 0.03333975867281787