5 0.6380053828900749 0.2052262655104657 0.03947367688202626 0.05105975544788164
0 0.3297393077577536 0.5409352645020595 0.03290534190105419 0.04281021287323465
0 0.45194988878439285 0.5604497250295057 0.031279174904859805 0.04113845222957302
0 0.8731060112943444 0.7998714020364829 0.061956171939110405 0.029261165102807674
0 0.40716001772013505 0.736733719581624 0.029271005931498985 0.030091691585911205
0 0.8778399322448713 0.7798320536456371 0.05870383794672165 0.025917643815484226
0 0.4335938892415034 0.9532545840640131 0.031279174904859805 0.04113845222957302
0 0.8630956358186435 0.6033024046343729 0.06201983893530496 0.030823665102807672
0 0.8884073591268976 0.7319954871857768 0.049328837946721646 0.025262079953513705
5 0.24492927315734248 0.6995347323189728 0.03440417490485981 0.04135697351689629
0 0.9013357820545911 0.7031274420132397 0.05876750494291585 0.027480143815484227
0 0.7364203892786845 0.5779914121759415 0.05876750494291585 0.027480143815484227
5 0.38396525684572014 0.7868212008921907 0.03772017589344294 0.046262994804219915
0 0.8944809455907443 0.7175341494385928 0.06195617193911005 0.029261165102807674
5 0.2180763185949875 0.877856474273201 0.07184050790866543 0.042416728964778015
0 0.9484627914461313 0.6617647506794301 0.04008117193911005 0.02773151609154336
0 0.8113063482524827 0.7783134762900135 0.04926517095052709 0.023699579953513704
5 0.5910839619395478 0.22231557652244455 0.0409725098858317 0.04960651609154336
3 0.535051548860505 0.5975997997872394 0.06361151384016442 0.06988616510280768
5 0.33873898707405664 0.8776757938351547 0.06759867688202607 0.05302644703379258
5 0.0657007350968903 0.8679848115161819 0.06514483893530465 0.03104218639013112
0 0.9005691195070209 0.6834869313695779 0.05570617193911005 0.02882412252816078
0 0.8814888556668565 0.7479646946111298 0.055706171939110406 0.0288241225281606
0 0.8791623517125238 0.766605433967468 0.06520850593149916 0.03260468639013112
0 0.8738726738419146 0.8195119126801446 0.07152217292769336 0.034604228964778015
0 0.806697102701107 0.7568373140371973 0.06208350593149916 0.032386165102807674
0 0.6675563482524828 0.7682614970731338 0.04932883794672147 0.025262079953513705
0 0.7068893981759331 0.5336186993027068 0.061956171939110405 0.029261165102807497
0 0.12161515407025103 0.8609260643661735 0.07152217292769344 0.034604228964778015
0 0.08411249547701363 0.8199132982746302 0.04620383794672147 0.02504355866619008
0 0.2269830863894846 0.7938638865260171 0.03934634288963732 0.04793475544788155
0 0.2073908279865276 0.8324511391239072 0.05184634288963732 0.04880884059717552
0 0.1263092657429687 0.7264964340443426 0.05258117193911027 0.02860560124083733