5 0.76796875 0.3125 0.0375 0.028125
0 0.43828125 0.3171875 0.034375 0.0265625
0 0.38125 0.53984375 0.03203125 0.02734375
0 0.61484375 0.48046875 0.03515625 0.0265625
0 0.4578125 0.57109375 0.03125 0.02421875
5 0.71796875 0.309375 0.034375 0.0265625
0 0.90859375 0.57265625 0.0328125 0.02578125
5 0.83671875 0.425 0.03984375 0.0390625
0 0.03125 0.6546875 0.0359375 0.02890625
5 0.93046875 0.43203125 0.0375 0.02734375
0 0.39453125 0.646875 0.0296875 0.05234375
0 0.60703125 0.4359375 0.03125 0.0265625
0 0.73125 0.6 0.03125 0.02734375
0 0.56484375 0.95078125 0.0140625 0.0609375
0 0.6703125 0.9484375 0.01484375 0.0578125
0 0.9234375 0.04140625 0.0171875 0.0625
0 0.8125 0.3171875 0.0375 0.028125
0 0.54921875 0.953125 0.0140625 0.0609375
0 0.6765625 0.740625 0.0140625 0.0453125
5 0.946875 0.74609375 0.0171875 0.0609375
0 0.63046875 0.9484375 0.01328125 0.059375
5 0.63984375 0.56015625 0.03828125 0.028125
0 0.88984375 0.26640625 0.01796875 0.059375
0 0.61484375 0.94375 0.0125 0.04921875
0 0.646875 0.878125 0.015625 0.0625
5 0.85546875 0.32578125 0.03125 0.05703125
0 0.82109375 0.309375 0.03828125 0.02890625
0 0.53359375 0.95546875 0.0140625 0.05859375
0 0.77578125 0.19921875 0.0140625 0.05078125
0 0.9234375 0.18359375 0.01875 0.06484375
0 0.8765625 0.1828125 0.0140625 0.0421875
0 0.58125 0.94453125 0.0125 0.04375
0 0.6515625 0.946875 0.01328125 0.05859375
0 0.471875 0.759375 0.0171875 0.065625
0 0.62578125 0.87578125 0.01484375 0.05625
0 0.5984375 0.94765625 0.0171875 0.05546875
0 0.8203125 0.04453125 0.03125 0.04765625