3 0.41796875 0.4328125 0.04765625 0.15234375
0 0.20703125 0.4328125 0.03359375 0.02578125
0 0.1 0.36953125 0.0296875 0.0234375
0 0.1375 0.36796875 0.0296875 0.02421875
0 0.1671875 0.4375 0.02890625 0.02578125
0 0.11484375 0.4375 0.0265625 0.02109375
0 0.203125 0.39609375 0.02734375 0.0234375
0 0.10625 0.4015625 0.02421875 0.01953125
0 0.203125 0.36015625 0.02421875 0.021875
0 0.0203125 0.44375 0.02890625 0.0203125
0 0.459375 0.93671875 0.01796875 0.06640625
0 0.43984375 0.0484375 0.0140625 0.05546875
0 0.04609375 0.4046875 0.03359375 0.0265625
0 0.06796875 0.44296875 0.03046875 0.02421875
0 0.30234375 0.21015625 0.0265625 0.0515625
0 0.89921875 0.1921875 0.0265625 0.021875
0 0.34921875 0.7046875 0.01484375 0.05390625
0 0.39296875 0.01796875 0.01640625 0.0359375
0 0.78125 0.63359375 0.0125 0.0453125
0 0.71875 0.21015625 0.0265625 0.0203125
0 0.46484375 0.04453125 0.01328125 0.04765625
0 0.8359375 0.2828125 0.02578125 0.02109375
5 0.14765625 0.39921875 0.04140625 0.025
0 0.6109375 0.26015625 0.0265625 0.02421875
0 0.77265625 0.20390625 0.028125 0.025
0 0.37734375 0.02265625 0.0140625 0.0453125
0 0.7265625 0.31875 0.0328125 0.03046875
0 0.6875 0.23125 0.03046875 0.03671875
0 0.84453125 0.63359375 0.0125 0.04921875
0 0.03359375 0.3734375 0.03359375 0.025
0 0.81796875 0.2015625 0.02890625 0.02265625
5 0.93984375 0.19765625 0.03984375 0.0296875
0 0.98125 0.1859375 0.03515625 0.03046875
2 0.6359375 0.88828125 0.11171875 0.040625
0 0.61796875 0.540625 0.034375 0.03125
0 0.721875 0.41875 0.03046875 0.0515625
0 0.67578125 0.5375 0.03046875 0.028125
0 0.71171875 0.53515625 0.02890625 0.025
0 0.746875 0.51484375 0.01953125 0.05546875
0 0.765625 0.51328125 0.0125 0.053125
0 0.8328125 0.521875 0.0390625 0.03125
0 0.8796875 0.51875 0.03203125 0.034375
0 0.92890625 0.503125 0.01796875 0.0546875
0 0.99296875 0.621875 0.01328125 0.065625
0 0.9 0.62265625 0.0171875 0.06171875
0 0.86328125 0.63046875 0.01796875 0.06015625
0 0.82890625 0.6296875 0.0140625 0.059375
0 0.8125 0.6328125 0.015625 0.0609375
0 0.7953125 0.62734375 0.01796875 0.05625
0 0.72421875 0.6375 0.0140625 0.05703125
0 0.71015625 0.6421875 0.01640625 0.05546875
0 0.678125 0.6359375 0.01640625 0.05703125
0 0.659375 0.6359375 0.01484375 0.05859375
0 0.6421875 0.64140625 0.0140625 0.06015625
0 0.62578125 0.63828125 0.0140625 0.04296875
0 0.4078125 0.5546875 0.02265625 0.05625
0 0.35078125 0.41953125 0.03046875 0.053125