0 0.26875 0.41328125 0.0296875 0.025
0 0.7828125 0.459375 0.03359375 0.02734375
0 0.60234375 0.46953125 0.0328125 0.02578125
0 0.6375 0.63515625 0.03359375 0.02734375
0 0.27109375 0.45 0.03515625 0.02734375
0 0.1796875 0.49375 0.0328125 0.02578125
5 0.00703125 0.45546875 0.0140625 0.025
0 0.26171875 0.6171875 0.0328125 0.02578125
0 0.93125 0.14140625 0.0140625 0.059375
0 0.8234375 0.50234375 0.03671875 0.02734375
5 0.7171875 0.38671875 0.0375 0.02734375
0 0.44375 0.94921875 0.01328125 0.06171875
0 0.65703125 0.009375 0.009375 0.01875
0 0.81171875 0.4015625 0.03359375 0.028125
0 0.5453125 0.990625 0.01171875 0.01796875
0 0.4546875 0.81796875 0.02109375 0.06640625
0 0.47734375 0.9890625 0.01328125 0.02109375
0 0.4421875 0.99140625 0.01484375 0.0171875
0 0.6609375 0.8171875 0.0140625 0.04765625
0 0.62421875 0.94453125 0.01484375 0.06484375
0 0.60859375 0.94609375 0.01484375 0.06484375
0 0.51015625 0.99140625 0.015625 0.0171875
0 0.525 0.990625 0.0140625 0.01875
0 0.5609375 0.9890625 0.01484375 0.02109375
0 0.57578125 0.9890625 0.0171875 0.02109375
0 0.59375 0.9875 0.015625 0.025
0 0.609375 0.98984375 0.01875 0.01953125
0 0.62734375 0.9890625 0.01328125 0.02109375
0 0.7765625 0.284375 0.0140625 0.04765625
0 0.825 0.128125 0.02890625 0.053125
0 0.90078125 0.284375 0.01875 0.05859375
0 0.87734375 0.275 0.0125 0.05234375
0 0.9296875 0.27578125 0.02265625 0.07109375
5 0.89140625 0.3734375 0.02890625 0.0609375
0 0.8546875 0.39296875 0.04140625 0.05
0 0.96484375 0.6578125 0.0359375 0.034375
0 0.278125 0.76484375 0.0203125 0.0640625