5 0.43288754445670075 0.33977970740081687 0.04705909057054072 0.03961046360606986
5 0.7180416404039248 0.3195400978047417 0.043788541356328814 0.03633991439185813
5 0.7694949784932661 0.319597909839235 0.04080909057054054 0.039319365177646406
0 0.8124273411897132 0.32081796153464603 0.04542381596343468 0.037975188998963995
0 0.7593857702638797 0.2029733360179174 0.031108758891340217 0.06537244292790537
0 0.5719671610820892 0.3298867847367911 0.04393409057054054 0.03946491439185813
0 0.5050921842414531 0.3836795647205804 0.04393409057054054 0.03946491439185813
0 0.46207208436528757 0.43078785111451057 0.03761131596343468 0.03761131596343468
0 0.2903255169541108 0.4422775070293133 0.04200771753501122 0.03157963978475244
0 0.1313058895753553 0.5931207613725396 0.04891268899896399 0.04593323821317572
0 0.5624188407754284 0.4596277886657325 0.040736315963434674 0.037756865177646405
0 0.8833370006191725 0.2867019807650684 0.028129308105551587 0.06835189371369363
0 0.9231893668302764 0.4226416348178443 0.03434076674922295 0.03434076674922295
5 0.9078211162111037 0.17636594830007973 0.0233690334984459 0.06657106989237613
0 0.872313801695411 0.08350420615796258 0.03296235731976367 0.07169521753501129
0 0.8890453833746115 0.057778614139679926 0.02809076674922295 0.034049668320799586
0 0.7251736676971179 0.7572027636443419 0.02158820967712849 0.06181079528527036
0 0.5262117828747643 0.7869137266312393 0.03005568114108108 0.07623716832079949
0 0.6066014119061496 0.9679046495024075 0.026857906533975396 0.06419070099518506
0 0.6539258680686213 0.9012202832890491 0.042517139784752266 0.04251713978475209
0 0.709338960086904 0.8858714191448598 0.02983735731976367 0.0715496683207995
0 0.6237525246025968 0.9691589344485955 0.020389582712657627 0.061682131102809026
0 0.6414301761741733 0.9652441261359013 0.023732906533975397 0.06951174772819754
0 0.6576181023528557 0.963756670592602 0.023441808105551944 0.06813356989237604
0 0.6739151904421968 0.9621770539672134 0.019952935070022448 0.06017552067816467
0 0.6902486658350909 0.9609215761978185 0.023951230355292806 0.07815684760436312
0 0.7065821412279851 0.9605803207164364 0.02031680810555194 0.06798802067816467
0 0.7228792293173264 0.9590007040910479 0.025149857319763668 0.07133134449948172
0 0.7458629650493027 0.9656925631703945 0.02671235731976367 0.06861487365921093
3 0.2334378937091845 0.9729516565339754 0.08565070967712848 0.05409668693204921