0 0.19343341248144208 0.68152381468809 0.034450243102595035 0.03163180800445424
0 0.1568374932141367 0.683440303349772 0.035767081637205766 0.026962489337999784
0 0.15788101481086275 0.6139635973504083 0.03099769448207601 0.025345445337363513
0 0.21344161804479458 0.5716675566915898 0.032642081637205764 0.02692612667090888
0 0.15589911295641193 0.6506368940165447 0.026228307326946254 0.023728401336727066
0 0.20981532903521397 0.6067601720241808 0.03593085594746528 0.030087489337999783
0 0.2530640400256334 0.642398227363135 0.03256019448207601 0.025363626670908877
5 0.7351262675243962 0.6932923967615865 0.050320904567984215 0.03650112133990877
5 0.20566781885844865 0.7659897213558171 0.03773901741285455 0.034793170671545325
0 0.6673212918346557 0.6956265087523598 0.027790807326946165 0.02374658267027243
0 0.2510987483025193 0.604898227363135 0.03272396879233561 0.02848862667090888
0 0.08938439959114328 0.7669789620066816 0.040864017412854545 0.03482953333863605
0 0.26045713817118255 0.679180612030544 0.02787269448207601 0.02530908267027261
0 0.06371825700894662 0.6198948766709089 0.030915807326946276 0.023782945337363515
0 0.2588769487774892 0.5745385653644076 0.034122694482076096 0.02538180800445424
0 0.4131262782669884 0.32960896805377027 0.0233423247398008 0.058048857336090796
0 0.11112884554355737 0.6157619073440449 0.03741146879233552 0.028543170671545326
0 0.42266065128862396 0.16888055338954286 0.028439260515449583 0.06591590133672716
5 0.1987040886461524 0.6480118806890445 0.04514208163720577 0.027071577339272502
0 0.7797781897323777 0.33855999077017707 0.022851001809022265 0.048673857336090795
0 0.8417049796464694 0.3283497441119948 0.0217798247398008 0.05803067600254526
0 0.08915534825709082 0.6881181653405452 0.036012743102595036 0.031649989337999784
0 0.060255742309625535 0.6581124920034999 0.024665807326946277 0.023710220003181702
0 0.34232245533620986 0.31941580804422526 0.024822937584671044 0.05650453866963616
0 0.4534547071452321 0.3691169107256337 0.024577276119281777 0.05181703866963616
0 0.6622719436891066 0.6588713960852688 0.03584896879233561 0.028524989337999785
0 0.7930184961548128 0.3379332821053133 0.020135437584671047 0.056449994668999894
0 0.44571404398236225 0.9663186273869975 0.025232373360319825 0.06431703866963616
5 0.4001869442549334 0.4551629513844522 0.029919873360319826 0.06437158267027261
1 0.39085504635721147 0.8134294373806343 0.06798643939369331 0.10541475334181775
5 0.9969795174686255 0.7472826521323576 0.006040965062749137 0.03324885200509069
0 0.09672883084423628 0.6538522533418177 0.03889208163720579 0.02699885200509069
0 0.7936215202379296 0.7665849934356771 0.034286468792335614 0.028506808004454244
2 0.5917138664629149 0.10213959074631451 0.11701043758467104 0.05757723734881748
0 0.8100422218445532 0.3350082767743133 0.026631099050060315 0.0612102200031817
0 0.8257081654221181 0.3359713401097677 0.026631099050060315 0.0612102200031817
0 0.8590562539567289 0.33167473878099474 0.023506099050060313 0.0611738573360908
0 0.8963924796464694 0.32898609078608543 0.026631099050060315 0.0612102200031817
0 0.9873456100177656 0.32068378946526666 0.025308779964468897 0.0643352200031817
0 0.9476827419709413 0.44357584945890327 0.024904824739800803 0.05806703866963616
0 0.8964511126177277 0.4343912061186764 0.03905585594746519 0.03012385200509069
0 0.8529467740831169 0.43856962877940386 0.042262743102595125 0.031722714672181594
0 0.7835350327895442 0.45493896876985895 0.021452276119281778 0.051780676002545434
0 0.7672925570998037 0.45787306476763173 0.024577276119281777 0.05181703866963616
0 0.726670879126071 0.4425656907622229 0.0325601944820761 0.025363626670908877
0 0.7212253833099426 0.3386594407622229 0.024904824739800803 0.05806703866963616
0 0.7071628833099426 0.3384958087603139 0.024659163274411533 0.05337953866963625
0 0.676404206240721 0.347507182089405 0.0217798247398008 0.05803067600254534
0 0.658107907620202 0.34104809675363235 0.02474105042954129 0.05494203866963625
0 0.6418654319304615 0.3439821927514052 0.0217798247398008 0.05803067600254534
0 0.6246369883528967 0.34300094808240533 0.0244953889641522 0.05025453866963625
0 0.6353874598587657 0.4438458327498143 0.04218085594746519 0.030160214672181596
0 0.6908152662812007 0.44371002009067767 0.03272396879233561 0.02848862667090888
0 0.8459243266603647 0.7664128181094495 0.035848968792335255 0.028524989337999785
0 0.8924717780398458 0.7607082581158129 0.03584896879233561 0.028524989337999785
0 0.9719955037295863 0.7585105061266305 0.03757524310259512 0.03166817067154515
0 0.6784568656699455 0.7293293467536324 0.0356851944820761 0.025399989337999786