0 0.5606773026887895 0.9863892756331382 0.04587906603337366 0.02722144873372372
0 0.5837551973071511 0.7642817411580044 0.040864017412854635 0.035511602665567035
0 0.5038640586816834 0.9366902870805116 0.042508404567984215 0.03711956677218993
0 0.7294062912688288 0.9089303145941117 0.033044873360319825 0.0649263180258309
0 0.1921630823145743 0.4814271594086269 0.0471959045679843 0.03725595909205772
0 0.5717155427391669 0.7280487244649569 0.040864017412854635 0.035511602665567035
0 0.509062813770066 0.8572755717202476 0.04423467887824373 0.040290030878812645
0 0.3100709565794053 0.5730045571387713 0.0471959045679843 0.03725595909205772
0 0.5225011940277907 0.8904290525199177 0.04259029172311415 0.038682066772189924
0 0.2911837584792846 0.4507658442857898 0.04563340456798422 0.03721049498543501
0 0.5334919306872661 0.10288960009177757 0.03493492198083885 0.07122178213245363
0 0.5130243747150569 0.9775198755603135 0.04571529172311397 0.03877299498543536
0 0.6102059961548127 0.3461598784633075 0.033044873360319825 0.0649263180258309
0 0.4526402368825586 0.5248889690546805 0.042508404567984215 0.03711956677218957
0 0.36455706071784827 0.5558685329238765 0.044070904567984306 0.03716503087881229
0 0.13563087856024414 0.6381341489837856 0.0471959045679843 0.03725595909205772
0 0.486724146311783 0.9073293960142849 0.040864017412854635 0.03551160266556721
0 0.5580868962002412 0.2596169732113157 0.0311548247398008 0.05863085391920819
0 0.368656983264514 0.42571803167023525 0.04078213025772479 0.033949102665567034
0 0.5148613551544958 0.6702302127864744 0.033126760515449584 0.06648881802583091
0 0.6560828194242755 0.5815123567556951 0.03296298620519007 0.06336381802583091
0 0.24126232360814703 0.4656945108205527 0.040864017412854545 0.035511602665567035
0 0.1335626882620396 0.5093642913036536 0.040864017412854545 0.035511602665567035
0 0.41349252770116146 0.5370108843358021 0.044070904567984216 0.03716503087881229
0 0.6346803736990041 0.3070890182758931 0.02967421189493056 0.060147889812585564
0 0.6044638449777304 0.831969346330854 0.034450243102595125 0.03220474623907634
0 0.4849072665083433 0.024250123053031147 0.022939533016686654 0.020948997492717537
0 0.47336989597309864 0.6822839319076621 0.0311548247398008 0.05863085391920819
0 0.2578876588633975 0.5894275275136002 0.0471959045679843 0.03725595909205772
0 0.593246383987311 0.7965403116911178 0.040864017412854635 0.035511602665566855
0 0.4981242345077094 0.6783238576136249 0.02942855042954129 0.05546038981258548
0 0.5221880127746978 0.9964360454602887 0.03543953301668683 0.0071279090794224235
0 0.7026966270899061 0.8309273350480828 0.028193599050060313 0.061664925705962756
0 0.0501260685197644 0.5396989974927175 0.04571529172311406 0.038772994985435
0 0.6952028731331772 0.5093251196878189 0.02942855042954129 0.05546038981258548
0 0.09519622908064249 0.5215089386380866 0.040864017412854545 0.035511602665566855
0 0.33524253844375373 0.17512699828414036 0.033536196291098365 0.07430131802583091
0 0.7685838986866321 0.7634192377927921 0.03501680913596861 0.07278428213245362
0 0.4542480817487474 0.6895281305748785 0.0311548247398008 0.05863085391920819
0 0.12998730890882598 0.5006796130904083 0.03757524310259504 0.032295674452321774
3 0.8363446087725404 0.7763116943775674 0.05934842378986112 0.12029577962517113
5 0.6763211555840372 0.7295323196086766 0.03690685775648763 0.07907974623907635
0 0.8934212036387292 0.9425648316828706 0.026719630257724704 0.03353992570596276
0 0.5780906162357723 0.537119847584495 0.056318599050060314 0.062483279625171126
5 0.8160399163266293 0.37399067643087874 0.049004066033373664 0.04198892319868044
5 0.7527476209854707 0.23797896859246218 0.05171298620519007 0.06390938730530316
5 0.6983190705559293 0.18179115307391372 0.05869997060135788 0.07815374373179385
5 0.6015934774987628 0.06274798488979821 0.050061954997525505 0.09194345909205774
5 0.4914139733148913 0.1632898909997198 0.03986808344622794 0.07604567445232169
0 0.25216336555840374 0.07832254295300631 0.029346663274411534 0.05389788981258559
0 0.228971527023793 0.08232808135366608 0.03247166327441153 0.05398881802583093
0 0.20664282564431197 0.08791885180763721 0.035596663274411536 0.0540797462390763
0 0.4538608208946136 0.39933503958779404 0.04752345318850324 0.04350595909205772
0 0.4149587731786058 0.4161444548689156 0.04464411465389269 0.04810253087881229
0 0.5404223563976912 0.919812675639456 0.049413501809022264 0.04980142319868044
0 0.43409935605900696 0.6920620971887838 0.03830558344622812 0.07600021034569907
0 0.4151003725673503 0.7016500458560001 0.033536196291098365 0.07430131802583091
0 0.1791794826986871 0.620679876022532 0.05212906603337353 0.04207985141192587