0 0.03515625 0.39609375 0.03046875 0.02265625
0 0.06328125 0.35625 0.034375 0.025
0 0.21875 0.35078125 0.03046875 0.02578125
0 0.13203125 0.43125 0.03046875 0.0234375
0 0.61015625 0.29765625 0.02421875 0.01953125
0 0.453125 0.6375 0.01484375 0.04765625
0 0.38125 0.0140625 0.01484375 0.028125
0 0.61171875 0.33671875 0.03046875 0.02109375
0 0.0265625 0.4375 0.03046875 0.021875
0 0.17578125 0.3921875 0.03359375 0.025
0 0.6359375 0.37734375 0.0203125 0.01953125
0 0.45390625 0.7328125 0.015625 0.06328125
0 0.903125 0.20859375 0.03203125 0.02890625
0 0.7078125 0.40859375 0.025 0.0203125
0 0.41875 0.6828125 0.01484375 0.05546875
0 0.65234375 0.33828125 0.025 0.01953125
0 0.73046875 0.29375 0.03125 0.025
0 0.2984375 0.3296875 0.0359375 0.03515625
0 0.77734375 0.2140625 0.0296875 0.025
0 0.72421875 0.2171875 0.02890625 0.021875
0 0.82421875 0.21328125 0.034375 0.03203125
0 0.36328125 0.42109375 0.028125 0.02890625
0 0.3484375 0.7015625 0.01484375 0.05390625
0 0.615625 0.26640625 0.02734375 0.01875
0 0.39140625 0.37890625 0.03046875 0.025
0 0.671875 0.26640625 0.034375 0.0234375
0 0.90390625 0.4 0.03046875 0.028125
5 0.27578125 0.3890625 0.04140625 0.028125
0 0.271875 0.4265625 0.0296875 0.02421875
0 0.26484375 0.24609375 0.034375 0.03828125
1 0.371875 0.24609375 0.06015625 0.1078125
5 0.6671875 0.29375 0.04453125 0.0328125
5 0.9453125 0.20859375 0.0390625 0.02890625
5 0.9828125 0.2046875 0.034375 0.028125
5 0.69921875 0.371875 0.0359375 0.02421875
0 0.61953125 0.54765625 0.0328125 0.0265625
0 0.67734375 0.54609375 0.0296875 0.025
0 0.71171875 0.54375 0.03046875 0.02109375
0 0.75 0.5234375 0.01328125 0.05546875
0 0.7671875 0.52421875 0.0140625 0.05234375
0 0.88203125 0.534375 0.03515625 0.02578125
0 0.93203125 0.515625 0.0140625 0.0609375
0 0.99375 0.63828125 0.0125 0.0609375
0 0.9015625 0.6359375 0.01640625 0.0578125
0 0.8625 0.6390625 0.0171875 0.065625
0 0.84609375 0.64296875 0.01328125 0.05703125
0 0.8296875 0.6421875 0.01328125 0.059375
0 0.81328125 0.64609375 0.01484375 0.0578125
0 0.796875 0.640625 0.0140625 0.05546875
0 0.78359375 0.64375 0.0171875 0.053125
5 0.8375 0.53671875 0.0421875 0.028125
0 0.725 0.646875 0.0140625 0.0609375
0 0.7109375 0.64765625 0.0125 0.05
0 0.67890625 0.64296875 0.01328125 0.0546875
0 0.6625 0.64609375 0.0125 0.05234375
0 0.64296875 0.64921875 0.01328125 0.0625
0 0.6265625 0.6484375 0.015625 0.04296875
2 0.634375 0.89609375 0.1078125 0.04296875
0 0.5375 0.375 0.03203125 0.028125
0 0.53046875 0.41484375 0.03203125 0.028125