0 0.14913045081343945 0.6452388771748387 0.032976126463433085 0.03061138257342346
0 0.8529770925985748 0.447309601431315 0.032994307181592575 0.033736382573423464
0 0.48231058947531685 0.5488669043450332 0.034556807181592396 0.03385478174358667
5 0.9902038609453392 0.6024562748718874 0.019592278109321626 0.03458848755244546
0 0.2000798724564124 0.6702971541445405 0.0361102168225127 0.032410680913749525
0 0.38485328561337423 0.32177345331005913 0.02374657220870695 0.054900987552445366
0 0.1788866493873837 0.7891422425268229 0.03299430718159235 0.03373638257342364
0 0.7819884026088376 0.6050997132588141 0.03611930718159222 0.0339731809137497
0 0.6895554629136879 0.5698977642984324 0.031404536104353474 0.028930483403260432
0 0.6482219357863248 0.5855353423077526 0.03453862646343318 0.030729781743586492
0 0.9192156918364489 0.547805586284468 0.03611021682251305 0.032410680913749525
0 0.4079908037637468 0.2684349657576138 0.02374657220870695 0.054900987552445366
0 0.2944616524124458 0.771786953934759 0.032994307181592394 0.03373638257342364
0 0.7870258814334028 0.664900765748325 0.03610112646343318 0.030848180913749523
0 0.677623610356164 0.6685012076597368 0.026698855386194254 0.02545028589277152
0 0.5018752183746369 0.95615826347324 0.01726022287263689 0.013802390871793335
0 0.8853452067653678 0.6371291180280545 0.0361102168225127 0.032410680913749525
0 0.33562648701598885 0.5928089263403574 0.0361193071815924 0.0339731809137497
0 0.4256328217177277 0.34525757488582054 0.022138620413308985 0.04697008838228234
0 0.988191388170898 0.44554342404205033 0.02361722365820391 0.030137785892771517
0 0.9618213483541114 0.6164838086900664 0.0314227168225127 0.032055483403260435
0 0.2448948643631847 0.043970529869486755 0.02051248789975162 0.03591418921211931
0 0.5618213483541113 0.6467939962518005 0.03926248789975162 0.037334979254075584
0 0.8670254361791082 0.3094660593147663 0.03611930718159222 0.033973180913749526
0 0.8055516049934109 0.22189612695112415 0.02371930113146803 0.05021348755244537
0 0.7000242885402403 0.3541660205222098 0.0298602168225127 0.0319370842330974
0 0.8385292940993854 0.6508373431329452 0.0361102168225127 0.032410680913749525
0 0.7907442164297294 0.22927091906767288 0.02218407220870695 0.05478258838228234
0 0.6641231499765589 0.36313920143595935 0.032976126463433175 0.03061138257342346
0 0.6424748880727023 0.2694250902331602 0.02688066256778665 0.05670028589277143
0 0.4815763539132563 0.9600412026853592 0.017232951795398143 0.009114890871793336
0 0.7454817134046672 0.2412982450024006 0.023719301131468206 0.05021348755244537
0 0.8250692194547913 0.21807238732408635 0.02375566256778683 0.05646348755244537
5 0.6493208274732643 0.5057294431375896 0.0361193071815924 0.033973180913749526
0 0.3962423210303566 0.8015910078741625 0.029942030054229286 0.04599958423309758
2 0.5442408793902993 0.043172088783267656 0.11599770472226431 0.07282403859206377
0 0.7579817134046671 0.2403510516410964 0.02373748184962743 0.05333848755244537
0 0.7758913760706496 0.22883321118422165 0.02375566256778665 0.05646348755244537
3 0.3433304235878805 0.7079011300746239 0.05181703005422929 0.04765717261537983
0 0.9514408219141194 0.17566955454088143 0.022220433645025395 0.061032588382282336
0 0.7570828096174793 0.35453195081125943 0.02373748184962743 0.05333848755244537
0 0.7438515565924172 0.3641320937576451 0.023755662567786474 0.05646348755244537
5 0.8225623638722055 0.32455918566441244 0.0439408975406721 0.03612767676456467
0 0.6104618187908615 0.27497727322150217 0.02375566256778665 0.05646348755244537
0 0.8601800176593933 0.20759590599541836 0.02373748184962743 0.05333848755244537
0 0.3113612434588965 0.31796321430772123 0.02529998184962743 0.0534568867226084
0 0.6087180324901162 0.3782798719767467 0.0361193071815924 0.033973180913749526
0 0.5925385205862594 0.2841513636783769 0.022138620413308985 0.04697008838228234
0 0.6752373910977643 0.25834495765973664 0.02375566256778665 0.05646348755244537
0 0.6877328459182245 0.25661651429843246 0.02846134328594587 0.05994368506293437
0 0.9186424783335859 0.31493388669938643 0.030051114363184438 0.0647495842330974