3 0.12604227385597427 0.8603690534704104 0.15689180913596856 0.08258254307884982
3 0.48530341417892264 0.11099602824781438 0.074400213703953 0.11261996832111634
3 0.4473054471956095 0.128577012156271 0.0773614393936933 0.10971348960843982
3 0.0887736521931351 0.19379891250491763 0.15376680913596857 0.08236402179152655
0 0.7038286798942966 0.76066216452173 0.029926517412854636 0.036341691585911204
5 0.5745893164835995 0.9532270869140047 0.03181656603337366 0.04270095222957302
0 0.7724813461093843 0.46656223927946366 0.030008404567984214 0.037904191585911205
5 0.7300348965389256 0.5180811806132735 0.033379066033373664 0.04281021287323483
0 0.6923545120973292 0.5862795235562374 0.029926517412854636 0.036341691585911204
0 0.5318132440071063 0.0924534778794973 0.03477779172311415 0.039794473516896446
5 0.1804532191310198 0.2648158888718056 0.07663774310259504 0.03649451089576328
0 0.2923102464934971 0.5723166684570022 0.03930151741285446 0.036997255447881724
0 0.7270050717991248 0.4602686806132734 0.03009029172311415 0.03946669158591121
5 0.6877245658062309 0.5127873932344065 0.033379066033373664 0.04281021287323465
0 0.36462898179417597 0.6155146474217805 0.033133404567984304 0.038122712873234835
0 0.6176455184289074 0.7499653291203346 0.03165279172311415 0.03957595222957302
0 0.5550736815917773 0.1501238662470999 0.03658595318850324 0.04459123416055819
0 0.2668499010614813 0.606342107192922 0.042426517412854546 0.037215776735205174
0 0.3159779613291037 0.2812981845485457 0.06849769448207602 0.02969820767745457
0 0.6987483542499847 0.6785762841998991 0.033379066033373664 0.04281021287323483
0 0.4198554765942516 0.050375602501344985 0.03634029172311415 0.03990373416055817
0 0.6788541768420788 0.46235035065975955 0.02992651741285446 0.036341691585911204
5 0.5516155681810802 0.35148427045414427 0.07277575870642732 0.02221348960843983
5 0.6221581987774891 0.6132847839477975 0.07442014586155707 0.023885250252101642
0 0.9741611962910983 0.22722585971393744 0.05167760741780327 0.02915190445914586
0 0.9842161666095428 0.5864533942428126 0.03156766678091429 0.03957595222957302
3 0.05650554330499373 0.513794702229573 0.06084896879233552 0.032276904459146036
5 0.2884228493887446 0.3050581126408036 0.07647396879233552 0.033369510895763274
0 0.056984741632256995 0.21103568898802116 0.059286468792335546 0.032167643815484225
0 0.9125784808896646 0.6297010136688803 0.033215291723114146 0.039685212873234656
0 0.39228483378491236 0.32633181512247816 0.06192014586155699 0.023011165102807672
0 0.6982769634768102 0.5804665661308843 0.029926517412854636 0.036341691585911204
5 0.7338581801214392 0.3385411460843981 0.07293953301668683 0.02533848960843983
5 0.46788354081860284 0.04595018245485877 0.0356851944820761 0.02740373416055817
4 0.045004799297887546 0.4577250186894334 0.043825243102595036 0.03420003737886681
0 0.12458491519497553 0.7582984550795645 0.04522396879233552 0.031184298022528624
0 0.11360539235505404 0.5785016944359028 0.05492651741285455 0.03808986188449896
5 0.04209780529078135 0.4022562686894334 0.04333392017181652 0.02482503737886681
5 0.04287241123824664 0.4318891383676025 0.04201708163720578 0.029403276735204997