0 0.40625 0.56953125 0.03515625 0.034375
0 0.509375 0.5265625 0.04140625 0.03828125
0 0.5671875 0.5015625 0.028125 0.02890625
0 0.87578125 0.5828125 0.03046875 0.04765625
0 0.78828125 0.721875 0.0296875 0.06484375
3 0.67109375 0.04921875 0.0296875 0.0984375
0 0.28984375 0.6234375 0.03359375 0.0359375
0 0.8890625 0.33125 0.03828125 0.03359375
0 0.3671875 0.5421875 0.0375 0.0421875
0 0.5703125 0.4484375 0.040625 0.0375
0 0.51015625 0.475 0.03828125 0.0359375
0 0.259375 0.17109375 0.0296875 0.0640625
0 0.215625 0.671875 0.03671875 0.04140625
5 0.728125 0.50234375 0.03359375 0.06953125
0 0.44765625 0.50703125 0.03984375 0.03671875
0 0.65703125 0.834375 0.021875 0.06328125
0 0.69453125 0.9390625 0.02578125 0.06015625
0 0.278125 0.58359375 0.03671875 0.03984375
0 0.56640625 0.55625 0.040625 0.0390625
0 0.69609375 0.628125 0.01953125 0.05546875
0 0.7578125 0.65625 0.02265625 0.07890625
0 0.64140625 0.1578125 0.0171875 0.084375
0 0.7171875 0.84296875 0.02421875 0.0640625
0 0.70078125 0.1515625 0.01640625 0.0703125
0 0.3484375 0.59609375 0.03828125 0.0390625
0 0.35078125 0.82890625 0.03515625 0.0453125
3 0.703125 0.04453125 0.0234375 0.0890625
5 0.4515625 0.55390625 0.04140625 0.03828125
0 0.9796875 0.0109375 0.03515625 0.021875
0 0.5578125 0.1328125 0.0296875 0.06171875
0 0.234375 0.4234375 0.03671875 0.04296875
3 0.640625 0.034375 0.021875 0.06796875
0 0.80078125 0.3671875 0.0375 0.0546875
5 0.125 0.02734375 0.0359375 0.03515625
5 0.19453125 0.97265625 0.0421875 0.0546875
0 0.30390625 0.86796875 0.04609375 0.0609375
5 0.459375 0.9125 0.040625 0.04921875
5 0.7453125 0.73984375 0.025 0.07421875
0 0.67109375 0.15859375 0.01640625 0.084375
0 0.71640625 0.9765625 0.0203125 0.046875