3 0.903125 0.4703125 0.08203125 0.04765625
3 0.73046875 0.13515625 0.053125 0.19765625
0 0.1234375 0.496875 0.0375 0.04375
5 0.42421875 0.56328125 0.0453125 0.04765625
0 0.5734375 0.5046875 0.03359375 0.034375
0 0.8984375 0.284375 0.0375 0.0296875
5 0.7171875 0.846875 0.03203125 0.084375
0 0.5671875 0.4515625 0.03125 0.03359375
0 0.57265625 0.553125 0.0296875 0.03046875
0 0.92734375 0.32578125 0.03046875 0.02578125
0 0.984375 0.01953125 0.03125 0.0296875
0 0.8765625 0.23828125 0.0421875 0.03203125
5 0.7515625 0.7375 0.03359375 0.090625
0 0.353125 0.5953125 0.0390625 0.034375
0 0.6515625 0.0453125 0.01640625 0.07265625
0 0.603125 0.97109375 0.0265625 0.05546875
0 0.72890625 0.64765625 0.01953125 0.075
0 0.49609375 0.5359375 0.040625 0.040625
5 0.7125 0.9484375 0.0328125 0.0796875
0 0.9421875 0.240625 0.03984375 0.02890625
0 0.2625 0.1625 0.02890625 0.065625
0 0.309375 0.8625 0.03984375 0.05078125
5 0.9734375 0.33125 0.03984375 0.03046875
0 0.69296875 0.93515625 0.0234375 0.05390625
3 0.65703125 0.9453125 0.04921875 0.10546875
0 0.9453125 0.2859375 0.03046875 0.02578125
3 0.8859375 0.58203125 0.05234375 0.07578125
0 0.3515625 0.815625 0.0359375 0.0453125
0 0.9921875 0.28359375 0.015625 0.0296875
5 0.13359375 0.01640625 0.0375 0.0328125
5 0.4578125 0.90625 0.03984375 0.0625
0 0.76171875 0.62421875 0.02265625 0.0640625