3 0.20809785730220237 0.9259780056995833 0.16305327792830412 0.10367312670923638
5 0.7027973671402834 0.5296198844055897 0.04168288896415202 0.05090918977951375
0 0.7617895075747735 0.4015299455760063 0.03642217887824373 0.0398625870059723
0 0.7147927561044355 0.5794016788585064 0.03806656603337366 0.04146145459715278
5 0.7416186069635181 0.6882857163775689 0.03831222749876275 0.04614895459715278
5 0.7452737149471483 0.3401203201010411 0.041355340343632994 0.04465918977951393
0 0.2514684040021574 0.23115450854937478 0.0735946302577248 0.03448540919430556
0 0.025302051672736737 0.30368804445291664 0.021124727498762808 0.04574891109416672
5 0.6953113364984459 0.35692726681440917 0.041519114653892686 0.04778418977951393
5 0.4243559481001206 0.11214666935920103 0.04785100180902226 0.049492160144236144
0 0.9568043571906607 0.2569765925181242 0.050320904567984215 0.03706489532659729
0 0.7679443323145743 0.45926971039364517 0.03814845318850324 0.04302395459715278
0 0.7253075322237172 0.6307823409026037 0.033051517412854635 0.03510235182361114
5 0.05323894391624915 0.22481750883371526 0.06948034034363304 0.04531380642076392
0 0.30492311114738957 0.5944169215434025 0.04596095318850324 0.043205792553055566
5 0.7157776447299032 0.4041652895158328 0.041519114653892505 0.04778418977951393
0 0.28813840287050363 0.6323533326375692 0.04596095318850324 0.043205792553055566
5 0.7461788749421995 0.5215703418525341 0.03979284034363317 0.044622822188333446
0 0.474359270126388 0.09612097264583294 0.047769114653892684 0.04792966014423614
5 0.7332384616677879 0.4686817311952078 0.03987472749876275 0.04618532218833345
0 0.38259108774164124 0.6137286595755553 0.03962906603337357 0.04149782218833344
0 0.9722323626177276 0.4021072545622214 0.03971095318850324 0.043060322188333444
0 0.9114044052453529 0.4653170758006243 0.041355340343633175 0.04465918977951393
5 0.3865626990046318 0.13727460913871498 0.0462066146538926 0.047893292553055564
0 0.4444770183173657 0.04831990549149269 0.04456222749876275 0.04629442496187504
0 0.13085816937884703 0.6461827093468054 0.05541784034363304 0.044986498100139015
0 0.3984208898686632 0.0650359332269094 0.036258404567984306 0.03673758700597225
0 0.5178989874483856 0.30004475323104124 0.0687433559474652 0.03125130642076392
0 0.9029490168470277 0.2144267230270826 0.07038774310259513 0.0328501740119445
0 0.6860735345985665 0.47916594272621466 0.03798467887824373 0.03989895459715278
5 0.033203082880401205 0.27534483890583333 0.03987472749876281 0.04618532218833336
0 0.9243493040475859 0.13023290777260338 0.04514208163720568 0.027580792553055566
0 0.22045733717581434 0.8185285284010068 0.04908595318850324 0.04327852773541672
0 0.7912435549520971 0.1575792706141313 0.07195024310259512 0.032886541603125076
0 0.10501272161741064 0.7500350611704165 0.050157130257724794 0.03393989532659738
3 0.07186162765573298 0.6100101264248957 0.05977779172311404 0.03884560087368065
0 0.17876116010659288 0.8288854533628818 0.048758404567984304 0.03702852773541672
0 0.6558969544316987 0.2764955376159717 0.0639739687923356 0.02957970364722229
0 0.4962353493887447 0.2747362819163885 0.06553646879233561 0.029616071238402774
0 0.353653944482076 0.01679910818878443 0.03363137155129756 0.016388719414791697
0 0.82177758197589 0.23274227156406183 0.0687433559474652 0.03125130642076392
3 0.6653682089542545 0.39751655243361056 0.05154921189493056 0.0605023953265972
5 0.3225831654221182 0.31945263592420114 0.088230340343633 0.04575021751493065
3 0.7853520810713789 0.20934179236562436 0.11816350180902227 0.05112870174736121
5 0.7306026260738532 0.11988055528340218 0.0751571302577247 0.03452177678548614
4 0.04489965795888629 0.5582300740881945 0.03264208163720578 0.027289851823611145
5 0.1654700282669884 0.32154507883784705 0.08387038896415203 0.05189111474138901