3 0.375 0.9418475544788164 0.0921875 0.09550887797604232
3 0.40859375 0.2934154083175437 0.090625 0.1000871173323806
0 0.5609375 0.7735995710745629 0.0375 0.04324725544788173
0 0.45546875 0.9630994776273958 0.0390625 0.04648151609154354
0 0.628125 0.8486102787520174 0.0546875 0.039761622528160956
0 0.53203125 0.5106407491668208 0.046875 0.04702781930985189
0 0.17890625 0.6429790936992686 0.065625 0.042088947033792935
5 0.9140625 0.8100112265421149 0.0828125 0.041728314114072164
0 0.33984375 0.7557954399964274 0.0671875 0.03751070767745457
0 0.90703125 0.41420705364563715 0.06875 0.0469949683211162
0 0.253125 0.711450224273201 0.06875 0.0407449683211162
3 0.84609375 0.8224458885428294 0.1421875 0.0646302185732182
0 0.915625 0.8710579871857768 0.053125 0.03027736188449879
0 0.28671875 0.6927055781119285 0.075 0.042744510895763276
5 0.81640625 0.8422449363132565 0.0796875 0.041509792826748534
0 0.1375 0.6439899366422328 0.0625 0.04030792574646931
0 0.25234375 0.3067080939513702 0.05 0.04880884059717552
5 0.08671875 0.1201264657232263 0.0265625 0.028419930942249483
5 0.1421875 0.38025521857321787 0.06875 0.05480746832111638
0 0.22421875 0.253960152365459 0.0609375 0.055823665102807674
0 0.81328125 0.7748389150259332 0.084375 0.04340007475773362