0 0.01171875 0.28984375 0.0234375 0.01953125
0 0.1078125 0.34609375 0.02578125 0.01953125
0 0.01171875 0.2453125 0.0234375 0.01953125
0 0.01015625 0.203125 0.0203125 0.0203125
0 0.16171875 0.2953125 0.02109375 0.01953125
0 0.18984375 0.1140625 0.02421875 0.01953125
0 0.01171875 0.26875 0.0234375 0.01875
0 0.065625 0.19375 0.02421875 0.01953125
0 0.86953125 0.69453125 0.025 0.01953125
0 0.596875 0.6828125 0.02734375 0.0203125
0 0.50234375 0.584375 0.0265625 0.02109375
0 0.0109375 0.16015625 0.02109375 0.021875
0 0.24140625 0.72421875 0.02578125 0.01953125
0 0.19140625 0.20390625 0.02265625 0.01875
0 0.19375 0.2453125 0.0234375 0.0203125
0 0.01328125 0.33671875 0.0265625 0.01875
0 0.11640625 0.4015625 0.02578125 0.021875
0 0.10234375 0.14921875 0.025 0.01875
0 0.103125 0.21484375 0.025 0.01953125
0 0.0640625 0.153125 0.02109375 0.01796875
0 0.1 0.07890625 0.0265625 0.0203125
0 0.15546875 0.0515625 0.02265625 0.01875
0 0.009375 0.09140625 0.01796875 0.02109375
0 0.0125 0.3140625 0.025 0.01796875
0 0.18828125 0.0921875 0.02421875 0.0203125
0 0.15859375 0.1640625 0.02421875 0.01953125
0 0.1015625 0.16953125 0.02421875 0.01953125
0 0.19140625 0.13828125 0.025 0.02109375
0 0.0984375 0.03671875 0.02421875 0.01953125
0 0.25703125 0.353125 0.0203125 0.0203125
0 0.06953125 0.35 0.0265625 0.02109375
0 0.50625 0.5421875 0.02578125 0.02734375
0 0.06953125 0.3296875 0.025 0.01875
0 0.2546875 0.30625 0.01875 0.01953125
0 0.1984375 0.290625 0.025 0.01953125
0 0.16171875 0.34140625 0.021875 0.01953125
0 0.10625 0.32578125 0.02421875 0.01875
0 0.1078125 0.30078125 0.025 0.01953125
0 0.25546875 0.33203125 0.01875 0.01875
0 0.0625 0.06328125 0.021875 0.01875
0 0.259375 0.37890625 0.021875 0.01875
0 0.06484375 0.10703125 0.02265625 0.01875
0 0.1578125 0.14296875 0.02265625 0.01875
0 0.23203125 0.6421875 0.02578125 0.0203125
0 0.10546875 0.28046875 0.0234375 0.01953125
0 0.0640625 0.12734375 0.02265625 0.01953125
0 0.19609375 0.315625 0.02265625 0.01875
0 0.10234375 0.125 0.02578125 0.01953125
0 0.1578125 0.11796875 0.0234375 0.01953125
0 0.2546875 0.2859375 0.0203125 0.01953125
0 0.15390625 0.028125 0.0203125 0.01796875
0 0.171875 0.37734375 0.021875 0.01875
0 0.20078125 0.3375 0.025 0.01796875
0 0.1046875 0.2359375 0.02265625 0.01796875
0 0.015625 0.3796875 0.02109375 0.01796875
0 0.1609375 0.25390625 0.0234375 0.01875
0 0.85234375 0.72265625 0.01875 0.0171875
0 0.0671875 0.2390625 0.025 0.01875
0 0.16015625 0.22890625 0.02421875 0.0203125
0 0.06953125 0.3046875 0.02421875 0.01875
0 0.1625 0.3203125 0.02265625 0.01796875
0 0.18671875 0.0234375 0.02265625 0.02109375
0 0.11015625 0.70703125 0.0265625 0.01953125
0 0.0984375 0.01484375 0.02578125 0.01875
0 0.0609375 0.0421875 0.02265625 0.01875
0 0.065625 0.175 0.0234375 0.01953125
0 0.42578125 0.92734375 0.01015625 0.04609375
0 0.06640625 0.21796875 0.0234375 0.01875
0 0.2453125 0.128125 0.0203125 0.01953125
0 0.19296875 0.1796875 0.02421875 0.01953125
0 0.153125 0.00859375 0.02265625 0.0171875
0 0.18515625 0.00546875 0.0234375 0.0109375
0 0.23984375 0.01796875 0.015625 0.01875
0 0.05234375 0.40625 0.028125 0.03046875
0 0.15546875 0.096875 0.0203125 0.01875
0 0.06015625 0.01796875 0.02109375 0.01953125
0 0.1328125 0.96953125 0.028125 0.03671875
0 0.0078125 0.0234375 0.01484375 0.01875
0 0.0578125 0.45546875 0.0109375 0.04609375
0 0.06875 0.28359375 0.025 0.01953125
0 0.0078125 0.00703125 0.015625 0.0140625
0 0.253125 0.26484375 0.01953125 0.01796875
0 0.25859375 0.39921875 0.025 0.0203125
0 0.1578125 0.20703125 0.021875 0.01875
0 0.240625 0.0421875 0.01640625 0.01796875
0 0.121875 0.44921875 0.0109375 0.04296875
0 0.15546875 0.0734375 0.02265625 0.01875
0 0.1609375 0.275 0.01796875 0.01640625
0 0.0625 0.08359375 0.021875 0.01953125
0 0.009375 0.0671875 0.01796875 0.02265625
5 0.4234375 0.3171875 0.0140625 0.05546875
0 0.88359375 0.6265625 0.02421875 0.01953125
0 0.13515625 0.44765625 0.0109375 0.04296875
0 0.2359375 0.43828125 0.009375 0.04296875
0 0.015625 0.4203125 0.02734375 0.01640625
0 0.15703125 0.1875 0.0203125 0.01796875
0 0.08671875 0.45078125 0.0109375 0.04375
0 0.19296875 0.159375 0.025 0.01875
0 0.225 0.4421875 0.01015625 0.04296875
0 0.15703125 0.44609375 0.009375 0.04140625
0 0.1953125 0.4421875 0.01015625 0.04140625
0 0.17265625 0.44453125 0.0109375 0.04375
0 0.24453125 0.0625 0.0171875 0.01875
0 0.184375 0.44140625 0.009375 0.0421875
0 0.0078125 0.0484375 0.015625 0.021875
0 0.059375 0.00390625 0.021875 0.0078125
0 0.2109375 0.44140625 0.01015625 0.0421875
0 0.18828125 0.04765625 0.025 0.01953125
0 0.009375 0.11328125 0.01875 0.02109375
0 0.24609375 0.0828125 0.021875 0.02421875
0 0.01484375 0.3984375 0.02421875 0.01640625
0 0.10703125 0.2546875 0.02265625 0.01875
5 0.4265625 0.98515625 0.01015625 0.0296875
5 0.01328125 0.3546875 0.025 0.01796875
0 0.009375 0.13359375 0.01875 0.02109375
0 0.01171875 0.2234375 0.02265625 0.01796875
0 0.0109375 0.1796875 0.021875 0.021875
0 0.06796875 0.26015625 0.02578125 0.02109375
0 0.10078125 0.19140625 0.0234375 0.02265625
0 0.09765625 0.09921875 0.0296875 0.021875
0 0.09765625 0.05546875 0.0296875 0.01875
0 0.19609375 0.26640625 0.0234375 0.01328125
0 0.19453125 0.2234375 0.0265625 0.0171875
0 0.19140625 0.071875 0.0265625 0.0234375