5 0.4879042824841376 0.16008204316545593 0.027817465153609788 0.037950285892771426
5 0.7140823804847046 0.3447450761584423 0.03412202885594055 0.03998638257342346
0 0.41059524881887366 0.11058968341254927 0.027762901451278844 0.03638778589277143
5 0.7053646341129017 0.4297945823822197 0.03261409255827132 0.04143048340326061
0 0.7066345013507623 0.622348935286649 0.02937996515360979 0.03806868506293455
5 0.48114336179556505 0.10035184565496684 0.029598219962933214 0.04431868506293446
0 0.06843011850380507 0.44230682178554287 0.06159226442797028 0.023367567636357833
0 0.07146829454985518 0.3061800676363579 0.06310020072563942 0.021923466806520953
0 0.44696925843752044 0.1258128643262988 0.027599210344286362 0.03170028589277143
0 0.07890631623421959 0.4968642672214395 0.06493551923729368 0.029854365976683894
0 0.9757738155164294 0.17147813259664543 0.048452368967141266 0.021094672615379784
0 0.1443254411918106 0.33975142946385706 0.061537700725639424 0.021805067636358012
0 0.07593259445718795 0.41170801722143946 0.056795637023308566 0.01988737012586892
0 0.9776016995445131 0.2800718825966454 0.044796600910973795 0.02890717261537983
0 0.06866573148049651 0.42674102137062436 0.055233137023308565 0.019768970955705713
0 0.14107395561978084 0.35820543153844947 0.06164682813030113 0.02493006763635792
0 0.43122530670039083 0.8352344859020601 0.03272321996293322 0.04455548340326061
0 0.8376959513586115 0.20295050769689177 0.04585813702330839 0.019058575934727706
0 0.07517613710812657 0.34542016639160245 0.056795637023308566 0.01988737012586883
0 0.07460570743387938 0.3960238176363579 0.05054563702330857 0.019413773445216796
5 0.6664856725874891 0.47671620395798103 0.03261409255827132 0.04143048340326061
0 0.7051761172378607 0.2458931790628717 0.03261409255827132 0.04143048340326043
5 0.45440230172143126 0.1824772614218694 0.034176592558271324 0.041548882573423464
0 0.4393230049789594 0.6878033788484459 0.02625496515360979 0.03783188672260849
0 0.07389637930357826 0.3757113176363579 0.053670637023308564 0.01965057178554286
0 0.07689240453132173 0.327629015146847 0.06164682813030113 0.02493006763635792
0 0.4067014779371174 0.6907857462750224 0.03110615626060227 0.0428745842330974
0 0.08057296523842769 0.3660878639020916 0.056795637023308566 0.01988737012586892
0 0.277182581210344 0.32878080851279556 0.047420637023308565 0.019176975104890737
0 0.43916180307219366 0.7501257800932013 0.0261458377489479 0.034706886722608486
0 0.8232192783077863 0.301588917240017 0.05528770072563951 0.021331470955705888
3 0.06431062521204503 0.8152231809137496 0.07438493030721938 0.07732136182749905
0 0.2607837988110244 0.5285673209603502 0.07113095553496285 0.028765462657336018
5 0.4226662068009072 0.30006658050811985 0.03423115626060227 0.043111382573423465
0 0.7864509098887993 0.1858212846665935 0.06499008293962447 0.031416865976683986
0 0.8531374128840241 0.15425289856868502 0.05857639183263217 0.02625576929603186