5 0.71015625 0.5094791765470704 0.053125 0.04311480032431163
5 0.22734375 0.29446920008272554 0.0828125 0.037382997564368026
0 0.5390625 0.4265281290621328 0.0359375 0.03812729139585791
0 0.659375 0.004524264206754795 0.028125 0.00904852841350959
0 0.4828125 0.432197476464345 0.0375 0.038154564934808025
0 0.4234375 0.4855776209444579 0.0375 0.0444045649348082
0 0.4453125 0.4164457913991531 0.034375 0.03810001785690744
0 0.52109375 0.48856052476006157 0.0359375 0.03812729139585791
5 0.32890625 0.2333214200509534 0.078125 0.026363676947516977
0 0.1421875 0.6943931079555191 0.05 0.039935253246410875
0 0.0125 0.36384431168839726 0.025 0.025436376623205435
0 0.08046875 0.3353141627440575 0.0578125 0.03069662094116259
5 0.12109375 0.29788630073134864 0.075 0.0325591298696164
5 0.75078125 0.11580131453436164 0.021875 0.03475682954530477
0 0.1796875 0.6492072930207109 0.04375 0.03670115909060954
0 0.465625 0.4903099853927987 0.040625 0.04289661201270896
0 0.9671875 0.002619070620146306 0.028125 0.005238141240292612
5 0.1453125 0.24980731087761837 0.075 0.03724662986961631
0 0.83203125 0.7143830905089439 0.0625 0.030778441558013726
5 0.66015625 0.06738317979348137 0.03125 0.0411704707790068
5 0.70546875 0.11893599716392149 0.028125 0.042678423701106104
5 0.984375 0.8375051704612858 0.03125 0.04117047077900686
5 0.0921875 0.5452658612019299 0.053125 0.04311480032431163
5 0.03671875 0.32826532183466706 0.0734375 0.037219356330665934
5 0.36015625 0.2609009492719466 0.071875 0.02469208279171564
0 0.23828125 0.25834078531007315 0.0734375 0.027844356330665933
0 0.75 0.07050245130383681 0.028125 0.03799092370110611
0 0.85859375 0.4068881903467882 0.0734375 0.03253185633066593