3 0.865625 0.03984375 0.059375 0.0796875
0 0.4765625 0.44140625 0.03828125 0.034375
0 0.7125 0.30625 0.02890625 0.05859375
0 0.40703125 0.50859375 0.0375 0.034375
5 0.690625 0.746875 0.0296875 0.07578125
0 0.875 0.21640625 0.0390625 0.03046875
0 0.75390625 0.6125 0.021875 0.06875
0 0.2671875 0.56953125 0.03359375 0.03359375
0 0.51640625 0.1890625 0.0328125 0.04921875
0 0.36875 0.4703125 0.03828125 0.03515625
0 0.70703125 0.12734375 0.0140625 0.0515625
0 0.9859375 0.009375 0.028125 0.01796875
0 0.87734375 0.26015625 0.040625 0.0296875
0 0.70703125 0.025 0.01328125 0.05
5 0.56875 0.4109375 0.040625 0.0359375
0 0.3421875 0.759375 0.0375 0.04296875
0 0.65 0.1484375 0.0171875 0.06953125
0 0.04609375 0.69609375 0.040625 0.04296875
0 0.26484375 0.1015625 0.028125 0.0640625
3 0.6796875 0.0734375 0.028125 0.146875
0 0.29921875 0.7953125 0.040625 0.04765625
5 0.653125 0.05078125 0.0171875 0.07578125
5 0.7171875 0.6296875 0.028125 0.0921875
5 0.6875 0.86171875 0.0375 0.08046875
5 0.6921875 0.9390625 0.03125 0.0796875
5 0.72890625 0.72578125 0.03203125 0.08984375
5 0.19609375 0.96953125 0.0328125 0.0609375
5 0.44453125 0.85234375 0.03828125 0.053125