0 0.8258319626034574 0.49949584197541624 0.04414998933799978 0.036157675893442945
0 0.5715075419319122 0.5250874550938277 0.04104317067154515 0.037592841901054184
0 0.5027628012015061 0.9858247186496651 0.04264203333863605 0.028350562700669713
0 0.46251216056655 0.756695599352609 0.036319308004454244 0.03427684091247087
0 0.5596582385423694 0.9388634536109528 0.04262385200509069 0.039219008897248386
0 0.5449695772199598 0.857758033649009 0.04262385200509069 0.039219008897248386
0 0.7177916485916853 0.5818534027361004 0.04573067067154533 0.03778384288963732
0 0.8872416299331849 0.5285731883250947 0.04258748933799979 0.036094008897248564
0 0.6617598245942306 0.5608113908731023 0.04258748933799979 0.036094008897248564
0 0.5320604972151872 0.892404947679454 0.04262385200509069 0.039219008897248386
0 0.7329574033259094 0.0845791547132668 0.02243862133990877 0.04932883794672147
0 0.45662523989500486 0.7924102648659287 0.039462489337999784 0.03596667490485981
0 0.44839456922345955 0.8280294298849566 0.03159544533736351 0.030960839923887918
0 0.5657831585773677 0.6811782876033418 0.025709072008272393 0.061956171939110405
0 0.4959664806651819 0.0311517712917193 0.020567038669636162 0.022702670950527092
0 0.5709411838797328 0.9096216225843137 0.04104317067154532 0.037592841901054184
0 0.46914396857100443 0.7241377673373866 0.037881808004454245 0.03434050790866543
0 0.7752961606063209 0.47633291459909854 0.04258748933799979 0.036094008897248564
0 0.5529355238701877 0.9792337856261752 0.04258748933799979 0.036094008897248384
0 0.6104245912635486 0.5391791299986874 0.04100680800445424 0.03446784190105419
0 0.7262592239417753 0.4587024042189752 0.04414998933799978 0.036157675893442945
0 0.46685059798695516 0.11516201536022024 0.024146572008272395 0.06189250494291585
0 0.8966791699156857 0.6579251072984554 0.045748852005090865 0.03934634288963732
0 0.6460722846117297 0.4312048039149641 0.03944430800445424 0.03440417490485981
0 0.7714342692552763 0.6067061641048069 0.04418635200509069 0.03928267589344294
0 0.23749288454809636 0.883528718896811 0.025781797342454116 0.06820617193911005
0 0.5199872112110511 0.9223961952079961 0.03948067067154533 0.037529174904859984
0 0.16810653787400578 0.9354148710642578 0.02719884667409058 0.05576983893530461
0 0.751689221992364 0.0869056586675995 0.019277258672817866 0.046076503954332694
0 0.3288082278803691 0.8950657381741829 0.02418293467536321 0.06501750494291585
0 0.540810430577686 0.6778158656642315 0.025672709341181488 0.05883117193911023
0 0.041575141271502844 0.4573787598858317 0.03186816534054513 0.054398339923887915
5 0.19600919728677488 0.35111812551288213 0.04262385200509069 0.03921900889724857
0 0.4539087725573232 0.8243460143716371 0.03159544533736351 0.030960839923887918
0 0.5463491691995971 0.9961388068435326 0.03784544533736352 0.007722386312934759
0 0.3469957012253686 0.8098285751323212 0.02894316000954502 0.07145850593149916
0 0.28867576591345856 0.6495648957788372 0.0273079346753633 0.06514483893530461
3 0.2100229598981865 0.7589133794672149 0.04838405068427187 0.1315975098858317
5 0.2613309212285503 0.7828893903416297 0.025781797342454116 0.06820617193911041
5 0.364501921904868 0.7159658285923624 0.02894316000954502 0.07145850593149898
5 0.24450233597231946 0.21396563539871388 0.04456816000954502 0.07209517589344294
5 0.2959290233131827 0.16056606277503158 0.05238066000954502 0.07241351087441492
5 0.37848807932845474 0.05137674657713994 0.03989884134309048 0.07346667490485978
5 0.4991812926480009 0.1579052722803025 0.030651110677908554 0.08402217292769346
0 0.6513705013128647 0.17739405440925565 0.03688292934436319 0.08271434091247105
0 0.5573825019494114 0.3955445351318837 0.04100680800445424 0.03446784190105419
0 0.44645299793127585 0.5246815953982764 0.04442270934118149 0.059595175893442945
0 0.6001512572804115 0.41448287752722945 0.03949885200509069 0.039091674904859805
0 0.8491865519175947 0.6419207639145265 0.048982940006363405 0.04884867688202625
0 0.9300558385980487 0.5436052807204405 0.048946577339272324 0.045723676882026255
0 0.9743598219287305 0.5649510401119807 0.039607940006363404 0.04846667490485963
0 0.5213700872454131 0.6692075282118015 0.028961341343090474 0.07302100593149899
0 0.5820803205760952 0.6912217910633828 0.02581816000954511 0.07133117193911023
0 0.6039098672422314 0.6960193790101042 0.02738066000954511 0.0713948389353046
0 0.6241041885741861 0.7070032999606314 0.036955654678545 0.08896434091247105