0 0.8960355887571321 0.6302115626634885 0.03155908267027243 0.02783583992388792
0 0.8865873160804962 0.5571242311425576 0.028397720003181703 0.024583505931498984
0 0.8592350227561777 0.6246764870740567 0.026835220003181705 0.024519838935304607
0 0.8259856234086328 0.5212941604960417 0.029978401336727245 0.026209672927693363
0 0.893273668085587 0.59436956315778 0.02369203866963616 0.02283000494291585
0 0.7905213854232687 0.6306028349066098 0.026835220003181705 0.024519838935304607
0 0.7822719860757237 0.5262018363894846 0.031540901336727246 0.026273339923887917
0 0.7940094647517233 0.5945061674161239 0.029978401336727245 0.026209672927693363
0 0.83340777207986 0.5546014090131669 0.03315794533736351 0.03102450692008212
0 0.79200152207986 0.5562885844123183 0.029996582670272432 0.02777217292769336
0 0.9487787807526779 0.5952343847928792 0.03466590133672724 0.026400673916276672
0 0.5982493327100434 0.29530595794803405 0.019440890674726853 0.06013900395433271
0 0.3862066027609502 0.6791238369209573 0.02681703866963616 0.022957338935304605
0 0.9803736787475872 0.5564292113708941 0.029960220003181704 0.02464717292769336
0 0.5713948366884081 0.1369496298871443 0.0226204346753633 0.06495383794672147
0 0.9632049074235868 0.6259113818271296 0.03468408267027243 0.027963173916276673
0 0.6831397640038179 0.008529470571060035 0.01756930800445424 0.01705894114212007
0 0.9334532254137236 0.5544329712567257 0.029960220003181704 0.02464717292769336
0 0.6691976320416799 0.27990910962118926 0.019404528007635945 0.05701400395433272
5 0.8502867367520416 0.5945579055531258 0.04246022000318135 0.025156508897248565
0 0.09015885343726796 0.7623143161978916 0.03313976400381802 0.029462006920082117
0 0.38733275075585955 0.641560169924763 0.03312158267027252 0.02789950692008212
0 0.5627936380489977 0.338176548860505 0.019349984006999676 0.05232650395433271
5 0.329965693427723 0.6821970987839554 0.04411362667090888 0.03303267589344294
0 0.16829294410404066 0.759912216388172 0.036282945337363426 0.031151840912470873
0 0.26909237543758613 0.7573681951336338 0.0315227200031817 0.024710839923887916
0 0.3795935234324954 0.7153478384038321 0.03155908267027261 0.02783583992388792
1 0.8460906801002226 0.7041557400398062 0.06615225867281786 0.04798651384016441
0 0.7072372654359953 0.727790852701107 0.03337612133990877 0.04977450692008212
0 0.21600373810467702 0.7626578730042431 0.03475680800445433 0.03421317391627667
0 0.018274762770495223 0.7644617480228336 0.01909544533736345 0.030451503954332715
5 0.047153740770177054 0.7609401585932374 0.04104317067154524 0.037592841901054184
5 0.17236918006045177 0.4385001314072001 0.04256930800445433 0.03453150889724856
2 0.3949317866804539 0.08551841695901334 0.11309998400699968 0.0561465237259962