3 0.3054511160089087 0.06109621270653896 0.09215223201781733 0.12219242541307793
3 0.32691867803149854 0.2207092817663474 0.062155649347544806 0.10681548439090341
0 0.33043676607254213 0.5230530317663474 0.039462489337999784 0.035739092558271325
0 0.7329821527689043 0.7278347239696483 0.039462489337999784 0.035739092558271325
0 0.07712031472786082 0.4482713196927806 0.04420453333863612 0.04059028366526398
0 0.2718061060629971 0.4547593887525891 0.0442227146721816 0.04215278366526398
0 0.6251390967138615 0.3259671783234848 0.04106135200509069 0.03891865626060227
0 0.6703441507399511 0.5166541765093863 0.04262385200509069 0.038973219962933216
1 0.2432651247612684 0.6886631627992061 0.10334427068745367 0.15667164065150557
0 0.10774689011772187 0.8637772686043215 0.030469297342454117 0.06822421034428636
0 0.15946393145285814 0.8752579164274031 0.03043293467536321 0.06509921034428601
0 0.8279988253500902 0.09457330146697726 0.04589430267345414 0.05158234736759484
0 0.6000749147039983 0.2541566657096131 0.04267839600572696 0.04366071996293312
0 0.6388646947008165 0.22935507315134168 0.03955339600572714 0.043551592558271415
0 0.12902135876826806 0.7442360949205241 0.033703385343726786 0.07770833774894789
0 0.49545597545349446 0.8682142204262693 0.039462489337999784 0.035739092558271325
0 0.17939407610594968 0.7745213064459368 0.033703385343726834 0.07770833774894789
0 0.05059363005249758 0.38510912078123977 0.04582157733927246 0.04533234736759475
3 0.9236658613542265 0.12171366562479506 0.09069882001909021 0.1437351310328588
0 0.1583612240610881 0.44465275717157615 0.04736589600572701 0.0438244110699257
0 0.14343894211485836 0.8414285534507119 0.030469297342454117 0.06822421034428601
0 0.3343959180458161 0.325959776957024 0.04480451734563582 0.09215278366526398
0 0.43371050079563045 0.9352405185195035 0.04414998933799978 0.03590278366526398
0 0.16268783410244986 0.7493129753204106 0.03212270401018138 0.07609127404661713
0 0.295977213359317 0.1811482739617991 0.04137043467536321 0.06548115626060227
5 0.3415522480108177 0.06779261289187342 0.05254429201145401 0.08617560217691825
5 0.2159839147437692 0.5606572138876653 0.0523079346753633 0.06586310217691818
0 0.01738168805695193 0.41909474038135314 0.020712489337999785 0.035084328130301046
0 0.39728681671704313 0.35737097886378977 0.044513616008908664 0.06715278366526398
0 0.4516941480744511 0.532886844835706 0.04106135200509069 0.03891865626060227
0 0.3006112640435889 0.3107266465571374 0.044659066677272284 0.07965278366526399