0 0.467559621583848 0.698225837449242 0.03735615626060209 0.0429279796419344
0 0.8716444316579818 0.5877670897655939 0.03880952885594056 0.039903109191583755
0 0.915059614960426 0.6202198419250623 0.04053571996293322 0.0446907387412331
0 0.5188294557045989 0.6416964327611652 0.03579365626060227 0.04282785009228505
0 0.881602274216253 0.6262788772425226 0.035684528855940555 0.039702850092285046
0 0.5060715061600858 0.5454222100590611 0.034176592558271324 0.041165220542635696
0 0.8365700272114779 0.5923637546327036 0.03891865626060209 0.04302810919158375
0 0.9786756816579818 0.5809082156146155 0.038973219962933216 0.04459060919158375
0 0.7586136636018144 0.49008865824104647 0.032450401451278844 0.03637759099298634
0 0.952023901620915 0.6248980475083032 0.03735615626060209 0.0429279796419344
0 0.8314881684111379 0.491682634182353 0.03077877404661713 0.033152461443336986
0 0.4116742093327959 0.7346930660114424 0.034176592558271324 0.041165220542635696
0 0.417435625212045 0.7875677421373191 0.0360119110699257 0.04907785009228505
0 0.04307299835553749 0.6056294363049095 0.04445932813030112 0.023116127390180985
0 0.5273165675001639 0.705358414562568 0.037465283665263985 0.0460529796419344
0 0.4299108325611064 0.8533231500645984 0.03412202885594055 0.039602720542635694
0 0.7256647543459873 0.48828512878368213 0.03412202885594055 0.039602720542635694
0 0.7962773547088069 0.4923730490494627 0.035684528855940555 0.039702850092285046
0 0.40356904345354677 0.6819685842100396 0.037465283665263985 0.0460529796419344
0 0.5098884761230189 0.5874595157345872 0.03735615626060227 0.0429279796419344
0 0.6597520668671917 0.5739408289682524 0.06181051923729371 0.02890505243632351
0 0.5361757015282477 0.757251581589146 0.037465283665263985 0.0460529796419344
5 0.4310020072563942 0.14463976249538466 0.04053571996293322 0.04469073874123301
0 0.38649312694132554 0.5068882410575849 0.03423115626060227 0.0427277205426357
0 0.9972681473173367 0.581699957595051 0.005463705365326632 0.03693879549649317
0 0.39755216723001147 0.5993563433093383 0.03412202885594055 0.039602720542635694
0 0.6619767657787327 0.5479593198689537 0.05701389183263199 0.02547966378737563
0 0.441079000254454 0.9489162523163518 0.03880952885594056 0.039903109191583755
0 0.930530814420121 0.3905928986803225 0.06488095553496294 0.027542811535622123
5 0.28677085761921384 0.16249549583794684 0.05766865626060227 0.04422966378737554
5 0.22630707277282353 0.20238811304909507 0.06101191106992569 0.05067992288667415
5 0.08416670199158378 0.2576937816168326 0.08864583774894799 0.03841975478036197
5 0.17038199890369166 0.3946745450350679 0.07754464664195541 0.03303134793281677
5 0.7464459910991433 0.3882956207641177 0.07749008293962448 0.03146884793281668
3 0.8236483534428626 0.24475756940752835 0.1392460384745874 0.058811400369140274
0 0.9862971424656042 0.24180614282022636 0.027405715068791636 0.03365310919158375
0 0.8428671233131284 0.3915126534606845 0.06811508293962447 0.030868070634920742
0 0.5409053192294444 0.42182522131782807 0.05934028366526398 0.04745479333702498
0 0.38966525616008585 0.5528818615079356 0.04991071996293313 0.045291516039128864
0 0.14690483728561182 0.5519956917035803 0.08223214664195541 0.033331736581764734
0 0.04232895389050033 0.6291670658545587 0.04155258293962455 0.029165868290882458
0 0.04309284572313231 0.6510420658545588 0.04155258293962455 0.029165868290882458
0 0.43157502548219745 0.9009794000645985 0.04376984736759475 0.04801599784053181
0 0.5580829617798667 0.8913064065430035 0.04387897477225664 0.05114099784053181
0 0.5485244233052793 0.8418070542912499 0.04387897477225664 0.05114099784053181
0 0.6698636768486583 0.5944338016703564 0.07124008293962447 0.031068329734219448
0 0.6557714057972661 0.5272160232927263 0.07754464664195541 0.033031347932816854
0 0.9129142724021545 0.5812074066998869 0.049856156260602094 0.04372901603912886
0 0.9815439435964723 0.6259703917404922 0.03691211280705531 0.046353368290882456
0 0.6651042549789594 0.6150967550941291 0.07759921034428637 0.034593847932816855
0 0.6760789605139224 0.6378834130214084 0.07598214664195542 0.0329312183831675