0 0.3424986667220362 0.5283744204190545 0.023777461443337165 0.03057883794672147
4 0.3550721105850849 0.6969506654761386 0.03581638648947969 0.048212006920082116
0 0.3067623372923586 0.0646421842592189 0.02856509099298643 0.03233233893530465
0 0.34032968769841065 0.7567713344494994 0.026802331893687813 0.029143671939110403
0 0.37738480645071837 0.5433163295065835 0.02377746144333708 0.03057883794672147
0 0.16199393661867653 0.7429992890118544 0.02710272054263574 0.03383117193911023
0 0.2312724676172003 0.6225156926621759 0.02856509099298634 0.03233233893530461
0 0.33542875539867084 0.09152567783342827 0.02387759099298643 0.03214133794672147
0 0.1725099344592082 0.7004934540308824 0.024939443244739845 0.02439250494291585
0 0.36604798581579756 0.6107903309894582 0.02720285009228505 0.03539367193911023
0 0.3275673881875226 0.15340359532391426 0.02377746144333708 0.03057883794672147
0 0.1388208451642648 0.9465381244871178 0.02503957279438911 0.02595500494291585
0 0.14401828732927044 0.9019113739928262 0.02700259099298643 0.03226867193911005
0 0.15299037400332022 0.786222706996632 0.02856509099298643 0.03233233893530461
5 0.1779379141011426 0.6644286200384937 0.02700259099298643 0.032268671939110406
0 0.35490093229973985 0.6509842494685273 0.024939443244739755 0.02439250494291585
0 0.15700935456810522 0.407362877947159 0.056489831893687815 0.030353344866803765
0 0.011141351790328071 0.36679091057040375 0.022282703580656142 0.018524506920082295
0 0.017210879088223996 0.3477862425856262 0.03442175817644799 0.018906508897248563
0 0.006949253548356915 0.32707449456279253 0.01389850709671383 0.017887836958138337
0 0.29544530305463235 0.11964801924019083 0.032090609191583755 0.03870967292769345