0 0.8691364335271323 0.23817284837591793 0.04206638648947987 0.04801160266556703
3 0.1766824159468439 0.019177211995051627 0.12211483189368777 0.03162573620994645
3 0.6334120797342194 0.08861180291562916 0.08220932757475108 0.11468227711788867
0 0.823573609653009 0.2329481392838602 0.04040375693983052 0.04640363855894432
0 0.8063741340162442 0.8406864314454436 0.07165375693983052 0.04731292069139812
0 0.5451737091269853 0.4517673692921075 0.0366779796419344 0.03693771034569906
0 0.21917480875784498 0.3050381556477032 0.07896560919158375 0.03972774122451135
0 0.5092652899409389 0.4998495166265404 0.05164164558877822 0.05140938730530316
0 0.7428569309062387 0.1050528083259055 0.0368782387412331 0.04006271034569897
0 0.5973369864248811 0.46264268481065596 0.04997901603912887 0.04980142319868044
0 0.5589043445367308 0.5200089039318435 0.04841651603912887 0.049755959092057725
0 0.760405090217794 0.61008964931299 0.06756703423772628 0.05655152837152997
0 0.44705398904577487 0.5877155779884538 0.04821625693983016 0.04663095909205772
0 0.31233572100406104 0.21339387641824342 0.06969073874123302 0.04101745658477531
5 0.4718444355297171 0.5486674498543507 0.04997901603912887 0.04980142319868044
0 0.41531982109634613 0.25070131129540635 0.0757404796419344 0.038074313011266
0 0.18844045264858028 0.5677140003957114 0.05612888648947965 0.04842077962517113
0 0.4928101727297907 0.43776705377355896 0.04997901603912887 0.04980142319868044
3 0.7989159662236991 0.140215070004388 0.06714553207825791 0.09864810015828454
0 0.09818238587117079 0.24225334765100212 0.07059190468807693 0.05507995658477523
0 0.20207934145441175 0.2086261569013444 0.0616779796419344 0.037665136051661816
5 0.9878585502768551 0.2660514589590438 0.024282899446289717 0.06359113855894431
0 0.4056549244278337 0.22156774076229296 0.08707849784053182 0.04464256175762475
0 0.1340428493170927 0.5949835425572949 0.061016645588778305 0.0516821719450391
5 0.9078041170542648 0.45218152408188084 0.09166586829088245 0.04321645407749273
5 0.9230376071797737 0.9934571126281899 0.04459060919158375 0.013085774743620248
5 0.06277792103174769 0.6389177474927175 0.04725453423772623 0.055960494985435004
5 0.12173620912698527 0.4394465963973609 0.08162953423772623 0.056960705331134065
5 0.11243585055371039 0.20913697077054025 0.08122901603912895 0.050710705331134066
3 0.2704881824473982 0.24180838143280833 0.19607156847545246 0.11487615690134448