0 0.7481661335197691 0.4363400802037388 0.03012387662320535 0.025172716822512698
5 0.2845611497518234 0.6836175176593933 0.03799092370110611 0.028343168617910842
0 0.09245587580913125 0.37393746974937897 0.031686376623205434 0.025181807181592398
5 0.3318007938281945 0.43626124950902073 0.023020488635914306 0.06575226502711473
0 0.5660566116023764 0.6993162822937246 0.034811376623205346 0.02519998789975162
5 0.37281512621287305 0.6825686229473916 0.03799092370110611 0.028343168617910662
0 0.18830375851812137 0.6736834605759968 0.03799092370110611 0.028343168617910662
0 0.10714566720498908 0.40995678298109556 0.025409103084255102 0.023582945745273774
5 0.07882579829242138 0.4433823613381226 0.03793637662320544 0.02521816861791084
5 0.4261077215864904 0.6477259903356385 0.03799092370110611 0.028343168617910842
0 0.8949456761334428 0.43172582395722287 0.03793637662320535 0.02521816861791084
5 0.19483658197764148 0.4214033430895542 0.039607970779006775 0.03147725897699054
0 0.3422108193990351 0.04807999345889648 0.015153441558013547 0.06258181323171656
5 0.13678830275664824 0.4523124546240685 0.03799092370110611 0.028343168617910842
0 0.07427208075653018 0.9433050932859459 0.015126168019063257 0.06101931323171641
0 0.6780485024323367 0.4023418092246958 0.03793637662320535 0.02521816861791084
0 0.4781619561685102 0.04965210469882321 0.015044347402212211 0.05633181323171656
0 0.3630375624991761 0.12241237294739168 0.016661394480112966 0.0594659035907962
0 0.383336425729701 0.12174929761542672 0.01819662094116259 0.05791249394987581
0 0.4462670738632619 0.05727825233769105 0.015044347402212211 0.056331813231716564
0 0.4625642297074606 0.05112370110802704 0.013427300324311631 0.05319772287263693
0 0.18293401460390601 0.9478431232419793 0.024255706168510204 0.047011355386194255
0 0.3797790032464109 0.052204412076807295 0.015207988635914304 0.06570681323171657
0 0.6707951099808186 0.43432760742929777 0.03475682954530477 0.022074987899751618
0 0.4290523003243115 0.05561575838781525 0.014935253246410873 0.050081813231716545
0 0.36187843709378675 0.05600612294739169 0.016715941558013637 0.06259090359079618
0 0.410261390015886 0.05316292407885984 0.014935253246410873 0.050081813231716565
0 0.07658678286785059 0.8073948643631846 0.018278441558013593 0.06259999394987581
0 0.3978432106327371 0.0577777012062229 0.015044347402212211 0.056331813231716564
0 0.22710893424782236 0.7934283340143677 0.018142073863261922 0.05478749394987581
0 0.33255695007943026 0.25581522540671975 0.014880706168510116 0.04695681323171659
0 0.1257100754815244 0.8022124606741927 0.013263659090609536 0.04382272287263689
3 0.8532437767853611 0.05652129087793147 0.07348413879807011 0.09260565651766242
0 0.5378075117678275 0.24451060762568946 0.021567082791715642 0.07199317466803504