3 0.13142598787202844 0.1771374241081432 0.16119233363936133 0.08238758035608366
3 0.27815772453610893 0.24322825406048504 0.10395391848667064 0.050183006492821744
3 0.5002873002995625 0.0833235998411395 0.06938747091226496 0.0854659415580136
0 0.711976162398439 0.672532555605908 0.0344386439408634 0.039607970779006865
0 0.6859708692258784 0.4272433750049429 0.03105855242559432 0.036428423701106105
0 0.4369130342093911 0.8692474630716642 0.03274859818322895 0.038018197240056395
5 0.33890416377556487 0.32096174188562043 0.07531873545613248 0.043442082791715644
3 0.023566335137173378 0.7982641761367381 0.047132670274346755 0.07534664772652384
0 0.27251466285748094 0.5608424480541306 0.03730855242559432 0.03653751785690744
0 0.36937265589965707 0.24397650203189017 0.0759884151526908 0.03253185633066593
0 0.9484382736277233 0.21280517938973956 0.06741064060688337 0.023020488635914306
0 0.8234235875530693 0.5878927284962352 0.03418355242559414 0.03648297077900686
0 0.8327658630169605 0.3396461432688875 0.08160068636451782 0.024828450486467358
0 0.2089622169500652 0.5174839602289952 0.04030600666795978 0.0350295649348082
0 0.9433204678681492 0.26594381615921475 0.06897314060688373 0.023047762174864594
0 0.9082608442210292 0.5520858677013423 0.032365960910325245 0.0333306972400564
0 0.1769151204338263 0.5469084074690518 0.045248598183228864 0.03823638555165907
5 0.5451692366640805 0.05913607752000516 0.047959010001939716 0.05232615909060952
0 0.4128201537736252 0.37116056493810345 0.059183552425594324 0.03691934740221221
5 0.602487658025689 0.11196502273146673 0.03820137272903601 0.047475017856907484
0 0.017730278628693138 0.2033062321430925 0.02586086939505617 0.030096603084255148
0 0.9608748875627675 0.32804834984443476 0.023150457576345217 0.016006829545304767
0 0.8371182652927736 0.257655803577313 0.07378818636451782 0.02469208279171564
5 0.7427475434624247 0.5822797025216528 0.04132637272903601 0.0475295649348082
0 0.0023289349873921693 0.6891891850651918 0.0046578699747843386 0.039826159090609534
0 0.832398685446434 0.20078819481101506 0.07366064060688374 0.02312958279171564
0 0.7861615431725607 0.2320206039016246 0.07860323212215263 0.02633640340856669
0 0.9187986999903017 0.2414074663213705 0.06910068636451783 0.024610262174864596
0 0.4666932924236546 0.011697610391151043 0.03848841515269079 0.023395220782302086
0 0.28351477529471325 0.2158299569825844 0.06699605242559432 0.037055715096963926
0 0.3892228992316973 0.27795603571711025 0.07586086939505617 0.030969356330665932
0 0.03341879363160264 0.12579884090939047 0.030165732122152566 0.025490923701106106