1 0.715625 0.3671875 0.08828125 0.040625
0 0.1671875 0.43359375 0.03359375 0.0265625
0 0.35625 0.40546875 0.03125 0.02578125
5 0.88984375 0.59921875 0.03671875 0.0328125
5 0.7703125 0.30234375 0.0375 0.0296875
5 0.71796875 0.30234375 0.03515625 0.02890625
0 0.5609375 0.40078125 0.03671875 0.02890625
0 0.4359375 0.3140625 0.034375 0.028125
0 0.565625 0.95078125 0.0140625 0.06171875
0 0.81328125 0.31015625 0.0375 0.028125
0 0.67109375 0.94921875 0.01484375 0.0609375
0 0.65234375 0.946875 0.01328125 0.059375
0 0.88359375 0.2671875 0.02734375 0.065625
0 0.63203125 0.94765625 0.0125 0.05859375
0 0.0109375 0.49296875 0.021875 0.02734375
0 0.64765625 0.87421875 0.015625 0.0625
0 0.6015625 0.9453125 0.0140625 0.04921875
0 0.92265625 0.03125 0.01796875 0.06171875
0 0.67734375 0.7375 0.01328125 0.046875
0 0.55 0.95390625 0.0140625 0.059375
0 0.53359375 0.9546875 0.0140625 0.06015625
0 0.81796875 0.03203125 0.02421875 0.0515625
0 0.92734375 0.16953125 0.01875 0.065625
0 0.878125 0.17890625 0.0140625 0.0421875
5 0.94765625 0.7421875 0.0203125 0.0609375
0 0.67734375 0.584375 0.03203125 0.03828125
0 0.775 0.1921875 0.01484375 0.05234375
0 0.61640625 0.9421875 0.0125 0.0515625
0 0.5828125 0.9453125 0.0125 0.04609375
0 0.471875 0.76328125 0.01875 0.06328125
0 0.62734375 0.8765625 0.015625 0.06484375
5 0.90859375 0.27734375 0.015625 0.07109375
5 0.8921875 0.140625 0.01484375 0.06328125
3 0.15390625 0.96484375 0.0796875 0.0703125