3 0.8958756577723204 0.5555070878819599 0.07133565260503402 0.08984429734245403
3 0.86096969499482 0.20885026388450534 0.06944351282028158 0.049219297342454116
0 0.7227722214594434 0.9507030512412771 0.03706766046291676 0.05821248933799979
5 0.8528383254739473 0.3363576458864143 0.04564213978475209 0.041134077339272504
0 0.5623910696829791 0.5617325525939124 0.04237159057054054 0.03797271467218159
0 0.5755781203449329 0.509206989258458 0.04237159057054054 0.03797271467218159
0 0.9229004224546287 0.3972945985439602 0.04222604135632864 0.0348477146721816
0 0.2596920628585536 0.6918858659691377 0.04266268899896399 0.0442227146721816
0 0.452817016539826 0.5755143366088663 0.0424443651776464 0.039535214672181594
0 0.7590628242310931 0.7900377239020046 0.029546258891340216 0.06437158267027243
0 0.6152057005763913 0.5376677965865946 0.04549659057054054 0.03800907733927232
5 0.9078318864749834 0.29194402721200563 0.04222604135632899 0.0348477146721816
5 0.9167680847795723 0.24884800787718744 0.04847604135632864 0.03492044000636341
0 0.39159057216417853 0.6035853399506841 0.044006865177646494 0.03955339600572714
5 0.5520828083104397 0.4578899372613215 0.045569365177646405 0.0395715773392725
0 0.8802397717116218 0.10231845321455091 0.04302656203449331 0.0520352146721816
0 0.3228791135205074 0.6387784999602291 0.04586046360606986 0.04582157733927232
0 0.23880167410725864 0.7468460859723194 0.045787688998963995 0.044259077339272326
0 0.7984099605011888 0.6949973965627321 0.03445208271265763 0.06911362667090888
0 0.8004390332890491 0.6042996712285502 0.028129308105551587 0.06747840133672725
3 0.9472881846557378 0.19924744987273313 0.08357878742738763 0.05094542934436315
0 0.663756438998964 0.0399773732893202 0.030637877997927988 0.0799547465786404
0 0.7604904294839422 0.6696434079010499 0.03147263192686935 0.07220226400381798
3 0.9705576336841979 0.2888639332034151 0.05888473263160421 0.04286020934118149
0 0.8116739780789815 0.4259474045592322 0.03953768899896417 0.04418635200509069
0 0.7425709911041507 0.8723053312380953 0.03750430810555194 0.06758748933799978
5 0.4657150070293133 0.26503991327182097 0.044952935070022446 0.05986589600572696
0 0.07936036165848057 0.8479738759945912 0.026819365177646447 0.039353401336727246
0 0.24087336476336169 0.18714382196850146 0.03899403349844599 0.06604317067154523
0 0.4130440028909749 0.829239320615866 0.04124573821317572 0.04732953333863606
0 0.7839900496239872 0.7881843225652774 0.03437930810555194 0.06755112667090887
0 0.7001927067816444 0.16382066923936794 0.025984611248705037 0.05496022000318166
0 0.7712781879609976 0.8844780672342771 0.029182385855810723 0.05655908267027243
5 0.7538402849416789 0.9464331745703681 0.03506851282028158 0.048819308004454595
5 0.8618087570293133 0.26043094521805077 0.05323631596343468 0.036537484006999674
3 0.804488446856847 0.008000119947502415 0.06210189371369381 0.01600023989500483
5 0.09384419933804622 0.051280141987591475 0.04386131596343472 0.036428396005727004
0 0.3729305791934919 0.8742614666215929 0.046442660462916764 0.058321577339272325
5 0.5276930078533736 0.9076359459341393 0.04480738585581072 0.05674089600572714
3 0.8287909733214704 0.7431076325589141 0.0762072431755744 0.12738066000954512
3 0.9570591368892682 0.14050824920436958 0.04720463978475209 0.04115225867281791