0 0.625 0.87265625 0.02421875 0.07578125
0 0.25234375 0.06796875 0.0453125 0.04765625
0 0.79609375 0.5703125 0.021875 0.078125
0 0.3890625 0.196875 0.040625 0.03125
0 0.72421875 0.95703125 0.0234375 0.08203125
0 0.78203125 0.7703125 0.02265625 0.0890625
0 0.2203125 0.0234375 0.04296875 0.046875
0 0.1453125 0.01796875 0.0359375 0.03515625
0 0.0765625 0.0234375 0.05390625 0.046875
0 0.0171875 0.02421875 0.034375 0.03359375
0 0.2953125 0.1984375 0.03984375 0.0359375
0 0.48515625 0.15234375 0.0453125 0.0359375
0 0.38984375 0.075 0.053125 0.04140625
0 0.82109375 0.45859375 0.03359375 0.07421875