3 0.94921875 0.5171875 0.09375 0.09609375
3 0.1671875 0.5234375 0.0671875 0.071875
3 0.79609375 0.37109375 0.059375 0.0765625
0 0.84375 0.27734375 0.03828125 0.034375
0 0.3015625 0.4875 0.0359375 0.0375
0 0.565625 0.49765625 0.0296875 0.03125
0 0.40546875 0.56640625 0.03671875 0.03828125
0 0.259375 0.171875 0.0296875 0.0625
0 0.69453125 0.6421875 0.01875 0.06328125
0 0.3328125 0.60390625 0.0375 0.04140625
0 0.73515625 0.484375 0.02578125 0.05390625
0 0.509375 0.5234375 0.04140625 0.0390625
3 0.6703125 0.0484375 0.02734375 0.096875
0 0.5046875 0.47265625 0.03828125 0.0359375
0 0.70078125 0.14609375 0.01640625 0.06953125
0 0.309375 0.56328125 0.03984375 0.04140625
0 0.5703125 0.4484375 0.0390625 0.0375
0 0.30859375 0.86796875 0.03984375 0.0515625
0 0.75859375 0.646875 0.021875 0.07421875
0 0.640625 0.15625 0.01796875 0.084375
0 0.565625 0.55234375 0.040625 0.03828125
0 0.3515625 0.8203125 0.03515625 0.0453125
0 0.71796875 0.840625 0.021875 0.0640625
3 0.70234375 0.04453125 0.025 0.08828125
0 0.98046875 0.009375 0.0375 0.01796875
1 0.790625 0.240625 0.10859375 0.06171875
5 0.7484375 0.73828125 0.028125 0.08046875
0 0.66875 0.16015625 0.0171875 0.0671875
5 0.45 0.54921875 0.04140625 0.040625
3 0.9453125 0.13828125 0.0828125 0.07109375
3 0.91875 0.31640625 0.10625 0.0515625
5 0.1234375 0.02265625 0.03984375 0.04453125
5 0.19609375 0.97109375 0.0453125 0.0578125
5 0.45703125 0.90234375 0.0421875 0.0515625
3 0.56953125 0.9703125 0.046875 0.059375
0 0.909375 0.9015625 0.04921875 0.06171875