3 0.8375 0.340625 0.1015625 0.078125
0 0.0484375 0.74296875 0.0375 0.04921875
0 0.0578125 0.640625 0.03515625 0.0453125
0 0.58359375 0.3609375 0.03828125 0.03671875
0 0.68984375 0.64765625 0.0203125 0.0625
0 0.25859375 0.1703125 0.0296875 0.0625
3 0.71015625 0.50625 0.05546875 0.1109375
0 0.659375 0.81875 0.02109375 0.059375
0 0.5109375 0.5234375 0.040625 0.04140625
0 0.56640625 0.49765625 0.03046875 0.03359375
0 0.7578125 0.653125 0.02265625 0.078125
0 0.40546875 0.5671875 0.0359375 0.03671875
3 0.67109375 0.0484375 0.028125 0.096875
0 0.50703125 0.475 0.0390625 0.03828125
0 0.57109375 0.44765625 0.04140625 0.03984375
0 0.34921875 0.59453125 0.0390625 0.040625
2 0.97421875 0.165625 0.0515625 0.059375
0 0.4046875 0.5171875 0.040625 0.0375
0 0.6421875 0.15390625 0.01796875 0.0875
0 0.98125 0.01015625 0.03671875 0.0203125
0 0.35078125 0.82109375 0.034375 0.0453125
0 0.56640625 0.553125 0.04375 0.04375
0 0.7015625 0.15078125 0.01640625 0.07109375
5 0.45078125 0.55234375 0.04140625 0.03984375
0 0.71796875 0.840625 0.02265625 0.06484375
0 0.959375 0.315625 0.03984375 0.03203125
5 0.7484375 0.73984375 0.03125 0.08359375
3 0.70390625 0.04375 0.02421875 0.0875
0 0.30859375 0.86796875 0.040625 0.0515625
1 0.60625 0.303125 0.10078125 0.07734375
3 0.86875 0.06484375 0.07421875 0.11328125
5 0.12421875 0.0265625 0.03203125 0.03515625
5 0.1953125 0.971875 0.03828125 0.05546875
5 0.45859375 0.90703125 0.04140625 0.05
0 0.83984375 0.9828125 0.03203125 0.03359375
0 0.6703125 0.15625 0.01640625 0.071875