3 0.741936867688161 0.9068832189437052 0.0979113944801128 0.06785046427907382
3 0.7302677471573309 0.19353361842532546 0.09330571509696384 0.0721278611687961
3 0.6906127321397972 0.38713664693620503 0.07757162094116268 0.06451085080120356
3 0.6746041282447632 0.23204860574865868 0.05865797970746058 0.05349543836009243
3 0.8272826635515411 0.4620307572565293 0.07907957386326174 0.06152255183796278
5 0.5953490507280533 0.3086199591417604 0.0475295649348082 0.041601031102777686
0 0.9220400101429747 0.3770611434958351 0.03963524431795733 0.03623002591898139
0 0.8395939285690748 0.27081999688893676 0.041225017856907444 0.037929226955740615
0 0.5503770645244759 0.6458752428364363 0.04127956493480802 0.0410542269557407
0 0.20608377353565505 0.4655198188499541 0.03557503571381497 0.07175742280870363
0 0.28771737743068904 0.6148664164936116 0.04492276217486459 0.07101512902925915
0 0.2436713226421506 0.5569069450044912 0.04193412986961631 0.0785542269557407
0 0.15061857223511352 0.7395328087651855 0.04497730925276531 0.07414012902925915
0 0.1304155718313717 0.4338002186143983 0.047638659090609534 0.047851031102777594
0 0.48463369317957133 0.28622613223328797 0.03651024431795698 0.03595662384546294
0 0.14595302272487615 0.3377652572100466 0.04286933847375849 0.042753427992499926
0 0.07338827597128703 0.39419020593773163 0.038154564934808156 0.04078082488222208
4 0.2736451948011292 0.5707158753060654 0.06279210064862309 0.11158134043361087
0 0.101078268257354 0.8150693424598613 0.043305715096963925 0.06775342799249984
0 0.28571317775829586 0.18626296286495422 0.034012535713814886 0.07162072177194441
5 0.1249235024323367 0.3881165717246762 0.05865797970746054 0.05349543836009243
0 0.19532137174864622 0.6558126281807874 0.043442082791715644 0.07556592799249984
3 0.11629239082336966 0.6556847805371298 0.05818642126547413 0.11585873732333311
0 0.23069185592033362 0.7098364553720838 0.04812958279171564 0.07597603110277759
0 0.33878935917003977 0.2684705786518988 0.046457988635914306 0.06958933006601846
5 0.1901623133066598 0.7188594323278245 0.051445497564368024 0.08718693317629622
0 0.49667141192668807 0.7069097791230101 0.04292388555165907 0.04587842799249984
0 0.14536405640680092 0.7971108629122223 0.04651253571381497 0.07271433006601846
0 0.6586061704481047 0.8844408738919457 0.04465002678536116 0.05539012902925933
0 0.09504250242904141 0.8727157471252779 0.043114800324311565 0.056815927992499834
5 0.4768251473194868 0.24231003689870462 0.05068183847375849 0.043436933176296225
5 0.8378871525944923 0.35234339896245526 0.053861385551659424 0.04683533524981467
0 0.534933702108025 0.2990391990569917 0.05073638555165907 0.04656193317629622
0 0.6651182597392327 0.09203876041407535 0.0444045649348082 0.0413276290292592
0 0.4721552382288772 0.19890178949060275 0.0333306972400564 0.03255822177194441
5 0.9737837422860668 0.3381066587644 0.049092064934808374 0.04173773213953691
0 0.6436357353829129 0.9233078842595382 0.03826365909060954 0.04703082488222208
3 0.7445502098186628 0.33938336064963104 0.09944662094116268 0.06642466531583313
0 0.5215583636309713 0.7430721630532418 0.044568206168510115 0.05070262902925933
0 0.637836965096964 0.0140513454992367 0.04125229139585791 0.0281026909984734
5 0.7759268948838548 0.2990809893960663 0.05068183847375849 0.043436933176296225
0 0.07179018871204923 0.7957233116399075 0.04497730925276531 0.07414012902925915
3 0.9611983729697574 0.24504016394819628 0.07760325406048522 0.06818265494824054
0 0.027444530435513904 0.4068166365221296 0.036755706168510205 0.05001912384546294