3 0.10859388924150341 0.9100966298176278 0.0761061966536896 0.147104228964778
0 0.5832449456279254 0.21629345540854067 0.03552100593149898 0.030528734160558103
0 0.7319848986702245 0.42791438039870544 0.035584672927693364 0.032091234160558105
0 0.3834651911421201 0.6454832007169637 0.035584672927693364 0.032091234160558105
0 0.7235861723590398 0.710508359111382 0.03079901384016459 0.0675916915859112
0 0.7587025434604786 0.13547015428391898 0.019734179847775656 0.0637018670802791
0 0.32380232555225075 0.4081577993599109 0.038646005931498986 0.03074725544788155
0 0.7476683181006959 0.8077604175254708 0.03223417984777566 0.06457595222957302
0 0.19250856319496107 0.47576555246200397 0.03864600593149907 0.030747255447881726
0 0.6756818660469799 0.5860982209958809 0.022668178859192523 0.0592328883676025
0 0.4165695098114696 0.7125014559127438 0.035775673916276673 0.0367787341605581
0 0.30052937984996325 0.9410795600035726 0.022859179847775656 0.0639203883676025
0 0.20556173114255757 0.8628067305542618 0.036157675893442945 0.04615373416055846
0 0.7747627173023932 0.8884423349740669 0.03223417984777566 0.06457595222957266
0 0.4864030736122654 0.013134512485247144 0.030769838935304605 0.026269024970494288
5 0.3641567060080487 0.1825350864866762 0.038646005931498986 0.03074725544788164
0 0.9627017049822845 0.5395410232057835 0.023148339923887918 0.03277964901126431
0 0.43569080779493474 0.09028224848739072 0.03395850593149916 0.030419473516896424
0 0.8135173774528675 0.12852103175575824 0.019734179847775833 0.0637018670802791
0 0.3802672538799706 0.7430848203951328 0.03434050790866543 0.03979447351689629
0 0.7063442756288005 0.6174521278008154 0.02493101581733086 0.07652964901126431
0 0.6890029253247892 0.698904223593771 0.029745849809719616 0.0799824309422494
0 0.2093433057434062 0.9038305683014458 0.029780341901054184 0.04259169158591121
0 0.36381056022921154 0.47780938165921316 0.03877333992388783 0.03387225544788155
0 0.7616139792397533 0.044899784605749844 0.020498183802108372 0.08245186708027909
0 0.8168427183281572 0.4866395343536484 0.03877333992388756 0.03387225544788173
3 0.7928148996959888 0.050446529245481674 0.03736203163466154 0.10089305849096335
0 0.8175138107606841 0.04956015143392738 0.02024351581733086 0.07620186708027908
5 0.7124629885569315 0.7923046623296907 0.037558349809719616 0.0805287341605581
5 0.7466377173023931 0.890409026559978 0.043808349809719614 0.080965776735205
0 0.9600316442216004 0.4330014461022612 0.04059050790866543 0.04023151609154354
0 0.6938748146406548 0.8278815294099697 0.029363847832553348 0.07060743094224939
0 0.39307897718822493 0.8683908229930228 0.036412343878220545 0.0524037341605581
0 0.39989005129478195 0.9115398894528834 0.03928267589344294 0.04637225544788137
0 0.5949384738025458 0.08226266283389375 0.03497717787060939 0.055419473516896446