0 0.31857202419733033 0.8087437231165826 0.04727741439185813 0.04429796360606986
0 0.4588375750641719 0.4699980543814982 0.040954639784752264 0.0424443651776464
0 0.42773527833115954 0.4317510376322752 0.039319365177646406 0.04080909057054054
0 0.4246187787454443 0.5827142241500398 0.0424443651776464 0.040954639784752264
5 0.634715294251813 0.10629092700274274 0.0330693651776464 0.040517992142117175
0 0.4698221168347855 0.5871684377561097 0.03761131596343468 0.03761131596343468
0 0.28788064227046084 0.87934516749223 0.04080909057054054 0.039319365177646406
5 0.5263718314743127 0.4488722251834972 0.047350188998963996 0.04586046360606986
5 0.6753959522335304 0.09017792948394213 0.036412688998964174 0.04535104135632886
0 0.4098713821362664 0.49590342886476957 0.04266268899896399 0.04564213978475227
5 0.10341382857882853 0.31799448283649223 0.07972604135632885 0.038013730355292895
0 0.585087667701627 0.2472583753073317 0.06969606989237605 0.023514582712657717
0 0.39032936187238676 0.6633263693114756 0.044225188998963993 0.04571491439185813
0 0.36538717390688 0.6104903136871231 0.039319365177646406 0.04080909057054072
3 0.6271789301076238 0.04956789205655467 0.03939213978475227 0.04237159057054059
0 0.8176688037668349 0.7505632735691394 0.06878854135632899 0.03750430810555194
0 0.3609093815170939 0.740250588294229 0.04891268899896399 0.04593323821317572
5 0.4172088089341214 0.2543152423470049 0.08732021753501122 0.033690103390822124
0 0.16405580624803423 0.6801905758882322 0.047059090570540585 0.03961046360606986
2 0.8704750500427811 0.3396279276219153 0.20679796360606986 0.05484597353086738
5 0.9501198163777195 0.1593454222452318 0.04066354135632899 0.036194365177646445
0 0.7022557812266437 0.5557151923042236 0.05345463978475227 0.04302656203449331
0 0.9612841406133217 0.3062760802269492 0.024238020678164673 0.01827911910658786
5 0.8519862233259795 0.23228630851532742 0.07445634449948209 0.025295406533975308
0 0.9612327907371563 0.25694816831629036 0.022675520678164317 0.018206344499481997
5 0.9543982082338957 0.8743732628157723 0.015809090570540717 0.038154971463952594
5 0.035526469397038116 0.376256438998964 0.07105293879407623 0.046262877997927984
0 0.12515381803485853 0.7253553726212445 0.05828768899896399 0.0463698858558109
5 0.06871338110280911 0.5755330010334573 0.06312073821317572 0.049713209677128486
5 0.6356612483473703 0.37175326116314256 0.07921661910658777 0.027076230355292896
3 0.7198693901990371 0.14392366769711784 0.0468065334984459 0.067662688998964
3 0.7187114586436711 0.06792409387580026 0.053202082712657625 0.07107878742738742
0 0.6732555634822354 0.035272105662624544 0.037863873035529315 0.009559090570540585
5 0.673302605252849 0.15193306678749502 0.03677656203449331 0.05316354135632886
0 0.3898092851555851 0.5568216581866052 0.04393409057054054 0.03946491439185813