3 0.9139803725281606 0.07057433643857304 0.0638982450563212 0.11035684740221223
5 0.6088558299535137 0.05900599634325674 0.03972877153942491 0.07716251785690749
0 0.9217796170034045 0.7846817008869138 0.03946669158591121 0.028779564934808023
0 0.45383301031468565 0.6875598701270884 0.03743429802252862 0.04435001785690744
0 0.714881590849277 0.13576513960555364 0.02602690445914586 0.05975682954530477
0 0.5998071559717552 0.5098593843305479 0.03176345222957302 0.030205697240056395
0 0.5410277356731674 0.48386390015886055 0.04324725544788173 0.038209112012708955
0 0.4333901982943006 0.43984907304918774 0.0367787341605581 0.034975017856907445
0 0.6058111375344234 0.5622440446389734 0.04012225544788173 0.0381545649348082
3 0.9735811966172033 0.6985453778344308 0.05283760676559339 0.03908186525911965
0 0.5445787065921739 0.5346451501588605 0.0414662341605581 0.03505683847375849
0 0.9882690864098016 0.7882663969091543 0.02346182718039671 0.025545470779006686
0 0.9107439280153834 0.7384515831921622 0.03946669158591121 0.0287795649348082
5 0.48057655473091804 0.4562786424482228 0.044809755447881724 0.03823638555165907
0 0.3127049017843813 0.8341330868489054 0.034057925746469396 0.06301819724005639
0 0.7739063016288249 0.3326498222351135 0.02755655347041035 0.08163182954530476
0 0.7495458039746132 0.24092992653718462 0.028026447033792933 0.06603410308425506
0 0.36105710434293037 0.18655074918592582 0.037543558666190344 0.04591251785690744
0 0.5952017834435945 0.45515824756107276 0.04313799480421991 0.036646612012708954
0 0.039416323168249834 0.39629830154212753 0.026715319309852048 0.047284103084255055
0 0.7491083974217805 0.3462623088424329 0.023666728964778016 0.07063978246740402
5 0.7041629761147865 0.02711684252765299 0.023950952229573018 0.03006932954530476
0 0.9781869331235498 0.5812351469091543 0.043626133752900385 0.03198638555165907
0 0.31553715471124744 0.1381581136342666 0.04255884059717552 0.05068183847375849
0 0.646607202229573 0.04093783481701524 0.03696440445914604 0.05994774431795713
5 0.18865503261041525 0.9794438124991762 0.036778734160558144 0.034975017856907445
5 0.24125306671196203 0.0689756911509765 0.047464861884498964 0.05388865909060954
5 0.45879012797604235 0.10008318952612343 0.05146394703379294 0.06644320616851021
0 0.6132480350330783 0.1441349728043064 0.02969820767745457 0.06762387662320543
5 0.677458364482389 0.04693841882654687 0.03929172896477802 0.07091251785690748
3 0.7064624394922243 0.20506456452447575 0.07786219209011432 0.1761454886359143
0 0.9750299391632481 0.8878300202859488 0.03743429802252862 0.04435001785690744