3 0.86328125 0.246875 0.08515625 0.04765625
5 0.671875 0.353125 0.04375 0.03671875
0 0.775 0.778125 0.0296875 0.06796875
0 0.50703125 0.48515625 0.03359375 0.03359375
0 0.55625 0.521875 0.0375 0.0359375
0 0.22421875 0.66796875 0.03671875 0.03984375
0 0.59453125 0.54921875 0.0375 0.034375
0 0.53515625 0.56875 0.03984375 0.0359375
0 0.4125 0.61875 0.0375 0.03515625
0 0.1546875 0.703125 0.03515625 0.03828125
5 0.7625 0.440625 0.0359375 0.0578125
0 0.44375 0.55703125 0.03671875 0.03671875
0 0.3609375 0.59609375 0.03984375 0.0375
0 0.28828125 0.62265625 0.04140625 0.04453125
0 0.96875 0.33828125 0.04375 0.0328125
5 0.7828125 0.31796875 0.04296875 0.034375
0 0.98359375 0.0296875 0.03125 0.028125
5 0.76171875 0.66875 0.02578125 0.0765625
0 0.26640625 0.1734375 0.02890625 0.06328125
0 0.353125 0.82265625 0.034375 0.0421875
5 0.70546875 0.14453125 0.0171875 0.07421875
0 0.70703125 0.02890625 0.015625 0.0578125
3 0.86171875 0.35234375 0.05546875 0.0484375
0 0.7421875 0.7703125 0.02734375 0.0734375
5 0.7296875 0.66015625 0.02421875 0.08046875
0 0.9125 0.29375 0.0421875 0.03203125
0 0.46796875 0.59296875 0.040625 0.03515625
0 0.31015625 0.86484375 0.03828125 0.04921875
5 0.57578125 0.45078125 0.03828125 0.03984375
5 0.1390625 0.0203125 0.03828125 0.03984375
5 0.45703125 0.9109375 0.0421875 0.0578125
0 0.64765625 0.15859375 0.01796875 0.0703125
2 0.67578125 0.1046875 0.03125 0.20859375
3 0.6875 0.28515625 0.0640625 0.05390625