5 0.7171875 0.29453125 0.0375 0.0265625
0 0.43359375 0.315625 0.034375 0.025
0 0.8109375 0.3 0.0390625 0.028125
0 0.81328125 0.5484375 0.03046875 0.02265625
5 0.7671875 0.41640625 0.040625 0.04296875
0 0.91328125 0.5515625 0.02734375 0.0234375
0 0.67890625 0.73359375 0.0109375 0.04453125
0 0.34453125 0.621875 0.0328125 0.0234375
0 0.290625 0.63671875 0.03984375 0.0265625
0 0.32421875 0.584375 0.028125 0.02578125
0 0.8640625 0.54921875 0.03125 0.02265625
5 0.33203125 0.54453125 0.04375 0.03125
0 0.63046875 0.87109375 0.01484375 0.0578125
0 0.4765625 0.76640625 0.01796875 0.0640625
0 0.80859375 0.0234375 0.01953125 0.04375
0 0.92109375 0.02265625 0.0125 0.0453125
0 0.6421875 0.93828125 0.0125 0.0578125
0 0.67578125 0.94375 0.01328125 0.0609375
0 0.55390625 0.9515625 0.0109375 0.053125
0 0.58671875 0.9390625 0.0109375 0.046875
0 0.28046875 0.59921875 0.02421875 0.0203125
0 0.571875 0.94765625 0.0125 0.0578125
0 0.8734375 0.159375 0.01328125 0.04453125
0 0.53984375 0.95703125 0.0125 0.05625
5 0.77109375 0.2984375 0.0390625 0.028125
0 0.65703125 0.94140625 0.01171875 0.05625
0 0.60703125 0.940625 0.01328125 0.05
5 0.90390625 0.5140625 0.04296875 0.028125
0 0.6515625 0.8734375 0.0140625 0.04765625
0 0.62265625 0.93984375 0.01328125 0.05546875
0 0.84609375 0.584375 0.03125 0.02265625
0 0.771875 0.1796875 0.01328125 0.05390625
0 0.79921875 0.58359375 0.03515625 0.0265625
5 0.578125 0.35546875 0.040625 0.0296875
0 0.2234375 0.64296875 0.04140625 0.0375
3 0.16328125 0.971875 0.065625 0.05546875
0 0.90234375 0.5875 0.0421875 0.03125
5 0.8546875 0.51015625 0.04375 0.03203125
5 0.92109375 0.14765625 0.0171875 0.065625