0 0.1739608666897065 0.3971760866884081 0.03374008293962456 0.02694430800445442
0 0.2851910325689556 0.4515737800365892 0.03535714664195542 0.028524989337999785
0 0.5562798372856118 0.5664015380728603 0.0336855192372937 0.02538180800445424
0 0.08621533002921766 0.3891266820098632 0.03691964664195542 0.028543170671545236
0 0.4498984064302383 0.6955794133911336 0.03691964664195542 0.028543170671545326
0 0.3027406311176768 0.4174169560391345 0.03374008293962456 0.026944308004454243
0 0.2257961852013608 0.40558857069540777 0.03691964664195542 0.028543170671545326
0 0.060168696001134 0.3365011213399088 0.03686508293962454 0.026980670671545238
0 0.9541121581595189 0.41952982212758505 0.03546627404661713 0.031649989337999784
5 0.9231920295737307 0.49570142345635804 0.04015377404661713 0.03170453333863606
5 0.7315303523465543 0.7097895534293138 0.03859127404661713 0.03168635200509069
5 0.6475819382814036 0.6986606020846324 0.04015377404661713 0.03170453333863606
5 0.9800323066155727 0.49089629213076674 0.03697421034428601 0.030105670671545327
0 0.35633685707105967 0.38680330271322516 0.038482146641955414 0.02856135200509069
0 0.3920486677781656 0.4254845420512249 0.03691964664195542 0.028543170671545326
5 0.5711632820208015 0.6571628980744512 0.04015377404661713 0.03170453333863606
5 0.8659673174153459 0.42240882678226743 0.03691964664195524 0.028543170671545326
0 0.9285517184032888 0.9793731580601335 0.018988102176918174 0.04125368387973296
0 0.6796924784004537 0.14222933609163216 0.0207688569862416 0.05803067600254534
0 0.9599454959084668 0.4523968661282213 0.030560519237293703 0.025345445337363513
0 0.6162177662420688 0.0688640140833598 0.01904266587924912 0.05332499466899989
0 0.5839136977304145 0.060678796745678186 0.019206356986241603 0.058012494668999895
0 0.6866393936467305 0.07280717409290483 0.019206356986241603 0.058012494668999895
0 0.6012103251350762 0.06400379141467807 0.019206356986241603 0.058012494668999895
0 0.7052257025397379 0.06833785009545015 0.019097229581580066 0.05488749466899989
0 0.6685887980932342 0.0702543387571322 0.02093254809323426 0.06271817600254534
0 0.5690699477304145 0.060506074076996465 0.01931548439090349 0.06113749466899989
0 0.6592981328469574 0.13964922875554137 0.020714293283910834 0.05646817600254535
0 0.35591276033643704 0.46411069004613426 0.028943455534962758 0.023764764003817974
0 0.6358035799443996 0.07065378075267786 0.019097229581580066 0.05488749466899989
0 0.7038889249497418 0.27605035276095025 0.017261911069925695 0.04705681333545444
0 0.4989459646054556 0.24399018873326966 0.022549611795565028 0.0642988573360908
0 0.6499206436467305 0.07237991275458686 0.019151793283910833 0.056449994668999894
5 0.8750620644201211 0.4592184834499946 0.04015377404661713 0.03170453333863606
0 0.9342610266633239 0.8574019921228124 0.024221239200226917 0.06744203866963616
0 0.8199852502544541 0.9794998800524976 0.026746038474587407 0.041000239895004856
0 0.784032848170203 0.8267594247692227 0.022222229581580065 0.054923857336090974
3 0.1925793696001134 0.03582096335931698 0.07578373920022678 0.06804202267663591
0 0.8283780704953887 0.7101355461091313 0.045004965153609786 0.0364465773392725
0 0.8831796763005041 0.8482173487825856 0.020277783665263983 0.043968176002545434