3 0.9239926948936199 0.09956051541211333 0.13690773677523324 0.07959965471124746
3 0.5059868765624731 0.22293657533881137 0.0480272472985769 0.07649679802252854
0 0.40583860323788556 0.6065246075218982 0.03196263154179633 0.04113845222957302
0 0.21853529528890805 0.5628231560486298 0.03187162628012441 0.03957595222957302
5 0.5797766321770808 0.5858029260754456 0.06615562101845249 0.04041718639013112
0 0.6536900872411084 0.37211213065080695 0.034905621018452494 0.038231973516896466
0 0.1328344717666765 0.7384347972662239 0.06350105787839037 0.02155792574646931
0 0.7053164165191221 0.7147423910423673 0.07213260523343692 0.03616672896477802
0 0.3608207768024695 0.4844035890845662 0.02829159997176518 0.031544930942249395
0 0.7186024556993124 0.4064764229733524 0.03803062101845249 0.038450494804219915
0 0.4555527790097823 0.033502370763449904 0.03196263154179633 0.04113845222957298
0 0.09886607934860074 0.41324340915072294 0.03178062101845254 0.038013452229573017
0 0.6941282875375746 0.6797336065134919 0.08454159997176518 0.035478314114071985
0 0.22028386596854216 0.17211067473806324 0.03196263154179615 0.04113845222957293
0 0.7517635661944212 0.3714787101001177 0.04115562101845249 0.038669016091543364
0 0.949153776661295 0.29543039028606255 0.060558068401734035 0.024464404459145862
0 0.019019684652624904 0.46162056101197885 0.03159861049510883 0.03488845222957302
0 0.5853371164626524 0.6639989818916442 0.06368306840173403 0.024682925746469308
0 0.9205576107774576 0.19861537444662075 0.04391659997176518 0.032637537378866856
0 0.8753816186699652 0.19944018311281103 0.047405621018452845 0.0391060586661903
0 0.9349569558404867 0.5391803902860626 0.056689615756780755 0.03819912252816078
0 0.8832979323747248 0.7715447760557751 0.06579159997176517 0.034167186390131124
0 0.12110104023899773 0.7929419808063635 0.06506355787839033 0.02166718639013112
0 0.4314866764777685 0.13944636816555986 0.03352513154179633 0.04124771287323474
0 0.6122867533367076 0.6955714099839021 0.07949007892507769 0.028900532183086726
1 0.021081255544020527 0.6113856142302876 0.04216251108804105 0.052228771539424915
0 0.8064393007623414 0.7419061885606928 0.06422909997176518 0.034057925746469306
0 0.029471337241108526 0.8469899784605751 0.05894267448221705 0.030932925746469664
0 0.7724808006917543 0.6703643243304052 0.07856461575678057 0.03972877153942491
3 0.19974531086216213 0.33771924924369534 0.03975972099021767 0.06813799480421992
5 0.8790500481315056 0.737606818630422 0.06891659997176518 0.034385707677454566
3 0.0498062240445766 0.7684115103915602 0.0996124480891532 0.041301979216879656
0 0.04330924018252799 0.7392485342767736 0.0839045631400622 0.02454081411407181
5 0.78592167441163 0.7067717178937878 0.08178062101845249 0.041509792826748534
0 0.04242230339317735 0.7945533933112812 0.06350105787839033 0.02155792574646931
0 0.9198919399142967 0.39706929994098855 0.04896812101845249 0.03921531930985198
0 0.8731457425310152 0.3847767495726715 0.050530621018452494 0.039324579953513884