3 0.478125 0.59609375 0.1 0.08046875
3 0.9109375 0.953125 0.0546875 0.09375
3 0.94140625 0.5015625 0.075 0.04140625
0 0.525 0.48515625 0.03671875 0.03515625
0 0.98515625 0.83984375 0.0296875 0.03203125
5 0.89609375 0.33828125 0.040625 0.03046875
0 0.57265625 0.5640625 0.0375 0.034375
0 0.32578125 0.375 0.03671875 0.046875
0 0.82109375 0.3734375 0.0328125 0.04296875
0 0.70390625 0.80078125 0.02578125 0.06875
5 0.440625 0.5640625 0.04296875 0.04296875
0 0.5828125 0.51484375 0.03828125 0.03515625
5 0.4953125 0.5359375 0.04296875 0.0421875
0 0.6765625 0.70078125 0.0203125 0.08203125
0 0.57109375 0.4609375 0.04140625 0.03671875
0 0.98203125 0.02578125 0.034375 0.0296875
0 0.6640625 0.9359375 0.0265625 0.05703125
5 0.73828125 0.77265625 0.02734375 0.07109375
0 0.6859375 0.94140625 0.0234375 0.0609375
0 0.71328125 0.86953125 0.028125 0.0703125
3 0.98046875 0.1796875 0.0390625 0.059375
0 0.7625 0.6734375 0.0203125 0.06796875
3 0.6484375 0.4328125 0.0234375 0.115625
3 0.70625 0.04921875 0.01953125 0.09375
0 0.34453125 0.546875 0.03046875 0.03515625
3 0.37109375 0.5890625 0.05625 0.05546875
3 0.6765625 0.24375 0.02578125 0.13046875
0 0.35 0.83125 0.034375 0.04375
0 0.64296875 0.0046875 0.015625 0.00859375
0 0.30546875 0.86953125 0.03984375 0.05
0 0.77578125 0.771875 0.02890625 0.0625
5 0.13125 0.0265625 0.03671875 0.0359375
0 0.26328125 0.17421875 0.0296875 0.0640625
5 0.45703125 0.9140625 0.0390625 0.05859375
5 0.72421875 0.6875 0.02421875 0.075
0 0.9359375 0.290625 0.04453125 0.03671875
0 0.9640625 0.3421875 0.04296875 0.03984375
0 0.64453125 0.0984375 0.015625 0.065625