5 0.8295385508368807 0.27188751223535357 0.08773634933607007 0.04368056733052796
0 0.33468965914994103 0.3342783185964723 0.056486349336070066 0.04258929328391083
5 0.7715604835981432 0.9127009959932849 0.05970225292686635 0.05832342068857273
0 0.1434970325883121 0.3643130150609425 0.07046703610435348 0.029017866604888455
5 0.5108123184962738 0.5333582032575281 0.04560339149054773 0.05158234736759475
0 0.6363991675377563 0.7728522675928312 0.048682939695149766 0.04387897477225664
5 0.7044158309893057 0.24642866604888516 0.09400453005422929 0.04702382213985139
0 0.025469195254294565 0.35003720553496287 0.04701135538619426 0.025074411069925695
3 0.04359702653818787 0.37800843811176765 0.08303066861791084 0.04039187622353531
0 0.3766670391294156 0.031118602261736256 0.0297784035907962 0.016661710344286262
0 0.11345500858420698 0.3023388047166562 0.07832498789975158 0.03710318511654283
0 0.19592870364210982 0.7840278035355299 0.0689681686179108 0.03990080290255769
0 0.8379111496819714 0.6369495170446771 0.05024543969514994 0.043933538474587405
0 0.9304334303253757 0.2949381210356938 0.0611102168225127 0.031815484390903405
3 0.04217997228346175 0.40295387440943686 0.07990566861791082 0.04028274881887377
5 0.108981132022578 0.3388938636096636 0.07985112646343313 0.030907748818873683
5 0.07177865221605408 0.9257564573490613 0.039298849336070064 0.041989092558271324
0 0.8834372731203424 0.6752506144122717 0.05812157220870695 0.0551438569862416
5 0.9067697131100797 0.5237526017984001 0.06120112041330898 0.047440484390903495
0 0.5942777617074649 0.24570692503455982 0.06108294574527395 0.027127984390903314
0 0.15620156566760346 0.3999057746795893 0.06888635538619425 0.025838302902557685
0 0.11010729478675634 0.26394842731199447 0.07520907825883123 0.038556557711881115