0 0.628125 0.08828125 0.0359375 0.03359375
0 0.628125 0.05078125 0.0375 0.034375
0 0.67265625 0.48203125 0.03828125 0.02734375
0 0.57734375 0.50390625 0.03671875 0.03125
0 0.8234375 0.56796875 0.04140625 0.0296875
0 0.5984375 0.134375 0.0359375 0.0328125
0 0.603125 0.16953125 0.03671875 0.03359375
0 0.5859375 0.0296875 0.03984375 0.0328125
0 0.5078125 0.25546875 0.0328125 0.0296875
0 0.39921875 0.0953125 0.01484375 0.06328125
0 0.72890625 0.465625 0.03984375 0.03203125
0 0.63515625 0.12109375 0.0328125 0.03046875
0 0.5078125 0.2890625 0.03359375 0.02890625
0 0.8890625 0.55 0.03515625 0.028125
0 0.77109375 0.57890625 0.0359375 0.028125
0 0.50703125 0.21875 0.034375 0.02890625
0 0.596875 0.346875 0.015625 0.05859375
0 0.61953125 0.49609375 0.03671875 0.03046875
0 0.5046875 0.18359375 0.028125 0.0265625
0 0.66796875 0.9703125 0.0125 0.05859375
0 0.6390625 0.6078125 0.034375 0.028125
5 0.1828125 0.615625 0.0421875 0.03984375
0 0.71953125 0.5921875 0.04140625 0.03203125
0 0.615625 0.3359375 0.0140625 0.05078125
0 0.9734375 0.95546875 0.021875 0.0578125
0 0.765625 0.58828125 0.0328125 0.028125
3 0.26171875 0.21640625 0.02890625 0.1203125
0 0.58359375 0.0046875 0.03515625 0.009375
0 0.6234375 0.01640625 0.0328125 0.02734375
0 0.91875 0.4234375 0.03984375 0.03125
0 0.7875 0.453125 0.040625 0.03125
0 0.92890625 0.54296875 0.034375 0.0265625
5 0.2125 0.7609375 0.03671875 0.05859375
5 0.24921875 0.81640625 0.0375 0.05859375
5 0.31640625 0.95234375 0.025 0.08203125
5 0.45234375 0.85625 0.01875 0.06328125
5 0.40859375 0.27890625 0.0171875 0.06484375
0 0.403125 0.18203125 0.01796875 0.07109375
0 0.24375 0.03046875 0.02109375 0.0546875
0 0.546875 0.628125 0.0390625 0.03671875
0 0.5890625 0.6171875 0.03671875 0.03515625
0 0.6046875 0.86015625 0.01875 0.07734375
0 0.69140625 0.9671875 0.01796875 0.065625
0 0.7140625 0.96796875 0.01796875 0.06328125
0 0.89140625 0.96484375 0.0171875 0.04140625
0 0.87265625 0.43359375 0.04453125 0.0390625
0 0.9828125 0.5265625 0.034375 0.04140625
0 0.57421875 0.3453125 0.0171875 0.0546875
0 0.54921875 0.3546875 0.0203125 0.07109375
0 0.6359375 0.33125 0.01796875 0.0640625
0 0.65625 0.33046875 0.01953125 0.0671875
0 0.5890625 0.096875 0.03671875 0.0390625