0 0.5318699482026256 0.5219346452842364 0.04394118969849785 0.04322836829088246
3 0.7879591621570665 0.9076161196843835 0.046906693032477874 0.06051599784053181
5 0.7796047860940506 0.8437538787836821 0.0344386439408634 0.041065090992986344
5 0.8235939021551267 0.8535003161683259 0.039508781213766754 0.0460529796419344
0 0.4636624689554109 0.39829568862126136 0.04394118969849785 0.04322836829088237
0 0.3222568636451803 0.21494986736803173 0.04719373545613248 0.044991127390180984
0 0.5089425022952098 0.5681680976282749 0.04250623545613248 0.0446907387412331
0 0.29773329063597853 0.7803931971022512 0.07155600666795969 0.0387807001845701
0 0.8706774856253103 0.45860002391103516 0.06556109818322894 0.04150518198597286
0 0.40631235456132464 0.39804416718346153 0.04081618969849785 0.04302810919158375
0 0.4781869677474629 0.5088827351974887 0.04575878121376693 0.04645349784053181
0 0.2767213519762507 0.15739698565891405 0.04368609818322877 0.04010336829088237
0 0.42144327592293307 0.3428862978128451 0.04575878121376711 0.046453497840531634
0 0.7222710339680187 0.7186327652731619 0.054783094849248926 0.023716904688076922
0 0.3066460339680187 0.7452672254798813 0.09056109818322877 0.04310725478036197
0 0.693938868815328 0.6890349028423757 0.06741064060688337 0.02608044108527139
0 0.8319482782181428 0.9173625570690274 0.03160068636451783 0.02533996144333699
0 0.19915368774164388 0.37126732341269797 0.050191189698497896 0.04362888648947969
3 0.10372845699661719 0.7127212430601697 0.05864141848667059 0.051942034237726274
2 0.9380888998599172 0.5719430282299719 0.12382220028016562 0.056426880011074584
5 0.6015765413848845 0.5292476950996663 0.05057382697140156 0.04831638648947969
5 0.49224869411973965 0.7388706238464368 0.08848841515269079 0.03675712523071262
0 0.8220017721299111 0.17978341148024893 0.06843100666796005 0.03858044108527148
0 0.3771673753141099 0.2719019717792534 0.05213632697140156 0.04841651603912896
0 0.44405134168444693 0.44667263186600115 0.047448826971401556 0.048116127390180986
0 0.14687383955841504 0.3369214042266516 0.05994882697140151 0.04891716378737554
5 0.9460775166698994 0.025759640660758004 0.04524859818322895 0.04020349784053166
5 0.13196580092778226 0.4910174213455146 0.06945137272903605 0.05108044108527139
0 0.9594045010872618 0.6508189998523417 0.07535068636451818 0.02814358883351815
0 0.9913093657712121 0.6747082803894402 0.01738126845757577 0.025980311535622212
5 0.8120985506379181 0.7992633991417477 0.04276132697140156 0.047815738741233106
3 0.8782972486713657 0.8790522262550736 0.05701501666989941 0.08914164558877821
3 0.8557210048802837 0.7948972717515668 0.05886455909355419 0.07371690468807693