0 0.1145383763009959 0.298131133423924 0.02770892017181654 0.023732430942249482
0 0.0087027951160457 0.620427114482389 0.0174055902320914 0.023841691585911207
0 0.045506172546665724 0.13412898156266811 0.024665807326946277 0.025076409654926034
0 0.031504548281834736 0.2217546677006977 0.02614642017181653 0.023623170298587758
0 0.2009683627333286 0.6687874768710911 0.027708920171816497 0.023732430942249395
0 0.03491283129852151 0.2016060586661903 0.02614642017181653 0.023623170298587758
0 0.07712026345612566 0.2939463779760424 0.029353307326946278 0.025404191585911208
0 0.46098517186929716 0.6148312224316157 0.03091580732694634 0.02551345222957302
0 0.5707010085948856 0.6758229887752606 0.027790807326946165 0.025294930942249393
0 0.23505335142490952 0.10817775880207633 0.027790807326946342 0.025294930942249483
0 0.0384848886254678 0.1783324496316829 0.02614642017181652 0.023623170298587758
0 0.21752061341069712 0.21829580397461332 0.026228307326946344 0.02518567029858776
0 0.23850257801916114 0.08724789976756893 0.026146420171816585 0.023623170298587758
0 0.5431425746282592 0.6331220365456875 0.030833920171816586 0.023950952229573018
0 0.053103988580039264 0.0938863938154842 0.026310194482076034 0.02674817029858776
0 0.11790571574011781 0.2787637743894166 0.027708920171816497 0.023732430942249482
0 0.20573990841317152 0.3084291310781355 0.027708920171816587 0.023732430942249482
0 0.13391689733189507 0.1677552185732179 0.027708920171816497 0.023732430942249482
0 0.8276536934660232 0.7102572449794469 0.034122694482076096 0.027294473516896466
0 0.1690621019907364 0.30508025595208477 0.024583920171816497 0.023513909654926037
0 0.024319490050377306 0.2690831357697125 0.029271420171816526 0.023841691585911207
0 0.1776458859119343 0.2609860485267317 0.024665807326946253 0.025076409654926034
0 0.21443431422435122 0.022835838503488564 0.02738137155129756 0.017482430942249494
0 0.1437733384230691 0.6679244633774377 0.027708920171816497 0.023732430942249395
0 0.17256556026762235 0.34296266820490084 0.024583920171816542 0.023513909654925946
0 0.22462378448702483 0.1725298359055985 0.026146420171816585 0.023623170298587758
0 0.15588482982818347 0.032855694688004373 0.029353307326946253 0.02540419158591123
0 0.10692835142490953 0.09921838602181406 0.024583920171816497 0.023513909654926037
0 0.26072065750866036 0.336581264249958 0.02293953301668683 0.02184214901126431
0 0.5182997048859839 0.5984521056034382 0.027708920171816587 0.023732430942249395
0 0.1487407151742909 0.07940291275701916 0.027708920171816497 0.023732430942249482
0 0.21128057948949924 0.26255390236545895 0.026228307326946344 0.02518567029858776
0 0.06390204771600785 0.022503066711962005 0.021458920171816543 0.023295388367602553
0 0.10167428539153596 0.1396248647344906 0.027708920171816497 0.023732430942249482
0 0.1424597376755281 0.12444226114786483 0.027708920171816497 0.023732430942249482
0 0.028014378110018213 0.24346577673520509 0.02770892017181653 0.023732430942249572
0 0.5187323948455042 0.6949282678562542 0.024583920171816587 0.023513909654926123
0 0.08410060379975871 0.2505241599070276 0.02770892017181652 0.023732430942249572
0 0.1312489207376434 0.18873970792955616 0.0261464201718165 0.023623170298587758
0 0.12076620137948099 0.014717699883784463 0.024092597241038006 0.014138909654926025
0 0.2705327487568046 0.26904955682460485 0.02293953301668683 0.02184214901126431
0 0.20787229647281244 0.2827025113999664 0.024583920171816497 0.023513909654926037
0 0.263388634102912 0.3155967748936197 0.02137703301668683 0.021732888367602586
0 0.7898980659218319 0.6676273485660726 0.0325601944820761 0.027185212873234832
0 0.18897953358251368 0.19434485174504035 0.02770892017181654 0.023732430942249482
0 0.2670835221625529 0.28997941585911235 0.02137703301668683 0.0217328883676025
0 0.08044665931768268 0.275360268941535 0.02770892017181652 0.023732430942249482
0 0.9228057411820311 0.7349455245646436 0.030915807326946165 0.02551345222957302
0 0.20573102159672602 0.0841721762506725 0.026146420171816585 0.023623170298587758
0 0.018079456129179376 0.3133412341605582 0.022939533016686775 0.02184214901126431
0 0.07426974389556454 0.6026875934471672 0.03412269448207601 0.027294473516896466
0 0.14689493215760413 0.0996607824351883 0.02770892017181654 0.023732430942249482
0 0.10426037483065786 0.12020287537815233 0.024583920171816542 0.023513909654926037
0 0.2413752725012372 0.06235716041123066 0.0261464201718165 0.023623170298587758
0 0.12229996664462894 0.2547635456767401 0.027708920171816497 0.023732430942249482
0 0.06698278211217562 0.008604457677454606 0.02228443577564876 0.009342149011264293
0 0.1978056569428335 0.13066476399785643 0.027790807326946297 0.025294930942249483
5 0.358794150838398 0.7394163231682498 0.0217798247398008 0.05912362772394068
0 0.11136354590698554 0.07443690730913752 0.024583920171816542 0.023513909654926037
5 0.5917471709647859 0.6482824968210322 0.034122694482076096 0.027294473516896466
0 0.2904402142697798 0.11361901165206793 0.02293953301668683 0.02184214901126431
0 0.12496794323888061 0.2337790563204018 0.027790807326946255 0.025294930942249483
0 0.09539330789277316 0.18466421312533626 0.029271420171816543 0.023841691585911207
0 0.17957355608375086 0.23916567884856255 0.021213258706427273 0.0186078883676025
1 0.3343042424252265 0.44366142675487563 0.04158771370395291 0.11032549480421991
0 0.2578070194490195 0.36225325360629623 0.024583920171816587 0.023513909654925946
0 0.08598733039401037 0.22948504022885846 0.026146420171816544 0.023623170298587758
0 0.39630071065173517 0.21825151735205112 0.016355340343632997 0.044733345792955605
0 0.32836858717987366 0.9309646848006473 0.021288501809022264 0.04974862772394069
0 0.2536993735874624 0.38078473231897275 0.024583920171816587 0.023513909654926037
0 0.20778152250123721 0.06000805657250337 0.021377033016686742 0.021732888367602544
0 0.09728003448702481 0.1636250934471671 0.02614642017181652 0.023623170298587758
0 0.18400875056582688 0.214384200135886 0.026146420171816544 0.023623170298587758
0 0.22799112392614668 0.15316247687109114 0.0294351944820761 0.026966691585911206
0 0.11555307892367232 0.05434292859646099 0.024583920171816497 0.023513909654926037
0 0.051831499888458345 0.6567905854013955 0.03256019448207603 0.027185212873234655
0 0.2022817950024744 0.10510203528517989 0.027708920171816497 0.023732430942249482
0 0.21040855551792398 0.03980481721616509 0.024583920171816587 0.023513909654926023
0 0.11061443690730252 0.4029278940675858 0.016519114653892553 0.0478583457929556
0 0.11834388625061858 0.03101468924012273 0.024583920171816497 0.023513909654926023
0 0.412420355608781 0.22486750411049933 0.021452276119281778 0.052873627723940865
0 0.12307349332973765 0.40458322921687967 0.017999727498762795 0.04640510643661742
0 0.5297451379480993 0.6643338317182247 0.024583920171816587 0.023513909654926123
0 0.22425861431520827 0.1944594662274294 0.024583920171816497 0.023513909654926037
0 0.07847140151576656 0.26816512797604236 0.02770892017181654 0.023732430942249482
0 0.03499696121756203 0.3945037528499916 0.019726001809022307 0.04963936708027905
0 0.02713695782666003 0.9185257608957633 0.03494156603337354 0.04291947351689629
0 0.9332010085948855 0.7011714581047832 0.0356851944820761 0.0274037341605581
0 0.30091072478522934 0.048485684548545724 0.01825203301668683 0.021514367080279075
0 0.21727827397157523 0.23788168429644418 0.024583920171816497 0.023513909654926037
0 0.051738483152972345 0.23963593639013112 0.02285100180902231 0.0498578883676025
0 0.4176954330621153 0.0942894934668376 0.021452276119281778 0.052873627723940816
0 0.1612728561746079 0.4088226149865921 0.016437227498762842 0.046295845792955606
0 0.1918522280645897 0.16945411238870206 0.027790807326946255 0.025294930942249483
0 0.43981833729141534 0.2855918366619032 0.019726001809022266 0.04963936708027905
0 0.20449274819097768 0.0629145352851799 0.021377033016686742 0.021732888367602544
0 0.22439033186434837 0.4163726710548924 0.016437227498762752 0.046295845792955606
0 0.17423760289524756 0.28113465756123907 0.02450203301668674 0.021951409654926035
0 0.13913334181397108 0.14302837018237222 0.0308339201718165 0.023950952229572976
0 0.21110908186434835 0.4154439555837676 0.017999727498762753 0.04640510643661742
0 0.059425909656366946 0.048065795424638534 0.023103307326946276 0.02496714901126429
0 0.15144963534610745 0.0576371734006809 0.029271420171816498 0.023841691585911227
0 0.19943127544191327 0.4138432507563047 0.016273453188503328 0.0431708457929556
0 0.18458752544191329 0.41280527464151817 0.016355340343633083 0.044733345792955605
0 0.27311883819592647 0.24962756746826664 0.02293953301668683 0.02184214901126431
0 0.017301528155446732 0.3281849841605582 0.024502033016686776 0.021951409654925945
0 0.09104000056582688 0.20788319183801277 0.027627033016686786 0.02216993094224957
0 0.08072994233436945 0.2549931386197041 0.02614642017181652 0.023623170298587758
0 0.17303254975217278 0.4088608198140552 0.016437227498762797 0.046295845792955606
0 0.3811936097926525 0.3269709534900807 0.017754066033373483 0.04171760643661733
0 0.24646888625061864 0.039974062020385004 0.0294351944820761 0.02696669158591123
0 0.048401041950256664 0.39308871832111636 0.017999727498762795 0.04640510643661733
0 0.252016201379481 0.023895593951370205 0.02721759724103805 0.014357430942249495
5 0.3985382400503773 0.29525105992669803 0.023506099050060313 0.0623578883676025
0 0.1456887997521728 0.4069487585499748 0.016355340343633083 0.044733345792955605
0 0.1960008175037116 0.15014138367602556 0.024502033016686787 0.021951409654926035
0 0.07319632406243229 0.3987431386197041 0.017999727498762795 0.04640510643661733
0 0.29984619176854255 0.06879818454854572 0.02631019448207601 0.02674817029858776
0 0.30205714495704583 0.026610684548545725 0.017760710085908293 0.012139367080279084
0 0.059142626639680174 0.06843292574646939 0.02442014586155703 0.020388909654926034
0 0.04444163952997895 0.15444148156266813 0.02770892017181652 0.023732430942249482
0 0.04973664914091737 0.11325375284999159 0.024665807326946277 0.025076409654926034
0 0.020952150611255407 0.2884504948042199 0.029271420171816526 0.023841691585911207
0 0.013771493668421921 0.3521852128732347 0.027542987336843842 0.023841691585911207
0 0.2946706908640314 0.09274378293939138 0.0263101944820761 0.02674817029858776
0 0.23308473767552812 0.13077937848024546 0.03099769448207601 0.027075952229572976
0 0.12689561341069716 0.21195868664223266 0.0308339201718165 0.023950952229573018
0 0.159047451379481 0.017394585653496976 0.031905097241038 0.0146852128732347