0 0.13859611201929942 0.909247969994181 0.0222022824674041 0.020535640606883378
0 0.15884042817192356 0.911496125144932 0.022229556006354435 0.022098140606883733
0 0.23139726664568205 0.8665665202937435 0.025490923701106106 0.030165732122152632
0 0.25473930925935584 0.8701220839292254 0.02869774431795715 0.035108323637421536
0 0.6330565929412806 0.3812999893698405 0.025518197240056394 0.03172823212215255
0 0.08261093912897219 0.8092796630266588 0.02551819724005646 0.03172823212215263
0 0.17985235755507253 0.914461757416866 0.02225682954530477 0.02366064060688373
0 0.25851887419416403 0.8323669924139564 0.02710797077900686 0.03341827787978709
0 0.6610315884770538 0.38759791573241886 0.025545470779006863 0.03329073212215254
0 0.6698607122575901 0.10524780133833253 0.02869774431795715 0.035108323637421626
0 0.616085912343611 0.8172215139156478 0.025518197240056394 0.03172823212215263
0 0.29848712946916983 0.6878996442307275 0.023873876623205437 0.02691318636451818
0 0.5926282362035776 0.2839624748259729 0.025518197240056394 0.03172823212215263
0 0.6488434598252535 0.5048332131570433 0.038018197240056395 0.03274859818322895
0 0.062366622976348055 0.8070315078759076 0.02390115016215577 0.028475686364517826
0 0.7367055186709817 0.2534782651235957 0.025490923701106283 0.030165732122152546
0 0.6547873169666983 0.29839189452059156 0.025490923701106106 0.030165732122152632
0 0.2679268762227589 0.7403230136257836 0.025490923701106106 0.030165732122152632
0 0.7616588798729117 0.34349748724380863 0.025518197240056394 0.03172823212215255
0 0.18149449838173748 0.7309955531745004 0.027080697240056482 0.031855777879787085
0 0.25333827070287185 0.682223471202129 0.02384660308425506 0.025350686364518003
5 0.6267577743530245 0.2952189681580132 0.025518197240056394 0.03172823212215263
0 0.6423458181845143 0.3407547377028506 0.02869774431795715 0.035108323637421626
0 0.013438199275241921 0.8391104263625785 0.023901150162155778 0.028475686364517826
0 0.22498757955189533 0.9209191804454644 0.02384660308425506 0.025350686364517826
0 0.10218705357731302 0.8498090681774098 0.025490923701106106 0.030165732122152632
0 0.04917292208284361 0.7137119425734358 0.025490923701106127 0.030165732122152632
0 0.6620385296280302 0.15113425724768798 0.028752291395857908 0.03823332363742162
0 0.24532517330065956 0.7390474271114844 0.023901150162155816 0.028475686364518183
0 0.042930830362674234 0.8031570798463395 0.025490923701106127 0.030165732122152632
0 0.22291833929112795 0.7713018177183679 0.025463650162155814 0.028603232122152634
0 0.20319440016874638 0.9180173210523478 0.02384660308425506 0.025350686364517826
0 0.6452953145310664 0.2164722148240333 0.025490923701106106 0.030165732122152632
0 0.12774616112579498 0.8157370860552572 0.025518197240056485 0.03172823212215263
0 0.22921497808919802 0.6787316804454643 0.023873876623205437 0.026913186364518005
0 0.5712603819048018 0.7483278637658666 0.025490923701106106 0.030165732122152632
0 0.2633933348269011 0.77657937801987 0.025463650162155814 0.028603232122152634
0 0.2111665872625331 0.8635371151429924 0.025490923701106106 0.030165732122152632
0 0.7441172293070141 0.6780478304260675 0.04270569724005639 0.0331312354561323
0 0.0740911014659926 0.7163587104512834 0.02551819724005646 0.03172823212215263
0 0.4866826047124035 0.6327504033145832 0.044240923701106105 0.03169628121376711
5 0.8062015868522007 0.16043002466649342 0.02869774431795733 0.035108323637421626
0 0.4828722175391865 0.9404353575569487 0.023873876623205347 0.026913186364517828
0 0.15446834821958172 0.7597263310542874 0.025518197240056485 0.03172823212215263
0 0.6168100300350673 0.3287967427038204 0.023873876623205347 0.026913186364518005
0 0.30090697159637625 0.7727370298366412 0.023873876623205437 0.026913186364518005
0 0.19159047281419225 0.8230077099922415 0.023901150162155816 0.028475686364517826
0 0.15111547727841915 0.8177301496907393 0.023873876623205437 0.026913186364517828
0 0.23516319481101505 0.8295926787784744 0.02710797077900686 0.03341827787978709
0 0.22120188068698576 0.7355556363548197 0.023901150162155816 0.028475686364518006
0 0.32192462946916983 0.6859864578662094 0.023873876623205437 0.026913186364518005
0 0.5139313027665342 0.948821942404258 0.025272735389503254 0.01766573212215263
0 0.13711325284596437 0.7260368572670846 0.02390115016215577 0.028475686364518183
0 0.002188422486585416 0.8351722254541928 0.004376844973170832 0.026530549091614473
0 0.30981654708449125 0.9327179366543821 0.027080697240056396 0.03185577787978744
0 0.07881773742468887 0.847816004541928 0.02390115016215577 0.028475686364517826
0 0.07971953855977931 0.6620698231783797 0.025463650162155772 0.028603232122152634
0 0.27280133685549596 0.6845353992316973 0.02384660308425506 0.025350686364518003
0 0.0375751286583909 0.841820967119243 0.02390115016215577 0.028475686364518183
0 0.05858705804153989 0.844786599391177 0.02390115016215577 0.028475686364517826
0 0.02814735593021946 0.7115275603015021 0.02390115016215578 0.028475686364518006
0 0.6844866793864443 0.42937095648908363 0.028752291395857908 0.03823332363742153
0 0.6050815974055075 0.37500206300726213 0.025490923701106283 0.030165732122152546
0 0.26854666477924294 0.9282853992316973 0.02384660308425506 0.025350686364517826
0 0.197218909907979 0.7687188227193378 0.023846603084255145 0.025350686364518184
0 0.359136482960462 0.8335152910465288 0.047284103084255055 0.02726387272903601
0 0.29113473093186715 0.9303422357459965 0.023873876623205524 0.026913186364517828
0 0.3682581128300783 0.7578775622583561 0.04254205600635448 0.02375623545613248
0 0.1862484078793841 0.8608903472651448 0.025490923701106106 0.030165732122152632
0 0.6129103194056256 0.8650690825520997 0.025490923701106106 0.030165732122152632
0 0.3637245714342205 0.7941339266524425 0.04254205600635448 0.023756235456132303
0 0.044693927764886475 0.7468433069675222 0.023873876623205437 0.026913186364518005
0 0.05301316802565383 0.8959504866640804 0.025300008928453743 0.019228232122152633
0 0.09424214002247663 0.9027267740867654 0.023737508928453742 0.019100686364517828
0 0.35104156494139876 0.8950267469558841 0.04884660308425506 0.02739141848667046
0 0.17059218020051845 0.8192608277203075 0.02390115016215577 0.028475686364517826
0 0.49199344196834593 0.5519627889204969 0.04731137662320535 0.028826372729036008
0 0.8913291944039781 0.6020598020872386 0.05199887662320535 0.029209010001939716
0 0.8634773352339382 0.9015654655729394 0.03968979139585791 0.0391261439408634
0 0.6289066554404569 0.26149767240037863 0.023873876623205347 0.026913186364518005
0 0.365491622976348 0.7822876308948079 0.044077282467404014 0.022321281213767107
0 0.37184676299223407 0.731059970743087 0.045694329545304765 0.025573826971401557
0 0.09061039976170926 0.7532369571173034 0.027080697240056482 0.031855777879787085
0 0.20894338839762355 0.6780460252947134 0.02225682954530477 0.023660640606883377
0 0.14656829911308616 0.8547677640848257 0.025490923701106106 0.030165732122152632
0 0.11533371023229053 0.7223537478739681 0.025518197240056485 0.03172823212215263
0 0.12319898296046199 0.8527747004493434 0.02390115016215577 0.028475686364517826
0 0.008468560270358031 0.7422832237872028 0.016937120540716062 0.028475686364518006
0 0.06961210714803545 0.7494900748453697 0.02390115016215577 0.028475686364518183
0 0.17779675406378034 0.7640631446897694 0.02390115016215577 0.028475686364518006
0 0.2149597889668164 0.8250007736277233 0.025490923701106106 0.030165732122152632
0 0.36572344805742596 0.7690063808948079 0.04410455600635439 0.023883781213767108
0 0.34286837500494294 0.6928583401381432 0.027080697240056396 0.031855777879787085
0 0.37084732468063136 0.7436237436219043 0.04254205600635439 0.02375623545613248
5 0.2467807589350443 0.9238210398385807 0.023873876623205437 0.026913186364517828
0 0.016968829953989496 0.7998566077261267 0.03393765990797899 0.035618506667959696
0 0.0826008510589555 0.5416935502995625 0.05199887662320544 0.029209010001939716
0 0.3593546712720647 0.8210152910465288 0.045694329545304765 0.025573826971401557
5 0.6518830905089439 0.7776329843688707 0.028779564934808023 0.03979582363742153
0 0.25308094643257284 0.5628835398385809 0.047284103084255055 0.02726387272903601
0 0.18101107752000517 0.5352206675685867 0.04572160308425506 0.02713632697140156
0 0.43055138149776473 0.5858433234682437 0.04884660308425524 0.02739141848667064
0 0.6261154772784192 0.7789562393698406 0.025518197240056394 0.03172823212215263
0 0.11137509294457595 0.9044487707527853 0.0253272824674041 0.020790732122152634
0 0.01596237053742077 0.510060655150751 0.03192474107484154 0.02987868969849785
0 0.20101211161226235 0.7301824812040687 0.023901150162155816 0.028475686364518183
0 0.37285983807331197 0.7177149478642698 0.045694329545304765 0.025573826971401557
0 0.14182625203518545 0.8582754013577292 0.025490923701106106 0.030165732122152632
0 0.11318482914485824 0.7560750436316026 0.023873876623205437 0.026913186364518005
0 0.3588461566615681 0.805454063925346 0.045694329545304765 0.025573826971401557
0 0.1282445876662749 0.5637122004493437 0.04725682954530477 0.02570137272903601
0 0.040154657879384104 0.872815875603974 0.04574887662320544 0.02869882697140156
0 0.01203716071875789 0.651211813635482 0.02225682954530476 0.023660640606883377
0 0.03384397687138204 0.6533324230285984 0.025490923701106127 0.030165732122152632
0 0.351532083202048 0.5540669071076051 0.045694329545304765 0.025573826971401557
0 0.15735756899858852 0.7282850124178356 0.025490923701106106 0.030165732122152632
5 0.7349155531702759 0.6241893778506921 0.05194432954530477 0.026084010001939717
0 0.09591155438809192 0.7176980698443998 0.025490923701106106 0.030165732122152632
0 0.16756659172675997 0.8585146463567593 0.020748876623205438 0.026658094849248925
0 0.02599847484278715 0.7452488560591366 0.023873876623205437 0.026913186364518005
0 0.1326478952974824 0.758386971661171 0.023873876623205437 0.026913186364518005
0 0.02312289083325552 0.7759089246955885 0.04108865016215578 0.02987868969849785
0 0.008398399353024525 0.7073182924236546 0.01679679870604905 0.031855777879787085
0 0.35224555479512903 0.8707442240770668 0.04884660308425506 0.02739141848667046
0 0.1706234078793841 0.8621658048414902 0.020748876623205438 0.026658094849248925
0 0.07479271063932764 0.8996335960571968 0.022175008928453744 0.01897314060688373
0 0.0006316509762299647 0.6526148169694619 0.0012633019524599294 0.019770366061076315
0 0.6656663157488824 0.25615659709596705 0.028725017856907443 0.03667082363742162
0 0.9210062008935044 0.019215480116806884 0.05194432954530477 0.026084010001939672
0 0.09762010471240347 0.6645092969655825 0.02708069724005646 0.031855777879787085
0 0.34305138149776465 0.5929858858957777 0.05040910308425506 0.027518964244305267
0 0.028903512181455194 0.8916774459074158 0.023682961850553064 0.01597568636451783
0 0.00791340686179137 0.8889031322719336 0.01582681372358274 0.015720594849248926
0 0.34923360309084567 0.9092167927135186 0.04256932954530477 0.025318735456132658
0 0.24164106575217764 0.7713337686267534 0.025518197240056394 0.03172823212215263
0 0.105171731742646 0.8128989995409581 0.027162517856907487 0.03654327787978708
0 0.054814995946105505 0.6586418053005323 0.025409103084255102 0.02547823212215263