0 0.2015625 0.43671875 0.0328125 0.02734375
0 0.06171875 0.428125 0.03359375 0.02890625
0 0.38046875 0.37109375 0.03203125 0.025
0 0.34140625 0.4203125 0.03125 0.025
0 0.58515625 0.396875 0.0328125 0.025
0 0.09609375 0.50234375 0.02421875 0.02265625
0 0.52265625 0.48046875 0.0328125 0.025
0 0.73125 0.35546875 0.03515625 0.025
5 0.43046875 0.32265625 0.0390625 0.03046875
5 0.71640625 0.29296875 0.034375 0.02578125
0 0.959375 0.59296875 0.03515625 0.02578125
0 0.303125 0.55625 0.034375 0.02578125
0 0.0109375 0.475 0.02109375 0.0265625
0 0.81171875 0.296875 0.03984375 0.0265625
0 0.540625 0.9546875 0.01328125 0.05625
1 0.97578125 0.3453125 0.0484375 0.03828125
0 0.678125 0.940625 0.01328125 0.0578125
5 0.87890625 0.2609375 0.0234375 0.06796875
5 0.48125 0.44296875 0.0421875 0.02890625
0 0.6546875 0.87421875 0.0125 0.05
0 0.68046875 0.73203125 0.0109375 0.046875
0 0.91953125 0.02109375 0.0125 0.0421875
0 0.478125 0.76640625 0.01796875 0.06640625
0 0.87265625 0.15859375 0.0125 0.04609375
5 0.89140625 0.1609375 0.0140625 0.06015625
0 0.81015625 0.01875 0.0203125 0.0375
0 0.55546875 0.9515625 0.01171875 0.05390625
0 0.5921875 0.940625 0.01171875 0.04453125
0 0.659375 0.93984375 0.01171875 0.05703125
0 0.64296875 0.940625 0.0140625 0.06015625
0 0.60859375 0.93828125 0.01484375 0.05390625
0 0.57265625 0.94609375 0.01171875 0.0546875
0 0.625 0.93984375 0.0140625 0.059375
0 0.4015625 0.728125 0.01953125 0.065625
5 0.9234375 0.14765625 0.0171875 0.06328125
5 0.7671875 0.28984375 0.0390625 0.0296875
3 0.17421875 0.9671875 0.0734375 0.065625