0 0.759375 0.5390625 0.028125 0.021875
0 0.16953125 0.40234375 0.0296875 0.025
0 0.78515625 0.48671875 0.03203125 0.02890625
0 0.81875 0.32734375 0.03828125 0.028125
5 0.72265625 0.3171875 0.0359375 0.02734375
0 0.521875 0.56953125 0.02734375 0.021875
5 0.69765625 0.475 0.03984375 0.028125
0 0.45703125 0.8859375 0.0140625 0.0609375
0 0.9296875 0.05859375 0.01953125 0.059375
0 0.54375 0.94609375 0.0109375 0.0546875
0 0.8890625 0.2703125 0.02265625 0.06640625
0 0.8265625 0.053125 0.0203125 0.04453125
0 0.640625 0.87421875 0.0140625 0.06015625
0 0.67265625 0.74375 0.0125 0.046875
0 0.51328125 0.52890625 0.03046875 0.025
0 0.57734375 0.9421875 0.01484375 0.0515625
0 0.9078125 0.1359375 0.01328125 0.04921875
0 0.64375 0.9421875 0.015625 0.0625
0 0.528125 0.9453125 0.0125 0.0578125
0 0.8828125 0.19921875 0.01171875 0.04609375
0 0.62578125 0.94453125 0.01171875 0.0546875
0 0.93046875 0.19140625 0.0140625 0.0578125
0 0.59296875 0.94375 0.01328125 0.05234375
0 0.6109375 0.9421875 0.0140625 0.05546875
0 0.46875 0.75625 0.01484375 0.06484375
0 0.5609375 0.94140625 0.0125 0.05703125
0 0.6640625 0.95078125 0.0125 0.05859375
0 0.62265625 0.87421875 0.01484375 0.05703125
3 0.1546875 0.940625 0.0671875 0.07421875
0 0.0078125 0.54375 0.01484375 0.03046875
5 0.8546875 0.35859375 0.025 0.03984375
0 0.78046875 0.2109375 0.0140625 0.05078125