0 0.09296875 0.2890625 0.046875 0.03515625
0 0.18125 0.3 0.04453125 0.0328125
0 0.4734375 0.296875 0.040625 0.03203125
0 0.5296875 0.2390625 0.046875 0.03828125
0 0.7015625 0.753125 0.02265625 0.08515625
0 0.3796875 0.29921875 0.04296875 0.03125
0 0.17734375 0.134375 0.0453125 0.03828125
0 0.8734375 0.3953125 0.0515625 0.0828125
0 0.2765625 0.30078125 0.04453125 0.03515625
5 0.05390625 0.12890625 0.05078125 0.0453125
0 0.071875 0.01796875 0.05390625 0.0359375
0 0.0140625 0.0203125 0.02734375 0.03515625
0 0.13046875 0.084375 0.05625 0.05078125
0 0.140625 0.0125 0.04921875 0.025
0 0.209375 0.01796875 0.04296875 0.0359375
0 0.24765625 0.07890625 0.053125 0.03828125
0 0.35703125 0.13125 0.0515625 0.04375
0 0.53125 0.1296875 0.04609375 0.04375
0 0.78359375 0.128125 0.05625 0.040625
0 0.809375 0.0734375 0.04453125 0.0390625