0 0.7163329773233641 0.1110237042045561 0.0442227146721816 0.042917840343633086
0 0.73654493264641 0.18791043079880776 0.04107953333863605 0.041191566033373574
0 0.719426873925867 0.5841303335577697 0.04574885200509069 0.03987472749876275
0 0.7741587325748224 0.7175470211424407 0.04731135200509069 0.039956614653892684
0 0.6896966573042741 0.25033850972248006 0.04264203333863605 0.041273453188503326
0 0.5202574086569095 0.09918436623577224 0.031995434675363296 0.06570024310259504
0 0.5652864559595928 0.32746317446722967 0.04104317067154532 0.03806656603337348
0 0.6940028966422739 0.21616822761030444 0.04264203333863605 0.04127345318850324
0 0.5743074672979107 0.2911948038204433 0.04104317067154532 0.03806656603337357
0 0.6712337272438222 0.6949549689038772 0.04731135200509069 0.03995661465389251
0 0.49564830732813653 0.06428042175369622 0.0304329346753633 0.06561835594746528
0 0.660151871260367 0.5724248716628392 0.04418635200509069 0.03979284034363317
0 0.7361813059755011 0.21916043079880776 0.03948067067154533 0.03798467887824382
0 0.5657660719287305 0.5549706987774892 0.04104317067154532 0.03806656603337366
0 0.7487000346515007 0.1510245844622809 0.052089758672817864 0.048014776119281774
0 0.907453585256231 0.6158727357509048 0.047311352005090866 0.039956614653892684
0 0.4263881353039559 0.23888427408311688 0.033594297342454206 0.0689071302577248
0 0.5914864239735922 0.2256483689493057 0.03317612667090888 0.03296963025772479
0 0.5854984112826387 0.4043499010614813 0.03201361600890866 0.06726274310259513
0 0.7234592985757768 0.707854438600724 0.041024989337999786 0.03650406603337366
0 0.5885757685789585 0.6773336996820003 0.037881808004454245 0.03477779172311415
0 0.8436627105745043 0.7235347495457148 0.04258748933799979 0.03658595318850324
0 0.3956359326066391 0.4631915552907813 0.033594297342454116 0.0689071302577247
0 0.35224955927754803 0.4296487149471483 0.03361247867599957 0.07046963025772471
0 0.7740143765913671 0.595590133987311 0.04731135200509069 0.039956614653892684
0 0.6063092559277761 0.5641310148108627 0.044204533338636054 0.041355340343632994
0 0.37466945194145723 0.4511485786965297 0.02723520934118149 0.059204581637205676
0 0.5840551846355924 0.25965487675122184 0.041024989337999786 0.036504066033373486
3 0.3554312926480009 0.15621121494714832 0.059230644016544695 0.1249048247398008
0 0.6307381859484569 0.41297462856024414 0.028761346674090582 0.05616146879233561
0 0.5111838285328243 0.9992851062861495 0.026889764003817974 0.0014297874277009015
0 0.4989722073122282 0.18171358321908548 0.03206816000954511 0.07195024310259504
0 0.7244181973265458 0.08799563998020488 0.034611357336090796 0.02211401741285455
0 0.9380212379058225 0.7433326724310648 0.042678396005727134 0.04439845318850324
0 0.8826524852403225 0.7318319284239585 0.03944430800445424 0.034859678878243726
0 0.6058109112826386 0.40541443407816813 0.03036020934118149 0.05936835594746519
5 0.47289041796627435 0.27337213873700944 0.03363066000954511 0.07203213025772479
5 0.18844685721677806 0.8689934187014785 0.04162497334499946 0.08806656603337366
5 0.340536615889596 0.8316239727490643 0.03519316000954502 0.07211401741285428
5 0.1464791752466858 0.6463471347802805 0.05550566000954502 0.07317855042954129
5 0.16384958326704852 0.4971660063315781 0.048946577339272455 0.04628850180902226
5 0.16677294657068625 0.7162026113745321 0.058703385343726835 0.0795923247398008
0 0.6975824299809099 0.17726950192056395 0.04267839600572696 0.04439845318850329
0 0.7561494553230459 0.1154555766603648 0.04267839600572696 0.04439845318850333
0 0.6518410266152296 0.4132988551544958 0.03363066000954511 0.0720321302577247
0 0.6689285292807297 0.42279336386092303 0.03679202267663584 0.07532090456798421
0 0.6891864852800934 0.4285453968776098 0.03995338534372692 0.07860967887824373
0 0.8598700605904126 0.6071251775194474 0.05368862133990895 0.051221663274411536
0 0.5441445159134586 0.6664061657608024 0.04580339600572696 0.04456222749876275
0 0.49655190058086757 0.6584398575293451 0.048982940006363405 0.049413501809022264
0 0.4610973006047301 0.48069331580623087 0.045948846674090583 0.05706222749876275
0 0.48516731588164175 0.8978332281761314 0.03839088534372692 0.07852779172311415