3 0.08203125 0.6874144168730576 0.1359375 0.09070639081820957
3 0.65078125 0.6037481238595896 0.0609375 0.09502570967712849
0 0.7484375 0.5715777868037056 0.0390625 0.045569365177646405
0 0.68359375 0.6584013906088126 0.0359375 0.04386131596343468
0 0.3484375 0.39435373738460616 0.0375 0.04237159057054054
0 0.71015625 0.5252635589296122 0.0359375 0.042298815963434676
0 0.7359375 0.6319330899468588 0.0359375 0.042298815963434676
3 0.6296875 0.7504219166636605 0.11875 0.05553087014004525
0 0.56796875 0.26160981968297914 0.0359375 0.04386131596343468
0 0.77109375 0.42185176860674056 0.03125 0.03583049214211727
0 0.2734375 0.4142980562435251 0.040625 0.042517139784752266
5 0.671875 0.5086368310555187 0.0359375 0.04386131596343468
0 0.71875 0.6725388192686944 0.0296875 0.03419521753501122
0 0.078125 0.4856699803552929 0.0546875 0.04629711124870504
0 0.02265625 0.5166802318030349 0.0453125 0.042735463606069855
5 0.39375 0.8699017009906761 0.0375 0.045496590570540715
0 0.86953125 0.8920615688544096 0.0640625 0.03267125889134022
3 0.1609375 0.0754645345319033 0.1484375 0.10222608767505645
3 0.36953125 0.6937736945805353 0.11875 0.05865587014004525
0 0.46875 0.9108948821317572 0.0390625 0.047131865177646406
0 0.42109375 0.9118002566150285 0.040625 0.04876713978475209
0 0.10703125 0.7104538105867512 0.0578125 0.03706766046291676
0 0.37578125 0.9769917242547382 0.04375 0.046016551490523486
0 0.76796875 0.865456219392529 0.0890625 0.04164815260503403
0 0.684375 0.42171902791236554 0.0375 0.04549659057054054
0 0.52109375 0.8211453314698034 0.0734375 0.03467040653397504
0 0.21484375 0.7584440084770554 0.0828125 0.0444820541766104
0 0.69609375 0.6042960874656595 0.0375 0.045496590570540715
0 0.36953125 0.9000236945805353 0.0390625 0.045569365177646405
0 0.8859375 0.562356952229021 0.0359375 0.04386131596343468
0 0.76328125 0.4933628955712114 0.0359375 0.04386131596343468
0 0.25234375 0.37112809904759597 0.046875 0.04437073821317572
0 0.72734375 0.4721578296077766 0.0375 0.045496590570540715
3 0.9 0.8239494236929739 0.096875 0.049824525640563166
0 0.12421875 0.17766058126491563 0.0484375 0.046006012820281585
0 0.9546875 0.6218090349416789 0.03125 0.03739299214211726
0 0.28125 0.7170056792790543 0.0765625 0.04262845574818712
0 0.075 0.7777119311410812 0.075 0.05193068114108126
0 0.809375 0.8283222464808342 0.075 0.03786818114108108