0 0.8443907254137237 0.5824423052196416 0.03468408267027243 0.026962489337999784
0 0.4503407334102237 0.5612427512730938 0.03312158267027243 0.026944308004454243
0 0.1489691374124509 0.5811579986473646 0.03313976400381802 0.028506808004454244
0 0.8598606367361331 0.5017826512174144 0.03310340133672725 0.02538180800445424
0 0.20331173941754158 0.6180307426400466 0.03626476400381797 0.028543170671545326
0 0.6580356020846325 0.6158649745783222 0.02999658267027261 0.026907945337363515
0 0.3355878900779509 0.5703915792886839 0.03312158267027261 0.026944308004454243
0 0.14326512476126835 0.695302314648319 0.03626476400381797 0.028543170671545326
0 0.06770095607890546 0.5805409279917276 0.03155908267027256 0.026926126670909056
0 0.2813805533895429 0.41084440396245625 0.03312158267027261 0.02694430800445442
0 0.4651764874283593 0.6946819599379573 0.036246582670272434 0.026980670671545325
5 0.6562372920909958 0.6627672465786404 0.039426126670908876 0.03170453333863606
0 0.5176378687539506 0.6370325445974123 0.036246582670272434 0.026980670671545148
0 0.710160628739633 0.5293093092377771 0.03786362667090888 0.03168635200509069
5 0.7429105887571322 0.6578519325668682 0.039426126670908876 0.03170453333863606
0 0.3602520827498144 0.6083910186187295 0.03312158267027261 0.026944308004454243
0 0.9761974454566762 0.8973576858689152 0.019459072008272217 0.061155676002545435
0 0.9323372627704952 0.7540985818746421 0.01938634667409076 0.05490567600254544
0 0.656687994032453 0.23145361191123132 0.014589758672817865 0.04547613200190899
0 0.6137721460057269 0.03505132658341292 0.016279528007635945 0.05643181333545444
0 0.5958675780155902 0.10792575258595827 0.017787484006999678 0.05176249466899989
5 0.9190100120941775 0.6831502825430057 0.03368520401018138 0.07538180800445424
0 0.6153624653484993 0.1045734859166402 0.017860209341181488 0.058012494668999895
0 0.5270897586728178 0.0391853905951851 0.016279528007635945 0.05643181333545445
0 0.5115011213399088 0.04249220393063955 0.01787839067472685 0.05957499466899989
0 0.8097446474379042 0.7609945665579595 0.01942270934118149 0.05803067600254543
0 0.5771261213399088 0.04172858792173088 0.016243165340545217 0.05330681333545444
0 0.868557668125358 0.9134559478835509 0.027180665340545217 0.05343408267027243
0 0.562273280673136 0.0411200605904126 0.016243165340545217 0.05330681333545444
0 0.4505107193666348 0.24010354793923008 0.0210579346753633 0.0642988573360908
3 0.04438218208940498 0.658166488661682 0.056777258672817896 0.04596702800763595
0 0.9877845473822251 0.3487111005331425 0.01749658267027243 0.02676249466899989
0 0.9129696447724042 0.7683883485439601 0.016079533338636053 0.03924431333545435
3 0.374850932089405 0.6543211366168205 0.06927725867281795 0.04611247867599957
0 0.5942499866724997 0.03605984325273098 0.017914753341817757 0.06269999466899989
0 0.6302555000795418 0.5786831479153676 0.03622840133672707 0.025418170671545327
0 0.9621702134388588 0.7662531365372788 0.01942270934118149 0.05803067600254543
0 0.8380230940881322 0.6395553712205961 0.0425511266709087 0.03174089600572714
0 0.5435505526734543 0.04368198659295794 0.016243165340545217 0.05330681333545445
3 0.1228477013446813 0.0821756059834553 0.08079656134627214 0.0962397480108177
0 0.49201532467377246 0.046625720599957614 0.0210579346753633 0.06429885733609078
0 0.630859648671227 0.02998020995784285 0.019531797342454027 0.0599604199156857
0 0.9467730274506309 0.8531627905395058 0.024201116008908487 0.0658977200031817
5 0.9547769787953122 0.9366747245385515 0.014589758672817865 0.04547613200190881