3 0.15596447421940246 0.1734375 0.1605081320667471 0.08125
5 0.7214864914051144 0.63359375 0.035105340343633176 0.04375
0 0.2069670522385636 0.103125 0.07055151741285455 0.034375
3 0.5470685883074682 0.42109375 0.05195864767057934 0.0671875
3 0.5198355444366476 0.11015625 0.07160940637700648 0.084375
3 0.3136784769329359 0.24609375 0.10262038896415202 0.05
0 0.48415134497773044 0.815625 0.03165279172311415 0.0375
0 0.7450490649017197 0.4421875 0.03009029172311415 0.0375
0 0.5934687912688288 0.8890625 0.030008404567984214 0.0359375
0 0.7595940010160527 0.675 0.029926517412854636 0.034375
5 0.7559345759829963 0.30703125 0.08033595318850324 0.0421875
0 0.6868824400710618 0.5546875 0.03009029172311415 0.0375
5 0.7901601690401627 0.4234375 0.03502345318850342 0.0421875
0 0.9394353934867079 0.17109375 0.05616146879233561 0.028125
5 0.6197093916776855 0.12265625 0.04472600180902227 0.0484375
0 0.6024532926276251 0.06171875 0.03642217887824373 0.0390625
3 0.09394242480591394 0.79375 0.10861808344622807 0.075
0 0.551839138964152 0.05 0.041355340343633175 0.04375
0 0.9532732434412793 0.25625 0.06989642017181659 0.021875
0 0.2833955919255128 0.51796875 0.04102779172311406 0.0375
5 0.5077326871303859 0.9078125 0.035105340343633176 0.04375
0 0.5703102572360892 0.19375 0.07779080732694635 0.0234375
0 0.6928591231331772 0.48984375 0.030008404567984214 0.0359375
5 0.736850299070745 0.88203125 0.035105340343633176 0.04375
0 0.5930882587064273 0.0171875 0.03247830732694616 0.0234375
0 0.3476528437345351 0.56640625 0.033051517412854545 0.034375
0 0.07328468679170157 0.6828125 0.04596095318850328 0.0421875
0 0.2520570607178483 0.54609375 0.04571529172311406 0.0375
0 0.3206344838303409 0.21484375 0.06257524310259503 0.03125
5 0.864292630596409 0.2578125 0.07795458163720567 0.0265625
5 0.7345929217536963 0.49609375 0.033379066033373664 0.040625
0 0.4075922512431954 0.24921875 0.07515713025772489 0.0328125
5 0.9021666033454736 0.6078125 0.033215291723114146 0.0375
5 0.5310562432141367 0.68203125 0.03346095318850324 0.0421875
0 0.04851714439121898 0.1953125 0.02170458163720579 0.0265625
0 0.8662612443457904 0.28046875 0.06677142017181659 0.021875
5 0.5703678109449909 0.1203125 0.05130355042954129 0.0546875
0 0.42580001865604994 0.28359375 0.06866146879233562 0.028125
0 0.0581953595655099 0.1265625 0.03256019448207603 0.025
2 0.6046973818396044 0.50703125 0.08508540818602892 0.1328125