0 0.6745626210024841 0.2964401412944687 0.045530668617910844 0.040668558666190346
0 0.0424682593697739 0.21725320197747142 0.05336134933607006 0.04433986188449897
0 0.13000916598563217 0.20410335593241427 0.04084316861791084 0.040340776735205086
0 0.712883214975801 0.6896931145592636 0.02864315046753809 0.0910291915859112
0 0.14016944028432485 0.3369322814267821 0.05022725897699045 0.04255884059717552
0 0.9485778796848869 0.043780408975495975 0.05341589149054791 0.05371486188449899
0 0.5323761627641783 0.03774212051134836 0.03928975897699054 0.04179401609154339
0 0.3074120033196497 0.18154602287680735 0.05342498184962743 0.05527736188449901
0 0.21285348224241085 0.1928437918183423 0.04558521077238851 0.0500435586661903
0 0.161100605582586 0.09494152338101043 0.05023634933607006 0.04412134059717552
0 0.34373129840099365 0.11340802807258743 0.05023634933607006 0.04412134059717552
0 0.18571478620254936 0.02527923340425353 0.03928066861791084 0.04023151609154337
0 0.11227728620254936 0.03041448365635508 0.048601126463433085 0.03151207995351378
0 0.04347274404807166 0.04459695197747142 0.05334316861791083 0.041214861884498986
1 0.382902361829102 0.2262468816592132 0.13313975292686617 0.0655371547112475
0 0.7980268711988758 0.41744142012336083 0.03638292759490121 0.07907549480421991