3 0.7839367452503015 0.28681282893475635 0.047592052238563554 0.10410692496187508
3 0.9170269634768102 0.5129005906182631 0.08600609905006032 0.0628649823325695
3 0.8287069284239585 0.8724230206141312 0.0765292797373263 0.1500376740119446
3 0.45813780585660824 0.18958068512677045 0.07613977611928177 0.053271776785486134
3 0.7678878578680293 0.7119225849186799 0.04726450361804453 0.09785692496187508
5 0.6244931462002412 0.229512088052812 0.03897396879233561 0.028997822188333355
0 0.5708325576656306 0.2354542699485412 0.0325601944820761 0.025727351823611144
0 0.6033894301214392 0.2745888519205203 0.03584896879233561 0.028925087005972294
0 0.9026080958822416 0.819859758646284 0.032962986205190246 0.06319098423243048
5 0.557477143825392 0.3836014824294787 0.040700243102595124 0.03215918977951393
0 0.4359120030522178 0.28787336797243024 0.0309976944820761 0.025690984232430568
3 0.20164313941437798 0.9222172260643055 0.06789790818602892 0.13423083605604164
5 0.8492540445481893 0.7420990877684716 0.029837986205190247 0.0631182490500695
5 0.6486853199901024 0.34784386075423557 0.04308161465389269 0.04782055737069442
0 0.5658905093837958 0.45458612965593714 0.03913774310259512 0.03212282218833344
0 0.48257231908559123 0.3274618916237843 0.03584896879233561 0.028925087005972294
0 0.4486155574384879 0.6645995221327426 0.034368355947465366 0.030451219414791807
0 0.794278944482076 0.013518892715885088 0.017754066033373483 0.027037785431770177
5 0.4169993080043148 0.46430923461368023 0.042098968792335614 0.029070557370694416
0 0.5458126255080264 0.3252077541809718 0.0325601944820761 0.025727351823611144
0 0.8290510871758144 0.8043633516361799 0.033126760515449404 0.06631598423243049
5 0.913348685548506 0.4128642230270826 0.04727779172311415 0.03855466014423623
5 0.5124025819758901 0.23994305461781207 0.03913774310259512 0.03212282218833336
0 0.44143166270858475 0.24394153001652744 0.03913774310259512 0.03212282218833336
0 0.3035089388278665 0.29877711322277756 0.042180855947465276 0.030633057370694505
0 0.981174714777806 0.48319360040190895 0.03765057044438791 0.033758057370694414
0 0.970663218565193 0.43186748974458256 0.03757524310259512 0.03208645459715278
0 0.7671399123699004 0.01774335913871496 0.018163501809022264 0.03548671827742992
5 0.546440067276569 0.2774787689986107 0.03897396879233561 0.028997822188333355
5 0.497548865897088 0.2848743481207982 0.042262743102595125 0.0321955573706945
0 0.33945640490666856 0.25335485723885387 0.040700243102595034 0.03215918977951393
0 0.46146411747896765 0.7605114341768399 0.034859678878243726 0.03982621941479181
5 0.7349802668470277 0.21833623907899247 0.033126760515449584 0.06631598423243057
0 0.488230340343633 0.03243967914284681 0.034286468792335614 0.028888719414791698
0 0.44693031094499086 0.11005683928708296 0.03584896879233561 0.02892508700597225
0 0.4929254794193268 0.7339664647620483 0.03313340456798421 0.03666485182361114
0 0.8669052120064723 0.6908450590831243 0.03098440637700648 0.08499324905006951
0 0.35723040309764625 0.20444457855350665 0.042262743102595035 0.0321955573706945
0 0.7717189490046318 0.1283099979127077 0.023669873360319827 0.06453527868534725
3 0.02892834068231732 0.2684045078837847 0.023922178878243792 0.03957164627652778
5 0.9203169012886239 0.14284201054614507 0.042092324739800804 0.05872168977951393
0 0.9009692735172902 0.6094853030992006 0.035596663274411355 0.05388871941479181
0 0.7708690157153739 0.6195532469627771 0.030329309135968607 0.07249324905006951
0 0.7974525271353347 0.7088878506862494 0.028193599050060313 0.06151938145888884
0 0.8347047071452323 0.34507861740374934 0.019807888964152198 0.050400043502986144
3 0.13037797602842477 0.21911106307027767 0.07392217887824382 0.04073540919430565
0 0.8220055540475858 0.13261498499492988 0.02095430913596843 0.07227504350298611
5 0.9094734130472689 0.45832219339180486 0.05064845318850324 0.04331489532659738
0 0.873709569197133 0.969933147039027 0.02614642017181623 0.0224568814588892
0 0.7377322891211222 0.5992050325819787 0.02893058344622812 0.07558188145888885
0 0.3148391802329809 0.9328800094993053 0.033542840343632994 0.04447735182361114