0 0.516985518617361 0.09123256897499044 0.02725348423243048 0.03061508293962456
0 0.5174933584731249 0.13649050527265957 0.030451219414791807 0.03384921034428627
0 0.5864628704409721 0.057581766072432775 0.028925087005972294 0.03535714664195542
0 0.6026125876715623 0.16864575164446252 0.025654616641249996 0.028998019237293705
0 0.5869525265011457 0.10362095237010191 0.025727351823611144 0.0321230192372937
0 0.5658211024892013 0.17305299864923762 0.028852351823611143 0.032232146641955416
0 0.48853190387597206 0.173410151914615 0.025800087005972295 0.035248019237293704
0 0.5267949700803818 0.172854591207509 0.02888871941479181 0.03379464664195542
0 0.6335723001524999 0.1464880094490108 0.025581881458888844 0.025873019237293703
0 0.30297038468993015 0.46559519583149794 0.05988414627652787 0.02394842068857237
0 0.28976252308267325 0.42936751915247573 0.05210801386770836 0.025238102176918176
0 0.1407795092149649 0.457988570873907 0.05992051386770836 0.025510920688572546
0 0.6614076658438194 0.09087292650938628 0.028852351823611143 0.032232146641955416
5 0.8305783998888187 0.8718252822296837 0.03848192496187508 0.043497028855940555
0 0.9550628276035761 0.2859200093641928 0.03946254350298624 0.018551592558271414
0 0.7531430777004854 0.9119989036438956 0.03205008700597212 0.03546627404661713
0 0.3838144622935063 0.7820435966498046 0.05363414627652778 0.023730165879248942
0 0.21681533235322878 0.4444047313108605 0.058285278685347205 0.022331356986241602
0 0.8284171410551036 0.8305281596343452 0.03361258700597247 0.03552083774894825
0 0.27252177811666634 0.36517853358044594 0.05675914627652778 0.023839293283910833
0 0.9593321003049997 0.30372506825720025 0.03481141109416654 0.019950401451278844
5 0.7808524632434368 0.7947196344066019 0.03695579255305557 0.045004965153609786
0 0.388609758646284 0.8443253418404811 0.058321646276527785 0.0238938569862416
0 0.26181870782819405 0.4561036339432656 0.05519664627652787 0.023784729581580066
0 0.8161730206141312 0.752894232955323 0.036810322188333446 0.038754965153609613
0 0.7981516788585064 0.6551660610856241 0.028852351823611143 0.032232146641955416
0 0.38584908776847154 0.7952430010963084 0.058321646276527785 0.0238938569862416
0 0.1945039212590621 0.4639186231434925 0.051998911094166725 0.020550602176918176
5 0.5377721037234722 0.012790143561912503 0.03695579255305557 0.025580287123825006
0 0.8437317101093047 0.9103967089087058 0.036846689779513754 0.04031746515360979
3 0.5818558380528119 0.5909026975607785 0.0519274823325695 0.08455853847458741
0 0.4670289654276383 0.6612648159797656 0.030487587005972115 0.03541171034428636
2 0.11463066404086748 0.6759126808553735 0.06359233415618064 0.11619048439090332
0 0.8133941659407284 0.7045931422111501 0.03681032218833309 0.03875496515360979
0 0.41353441062239493 0.9808431951985259 0.06736933795590279 0.010158739200226563
0 0.5252908346343395 0.9082464541842004 0.06773301386770818 0.025783739200226564
0 0.3982562091593742 0.8994121459241653 0.06457164627652787 0.02411211179556503
0 0.5029625461653465 0.8614086597191634 0.036883057370694416 0.04187996515360979
0 0.39213414893888815 0.8605951825846541 0.06468074905006951 0.028799611795565026
5 0.49616833871840205 0.8179314782308176 0.03695579255305557 0.045004965153609786
0 0.3890098021492701 0.8271378418404811 0.05984777868534721 0.022385920688572723
0 0.3846859780610757 0.8116765329474738 0.06460801386770836 0.025674611795565027
0 0.4978230641171174 0.7468377282308175 0.05516027868534721 0.022222229581580065
0 0.49584299002892296 0.7312945737843138 0.06148301386770836 0.025565484390903316
0 0.47402319462607584 0.6961482474681112 0.03205008700597212 0.03546627404661713
0 0.4573825149145481 0.6061780118960816 0.03368532218833344 0.0386458377489479
0 0.3713891571070133 0.6786557018219478 0.0598477786853473 0.022385920688572546
0 0.3623778330188189 0.6633580840359329 0.06300914627652787 0.02405754809323426
0 0.361996626521805 0.6461978658870983 0.06141027868534721 0.022440484390903494
0 0.3639955376159717 0.6273933021847674 0.044150043502986146 0.018715283665263982
0 0.3718969969627771 0.723913638119617 0.06148301386770836 0.025565484390903316
0 0.3682635038966313 0.7123312973754441 0.06148301386770836 0.025565484390903493