0 0.35234375 0.3625 0.0296875 0.0234375
0 0.95390625 0.440625 0.0296875 0.02265625
0 0.8515625 0.2921875 0.03203125 0.02265625
0 0.4015625 0.3734375 0.02421875 0.02109375
0 0.36796875 0.246875 0.02578125 0.021875
0 0.0578125 0.20390625 0.028125 0.021875
0 0.17890625 0.2078125 0.03046875 0.0234375
0 0.296875 0.21484375 0.03203125 0.02421875
0 0.67109375 0.64140625 0.0140625 0.04921875
0 0.2203125 0.2125 0.03125 0.025
0 0.015625 0.20390625 0.02734375 0.02109375
0 0.6203125 0.24765625 0.0171875 0.05390625
0 0.0984375 0.2078125 0.02578125 0.02109375
0 0.60703125 0.14375 0.01328125 0.05234375
0 0.44140625 0.3765625 0.025 0.01953125
0 0.62734375 0.16640625 0.0125 0.0515625
0 0.58046875 0.36796875 0.0140625 0.05
0 0.2625 0.21796875 0.02109375 0.01953125
5 0.81015625 0.36171875 0.03515625 0.021875
0 0.8109375 0.32578125 0.02734375 0.02109375
5 0.66953125 0.29375 0.02578125 0.05390625
0 0.60703125 0.021875 0.01171875 0.04296875
0 0.43203125 0.40625 0.03203125 0.02421875
5 0.5671875 0.07578125 0.0125 0.05078125
0 0.846875 0.3625 0.02890625 0.0234375