0 0.10078125 0.3671875 0.03046875 0.02265625
0 0.14609375 0.47109375 0.0296875 0.02421875
0 0.13828125 0.36953125 0.0265625 0.02109375
0 0.16875 0.4375 0.0296875 0.02578125
0 0.20625 0.39609375 0.0265625 0.021875
0 0.21015625 0.43515625 0.0296875 0.0234375
0 0.115625 0.43671875 0.02578125 0.021875
0 0.0484375 0.403125 0.03046875 0.02109375
0 0.1078125 0.4 0.021875 0.01875
0 0.20625 0.35859375 0.0234375 0.02109375
0 0.4171875 0.68359375 0.01171875 0.05234375
5 0.9421875 0.203125 0.03671875 0.0265625
0 0.040625 0.48203125 0.025 0.021875
0 0.0671875 0.44140625 0.02890625 0.02265625
0 0.6890625 0.40703125 0.03046875 0.02265625
0 0.08828125 0.26484375 0.0265625 0.0234375
0 0.01953125 0.44140625 0.02734375 0.01953125
0 0.6078125 0.29453125 0.025 0.01953125
0 0.903125 0.39609375 0.0265625 0.0203125
0 0.609375 0.3359375 0.02890625 0.02109375
0 0.009375 0.40546875 0.01875 0.01953125
0 0.8984375 0.1984375 0.02890625 0.02578125
0 0.03359375 0.3734375 0.03203125 0.0234375
0 0.58671875 0.2296875 0.02578125 0.0203125
0 0.6734375 0.54296875 0.028125 0.02265625
0 0.4515625 0.6421875 0.0125 0.04609375
0 0.39140625 0.63046875 0.01015625 0.05390625
0 0.61171875 0.2640625 0.02578125 0.0203125
0 0.61875 0.5484375 0.03125 0.0234375
0 0.35078125 0.9859375 0.0140625 0.028125
0 0.98125 0.19375 0.03515625 0.02421875
0 0.45703125 0.85 0.01328125 0.0609375
0 0.853125 0.359375 0.02890625 0.021875
0 0.8203125 0.20859375 0.03046875 0.02421875
0 0.71171875 0.53984375 0.0265625 0.0234375
0 0.8796875 0.52890625 0.03203125 0.0234375
0 0.6765625 0.63828125 0.0125 0.05546875
0 0.6609375 0.64140625 0.01328125 0.05390625
0 0.79375 0.63203125 0.01171875 0.05
0 0.8421875 0.63359375 0.0125 0.046875
0 0.71953125 0.21484375 0.0296875 0.01953125
5 0.834375 0.53125 0.0375 0.025
5 0.1515625 0.3984375 0.0390625 0.021875
0 0.64375 0.64375 0.01171875 0.0515625
2 0.63671875 0.89140625 0.109375 0.0453125
0 0.32578125 0.1671875 0.01875 0.0578125
0 0.77265625 0.2109375 0.03046875 0.0234375
0 0.29453125 0.2328125 0.0171875 0.0328125
0 0.85703125 0.625 0.01171875 0.0453125
0 0.88125 0.521875 0.02890625 0.021875
0 0.81171875 0.63046875 0.0125 0.0484375
0 0.765625 0.51796875 0.01171875 0.05078125
0 0.828125 0.6359375 0.01171875 0.05078125
0 0.3484375 0.70546875 0.0125 0.05
0 0.78046875 0.63515625 0.01171875 0.05078125
0 0.99375 0.625 0.0109375 0.06015625
0 0.709375 0.63984375 0.01171875 0.05078125
5 0.3359375 0.075 0.015625 0.06640625
0 0.62421875 0.63984375 0.0109375 0.0421875
0 0.72265625 0.634375 0.0125 0.05078125
0 0.74765625 0.5171875 0.01328125 0.05703125
0 0.89765625 0.628125 0.01640625 0.04921875
0 0.92734375 0.50625 0.01484375 0.06015625