0 0.8686168416113894 0.251401520859995 0.04050742280870381 0.03699725544788164
0 0.18146071979217687 0.4819227173127102 0.04206992280870363 0.03710651609154336
0 0.36984998506074185 0.5207727778204859 0.038671520735185184 0.03376299480421992
0 0.4167242765311121 0.4553773707634499 0.04193322177194432 0.03554401609154336
0 0.8704644311965287 0.4166605341015467 0.038671520735185184 0.03376299480421992
0 0.5516797261537516 0.8209756015698133 0.031893840433611056 0.06279493094224975
5 0.209652653251297 0.3549396002324311 0.04505822177194441 0.03576253737886681
0 0.3732629087644 0.9343928814071116 0.03019463939685174 0.06112317029858758
0 0.47517672327902966 0.9055252002127606 0.030057938360092608 0.05956067029858758
0 0.441309571205511 0.910999304051488 0.027948634213055358 0.053201409654926125
0 0.3940538623930574 0.9275037430395091 0.030331340433611055 0.06268567029858758
0 0.45856542172389075 0.9090161869712088 0.030057938360092608 0.05956067029858758
0 0.5229381544290754 0.7057383676613568 0.033182938360092604 0.059779191585911204
0 0.720913490527362 0.41314168621490416 0.04193322177194432 0.03554401609154336
0 0.42561622068713145 0.9128731604881054 0.027948634213055535 0.053201409654926125
5 0.8764190711590285 0.2065971192508406 0.047167525918981566 0.04212179802252862
0 0.554011788642131 0.6523184367191073 0.0352922425071295 0.06613845222957301
0 0.31870998421227004 0.7503017406937206 0.02767523213953691 0.05007640965492612
0 0.3685453059369462 0.8640639559127438 0.034003144580648036 0.06915419158591121
0 0.38678745801046466 0.8596824585106339 0.0337297425071295 0.06602919158591121
0 0.35651490617250187 0.9394463681655598 0.03488213939685174 0.06145095222957266
0 0.4080186175768537 0.9187625275683843 0.03869064458064795 0.06948197351689629
0 0.4929110274260665 0.8980733331324815 0.031483737323333115 0.05810743094224939
0 0.045034495711158286 0.4526390449204355 0.029237732139536954 0.05018567029858776
0 0.1334797154568524 0.2670896749901648 0.029511134213055446 0.053310670298587756
0 0.11649868407125077 0.39018296756481174 0.0484566238454629 0.039106058666190255
5 0.007422937794444624 0.22234489356338266 0.014845875588889248 0.07406021287323465
5 0.024320745993982217 0.3787698561845158 0.04066324769092579 0.07427873416055819
0 0.03337240871791722 0.28418397586268496 0.027675232139536942 0.05007640965492595
0 0.014430282987616005 0.30190135358662573 0.02886056597523201 0.05654493094224957
0 0.07169403199773225 0.39642189590917115 0.04587842799249993 0.04513753737886681
0 0.0670132598019447 0.13041983749508237 0.04058533524981471 0.055637994804219916