3 0.6453125 0.2534576479030631 0.109375 0.12299070303441742
0 0.55234375 0.3419624253238083 0.040625 0.04081618969849785
0 0.4875 0.515575526381975 0.0359375 0.03887105242559432
0 0.478125 0.5663727518361679 0.0375 0.04212359818322895
5 0.528125 0.537641716080473 0.0421875 0.04563123545613248
0 0.5625 0.6115414727484326 0.0375 0.04368609818322895
0 0.59453125 0.3477499107799407 0.040625 0.04237868969849794
0 0.15 0.3005256427329154 0.065625 0.04129442182065048
3 0.57421875 0.40702931593069175 0.059375 0.06578423879011233
0 0.46171875 0.1642522713810052 0.0453125 0.04588632697140156
5 0.5078125 0.453952371231224 0.04375 0.04888378121376711
0 0.13984375 0.7434465953082909 0.075 0.031122196366457723
0 0.46015625 0.6094372256233707 0.0375 0.04368609818322895
0 0.14609375 0.712706778338829 0.0703125 0.029177059093554013
0 0.03515625 0.7138072795467771 0.0390625 0.0250636439408634
0 0.690625 0.7673127248744647 0.0703125 0.030739559093554015
0 0.04453125 0.7450413040925843 0.0515625 0.024521510001939716
0 0.63125 0.1804347360843523 0.0484375 0.04770391848667059
0 0.93671875 0.7545886817019039 0.0640625 0.03647937606301603
3 0.053125 0.6871490557595742 0.0796875 0.03775483363936125
0 0.51015625 0.6205499398676758 0.0375 0.04368609818322877
0 0.8140625 0.3875450897275929 0.046875 0.04132637272903601
0 0.70234375 0.7932693180567236 0.0859375 0.03670251666989941
3 0.9625 0.9488806867028738 0.075 0.0686221963664579
5 0.55 0.4831773566873565 0.04375 0.05044628121376711
3 0.58828125 0.5159897277494025 0.0921875 0.11690019970043757
0 0.58828125 0.2628647277494026 0.046875 0.05070137272903601
0 0.2828125 0.4738670321318509 0.05 0.046268964244305266
5 0.00859375 0.16945150166698994 0.0171875 0.04827800333397989
0 0.5296875 0.3924567618381075 0.046875 0.04601387272903601
0 0.14140625 0.9404491410659255 0.046875 0.04132637272903601
0 0.8484375 0.33956984639555265 0.0625 0.05041433030538141
5 0.9109375 0.2759216767009341 0.059375 0.05640923879011232
5 0.9109375 0.4954529267009341 0.065625 0.05691942182065048