0 0.11015625 0.37421875 0.02890625 0.02421875
0 0.178125 0.3359375 0.03046875 0.02265625
0 0.184375 0.3734375 0.028125 0.0234375
0 0.0984375 0.446875 0.02890625 0.02109375
0 0.171875 0.446875 0.02109375 0.01953125
0 0.2453125 0.33125 0.0265625 0.0234375
0 0.6578125 0.24765625 0.0265625 0.0203125
0 0.0234375 0.4140625 0.028125 0.021875
0 0.6625 0.28359375 0.028125 0.01953125
0 0.61796875 0.284375 0.02734375 0.0203125
0 0.28984375 0.43984375 0.0296875 0.02578125
0 0.41796875 0.675 0.01171875 0.0515625
0 0.78359375 0.278125 0.03125 0.0234375
0 0.03046875 0.37890625 0.03203125 0.02109375
0 0.13046875 0.3375 0.0296875 0.021875
0 0.9859375 0.18984375 0.02734375 0.02421875
0 0.8265625 0.1953125 0.03125 0.02421875
0 0.71875 0.28046875 0.0296875 0.02109375
0 0.88515625 0.51953125 0.03125 0.0234375
0 0.20546875 0.403125 0.028125 0.021875
0 0.08515625 0.41015625 0.03046875 0.02265625
5 0.946875 0.1953125 0.03671875 0.0265625
0 0.27578125 0.36796875 0.028125 0.021875
0 0.7296875 0.24453125 0.03046875 0.02265625
0 0.7546875 0.509375 0.0125 0.05390625
0 0.01015625 0.340625 0.01953125 0.025
0 0.8171875 0.62578125 0.0125 0.05234375
0 0.72578125 0.20234375 0.028125 0.0203125
0 0.9046875 0.1921875 0.028125 0.02265625
0 0.615625 0.25546875 0.02734375 0.01796875
0 0.678125 0.53203125 0.028125 0.021875
0 0.715625 0.5296875 0.02578125 0.021875
0 0.86953125 0.19609375 0.03125 0.021875
0 0.6640625 0.62890625 0.0125 0.05546875
0 0.76953125 0.51015625 0.0140625 0.0484375
0 0.8671875 0.625 0.01328125 0.05546875
0 0.78359375 0.628125 0.0109375 0.046875
0 0.67890625 0.62578125 0.01328125 0.05234375
0 0.84609375 0.62734375 0.0125 0.04921875
2 0.63828125 0.88125 0.109375 0.04609375
0 0.621875 0.53515625 0.03125 0.0234375
0 0.64765625 0.63828125 0.0125 0.04765625
0 0.34921875 0.6859375 0.01171875 0.05078125
0 0.90234375 0.6234375 0.01171875 0.0515625
0 0.77890625 0.1953125 0.03046875 0.02578125
5 0.1515625 0.41328125 0.03125 0.02109375
0 0.83125 0.6265625 0.0140625 0.0515625
0 0.62734375 0.63046875 0.01015625 0.03828125
0 0.796875 0.61953125 0.0109375 0.040625
0 0.9953125 0.62421875 0.00859375 0.05625
5 0.08125 0.340625 0.04140625 0.0296875
0 0.3515625 0.978125 0.01328125 0.04375
0 0.7125 0.63046875 0.0140625 0.0484375
0 0.72578125 0.6265625 0.0140625 0.0515625
0 0.934375 0.5 0.01640625 0.05859375
5 0.8375 0.52265625 0.03984375 0.0296875