0 0.353125 0.36328125 0.0296875 0.0234375
0 0.8515625 0.29375 0.03203125 0.02265625
0 0.4015625 0.37421875 0.02421875 0.0203125
0 0.05859375 0.20390625 0.028125 0.021875
0 0.2203125 0.2125 0.0296875 0.02421875
0 0.2125 0.25234375 0.025 0.02109375
0 0.5703125 0.67421875 0.0125 0.04453125
0 0.44140625 0.37734375 0.0265625 0.02109375
0 0.17890625 0.2078125 0.03046875 0.0234375
0 0.29765625 0.21640625 0.03203125 0.02421875
0 0.0984375 0.2078125 0.02578125 0.021875
0 0.66328125 0.36484375 0.025 0.04375
0 0.6984375 0.5203125 0.02265625 0.0484375
0 0.021875 0.20546875 0.025 0.02109375
0 0.2609375 0.21796875 0.0203125 0.01875
0 0.61484375 0.23203125 0.015625 0.0484375
0 0.6875 0.35078125 0.02734375 0.040625
0 0.43203125 0.40625 0.02109375 0.01953125
0 0.81015625 0.32734375 0.028125 0.01875
5 0.79296875 0.4 0.034375 0.02421875
0 0.7234375 0.421875 0.028125 0.028125
0 0.6265625 0.171875 0.015625 0.06015625
0 0.846875 0.36328125 0.0359375 0.03046875
1 0.64375 0.8796875 0.0171875 0.1015625
5 0.8109375 0.36328125 0.03359375 0.025
5 0.52578125 0.2140625 0.03203125 0.05546875