5 0.5344370392367231 0.48369845113949494 0.0510578889641522 0.051973676882026074
0 0.3205062567858633 0.6965473251323212 0.042917840343632996 0.045405341901054184
0 0.4656803951841885 0.45114593631074734 0.04908595318850324 0.0440975098858317
0 0.402094850747541 0.5589465074515548 0.042754066033373485 0.04228034190105419
5 0.3168046404344901 0.13974156821223904 0.04348440637700657 0.08596667490485976
0 0.400449300090857 0.18699325300293057 0.02868492198083885 0.07133117193911023
0 0.47140477272837983 0.4913080212917193 0.04768722749876275 0.04715884288963732
5 0.2622256037997587 0.2549553913302129 0.04718261646291486 0.09703150889724857
0 0.4669352787212736 0.5467131042955249 0.042672178878243726 0.04071784190105419
0 0.41437684475464714 0.5038597594287213 0.046042840343633 0.04553267589344294
0 0.40310183005532607 0.4650373399610689 0.04752345318850324 0.04403384288963732
0 0.6121459594085398 0.4649431339530201 0.04596095318850324 0.043970175893442945
0 0.23813641282418568 0.8341163093149906 0.030411196291098362 0.0745198389353046
5 0.5489808960886997 0.4302697036109529 0.04768722749876275 0.04715884288963732
0 0.39530809871137607 0.1805204185162502 0.028603034825709094 0.06976867193911022
0 0.19667485187919476 0.9529963019006168 0.02539614767057934 0.06807883794672165
3 0.2238515055426679 0.9423598908359214 0.039452003618044615 0.09827567391627667
0 0.6696596455228727 0.23397697684265747 0.0448078889641522 0.051719008897248564
3 0.25099053765484347 0.947380313269323 0.04249511646291486 0.09684050790866508
0 0.36468661974227523 0.0477424106075848 0.033044873360319825 0.06527217292769344
3 0.04747146426977976 0.09510159437251212 0.03238977611928182 0.05277217292769345
0 0.6546754596356823 0.8933665642950874 0.03773237336031983 0.06546317391627668
0 0.7177596308235517 0.19757390323039203 0.05352114767057934 0.06922484387822055
5 0.5758045041838715 0.12759037258431363 0.04406426051544958 0.06728034190105418
0 0.2339600836733707 0.3610634698853942 0.03164614767057934 0.06833350593149898
0 0.2763324536427885 0.8223630672236559 0.030411196291098362 0.07451983893530496
5 0.21092213760941497 0.8604095538777831 0.030902519221876812 0.08389483893530461