5 0.6953125 0.921875 0.03671875 0.09453125
5 0.9203125 0.32890625 0.040625 0.03125
0 0.56328125 0.4546875 0.0390625 0.0375
0 0.559375 0.5125 0.03984375 0.03984375
0 0.503125 0.475 0.03828125 0.03671875
0 0.5109375 0.5703125 0.04375 0.03984375
0 0.57578125 0.546875 0.03984375 0.03828125
0 0.6765625 0.4890625 0.01640625 0.06328125
0 0.6484375 0.646875 0.01796875 0.0765625
0 0.77421875 0.48359375 0.01796875 0.06640625
0 0.503125 0.52421875 0.0421875 0.03984375
0 0.684375 0.16015625 0.01796875 0.0703125
0 0.9890625 0.32734375 0.021875 0.0328125
0 0.82734375 0.6484375 0.03125 0.059375
0 0.98359375 0.01796875 0.0328125 0.0296875
0 0.43984375 0.59921875 0.04140625 0.03984375
0 0.91171875 0.23984375 0.03671875 0.0296875
0 0.26484375 0.16015625 0.028125 0.06484375
0 0.7078125 0.034375 0.015625 0.06796875
0 0.78359375 0.2859375 0.015625 0.053125
5 0.70625 0.97421875 0.0375 0.05078125
5 0.86796875 0.2375 0.0328125 0.0234375
5 0.86796875 0.2859375 0.04140625 0.0296875
5 0.1359375 0.01875 0.03671875 0.0375
0 0.30625 0.8578125 0.04296875 0.05546875
0 0.35546875 0.81015625 0.03515625 0.04375
5 0.46015625 0.903125 0.03984375 0.06640625
0 0.74140625 0.75 0.0265625 0.0671875
5 0.70859375 0.13046875 0.01953125 0.08828125
3 0.7859375 0.05078125 0.0328125 0.1015625