0 0.3754407362035776 0.3617018975197778 0.03966251785690744 0.037334979254075584
0 0.05168563636573335 0.31057156971095035 0.034865923701106104 0.030729781743586492
0 0.7050833717552367 0.3444374228390944 0.03171365016215581 0.028930483403260432
0 0.10460608482360581 0.3263158914964932 0.03648297077900677 0.033973180913749526
0 0.8197128875835494 0.4102302114311581 0.03648297077900686 0.033973180913749526
0 0.41757764326559227 0.412614124699261 0.03335797077900686 0.033736382573423464
0 0.27080778328147825 0.3506441531188552 0.03489319724005639 0.03229228174358649
0 0.7013583538983292 0.37857562449876836 0.03168637662320535 0.02736798340326043
0 0.5052821948077197 0.40752572822839034 0.03492047077900686 0.03385478174358649
0 0.7488645994341023 0.3907805491887406 0.03171365016215581 0.028930483403260432
0 0.6569771083625562 0.3666074981491222 0.0333034237011061 0.03061138257342346
0 0.8826589468363146 0.34459447865259757 0.03648297077900651 0.033973180913749526
0 0.33893049188562047 0.39179121660602834 0.038018197240056485 0.03252908008391255
0 0.5257213798729116 0.4466241170255912 0.030151150162155815 0.0288120842330974
0 0.859730366887268 0.6721983377808043 0.03648297077900651 0.033973180913749526
0 0.3714530710271834 0.6797890466899409 0.02441934740221221 0.05802598755244546
0 0.8409236400191814 0.494759499398522 0.03335797077900686 0.03373638257342364
0 0.7829453189952933 0.32061068176216406 0.03168637662320535 0.02736798340326043
0 0.6314083181845144 0.4421160610115953 0.0333034237011061 0.03061138257342346
0 0.7580856408299603 0.3554942446246372 0.033248876623205345 0.02748638257342346
0 0.6556701582831259 0.6207505464894483 0.0333034237011061 0.03061138257342346
0 0.7348746428618504 0.7440948033379254 0.024282979707460583 0.05021348755244528
0 0.6011326627473528 0.6080128255337424 0.03648297077900686 0.033973180913749526
0 0.9574134849857614 0.36434013882042277 0.03330342370110628 0.03061138257342346
0 0.7683729354755242 0.7521091354964305 0.024337526785361163 0.053338487552445454
0 0.7354258421305018 0.6228826541677625 0.02439207386326192 0.05646348755244528
0 0.6629776923720878 0.33655314524469276 0.03319432954530477 0.024361382573423462
0 0.8344123616089671 0.3299866043775439 0.03648297077900651 0.033973180913749526
0 0.9018378206201463 0.5455300166199615 0.03171365016215581 0.02893048340326061
5 0.9861015466741587 0.3790305234684387 0.01776024431795733 0.034114890871793244
0 0.7955121339333966 0.7658998709742834 0.02439207386326192 0.05646348755244546
0 0.6914849273578494 0.6305049774031978 0.03171365016215581 0.028930483403260432
5 0.08814133360578982 0.28360725062469994 0.03960797077900682 0.03420997925407558
0 0.9231203056026125 0.35704785707683623 0.036428423701106286 0.030848180913749523
0 0.8165922471639215 0.7682795097714842 0.027626168019063257 0.06295028589277134
0 0.7493928847441755 0.6294169966992296 0.024310253246410875 0.05177598755244546
0 0.7481422560923752 0.7458824462843111 0.024337526785361163 0.053338487552445454
2 0.5319057812561787 0.94384265914214 0.11841480925276535 0.07919243776222658
0 0.6345161327155807 0.7122393068624104 0.02598184740221221 0.058144386722608486
0 0.9418825734628153 0.8059356429696077 0.022884120941162676 0.059470088382282425
0 0.6000593120987296 0.7143220251188239 0.024282979707460583 0.05021348755244546
0 0.8500769030081201 0.7770750919299892 0.022775026785361162 0.05322008838228243
0 0.4674760519491647 0.19813815021907022 0.035465941558013726 0.0651047817435865
0 0.7791740677807726 0.7607504296875717 0.02439207386326192 0.05646348755244528
0 0.3020172784135096 0.6690515336176863 0.026036394480112968 0.06126938672260849
0 0.23067451786349807 0.9468320688857578 0.027462526785361163 0.05357528589277152
5 0.8153354845820198 0.6610114614311582 0.04432274431795698 0.03612767676456467
0 0.9106343478125446 0.6690150608111026 0.027517073863261743 0.05670028589277134
0 0.6640127179429284 0.7254263910955079 0.025845479707460584 0.050331886722608486
0 0.6788291944039779 0.7281136832120566 0.02598184740221221 0.058144386722608486
0 0.5839121607187578 0.6982350838321121 0.020939791395857908 0.0374766892121194
5 0.6736543194023303 0.48677828819107843 0.03799092370110611 0.030966580083912554