0 0.09487562076372691 0.5782693559834553 0.030851893713693724 0.025345445337363513
0 0.048291719192150334 0.5725647959898186 0.035612168320799574 0.026962489337999784
0 0.17391245740532604 0.5242534706397285 0.03412244292790545 0.028506808004454244
0 0.08408797808349049 0.5081204879853642 0.029289393713693723 0.025327264003817972
0 0.13078104156572584 0.511481297979001 0.03255994292790545 0.02848862667090888
0 0.16598864144189135 0.5602636959739102 0.030924668320799587 0.026907945337363515
0 0.1595909381749037 0.5970369899745467 0.027726893713693725 0.02530908267027261
0 0.14599501096276396 0.6877710779758193 0.03583049214211718 0.031649989337999784
0 0.06630966501553989 0.6551227573201824 0.02943494292790545 0.02845226400381797
0 0.06920568672716162 0.5426500293205005 0.027581344499481998 0.02218408267027261
0 0.005308122416356747 0.48965284599777287 0.010616244832713494 0.026944308004454243
0 0.015263165220427671 0.5323761479949093 0.030526330440855343 0.028524989337999785
0 0.037795174940337344 0.4961659279917276 0.032414393713693715 0.025363626670909058
0 0.32214659615662106 0.5771864719525931 0.03677656203449331 0.05196248933799978
0 0.36591598263160446 0.27449727661522966 0.024422111248705036 0.05494203866963625
0 0.4222559896609178 0.006193813972001289 0.02111302067816432 0.012387627944002578
0 0.280098067415686 0.9602807826225476 0.021913541356328815 0.03461135733609098
5 0.1125554263880794 0.5507347019812281 0.040299668320799585 0.027017033338636053
0 0.6366841693587661 0.814801913908368 0.03412244292790554 0.028506808004454598
0 0.7355561629486254 0.8378570585614593 0.03255994292790554 0.0284886266709087
0 0.5513502909465533 0.7525479092536855 0.03412244292790536 0.028506808004454244
0 0.26539986662989773 0.9573285052912294 0.02198631596343468 0.03617385733609098
0 0.8097192549669078 0.8549531045512779 0.029289393713693813 0.02532726400381833
5 0.8524696811455904 0.8591406178787782 0.03902826674922295 0.03324885200509087
0 0.006032637408251419 0.5607193239974546 0.012065274816502838 0.03012385200509069
0 0.6876280851983664 0.8274831799013682 0.032705492142117265 0.0316136266709087
0 0.2306097595150219 0.6313478079646835 0.03761131596343468 0.036355670671545326
0 0.3448455798216828 0.7604165952816843 0.020787688998963993 0.043968176002545434
0 0.8918040088958493 0.8696144938733694 0.035757717535011224 0.030087489337999783
5 0.8105220454946671 0.5191883272199598 0.04237159057054072 0.03797271467218159
0 0.854689422459138 0.5264826592139146 0.035757717535011224 0.030087489337999783
0 0.8970930922276796 0.5548798318746421 0.026348484284234176 0.06277272000318171
0 0.9748071774215367 0.44544064986477894 0.01065070967712849 0.06102840666772717
0 0.8926860361890423 0.43156051054268757 0.024567660462916762 0.05806703866963616
0 0.8539510219210188 0.4249837938813236 0.025984611248705037 0.0549602200031817
0 0.8405434933849716 0.41108492588323264 0.028129308105551587 0.06747840133672725
0 0.8215387822601009 0.416771851885778 0.026130160462916763 0.058085220003181705
0 0.8069497433849714 0.41147582455445975 0.02627570967712849 0.0612102200031817
0 0.7897986306885244 0.4108945692234596 0.025984611248705037 0.0549602200031817
0 0.7758452925991832 0.4087144512253686 0.02115156203449331 0.05178067600254525
0 0.7203958132773476 0.3921814792330046 0.0244948858558109 0.05650453866963616
0 0.7098221863128769 0.3844962485678227 0.022859611248705038 0.0549238573360908
0 0.676119274402218 0.3872308972390498 0.029255160462916763 0.05812158267027252
0 0.6593320347413003 0.3788371419080497 0.026421258891340216 0.06433522000318162
0 0.6431441085626178 0.3743405459102768 0.022859611248705038 0.0549238573360908
0 0.6267378585626179 0.37453144991250403 0.019006865177646402 0.03926249466899989
0 0.6028037448327135 0.4692899665818221 0.03888271753501123 0.03012385200509069
0 0.655164611458102 0.485078051241277 0.037247442927905536 0.028543170671545326
0 0.6924099003332315 0.49011044923618635 0.030706344499482084 0.022220445337363514
0 0.7239124574053261 0.5178536412317319 0.02315070967712849 0.0611738573360908
0 0.7394646827982202 0.5192343278962774 0.026421258891340216 0.0643352200031817
2 0.6833304226640258 0.13181669123968615 0.11392125889134022 0.06535337468172657