3 0.38314168337024884 0.574097834619684 0.0685077729789592 0.09447725334181775
3 0.18038241902916288 0.3137614133115919 0.07918445712440043 0.11489884134309047
0 0.30115000616463794 0.6000705359643652 0.03697836829088228 0.041024989337999786
0 0.3566583289590271 0.6244432799570474 0.038741127390180985 0.044168170671545326
0 0.2789095565983767 0.3384154206317743 0.038540868290882366 0.04104317067154524
0 0.3179160040051697 0.6420944039624563 0.033352720542635696 0.03317612667090888
0 0.25003238741233025 0.3880068879694559 0.033352720542635696 0.03317612667090888
0 0.2845446946290158 0.5361534866327288 0.04176599784053163 0.04264203333863605
0 0.6897361489756391 0.8809178099140949 0.038540868290882456 0.04104317067154532
0 0.31861001156330876 0.49431997529441085 0.038741127390180985 0.044168170671545326
0 0.12943478099852374 0.1165506059834553 0.04186612739018099 0.044204533338636144
0 0.6710062214654864 0.36903542791218585 0.04166586829088246 0.04107953333863614
0 0.1855400023071266 0.8578568586489552 0.06596496144333708 0.0304329346753633
0 0.7481392203857522 0.3892473832352318 0.04489099784053163 0.04267839600572705
0 0.5882737785252884 0.8836620965945489 0.046854016039128865 0.048946577339272324
3 0.8346241263104467 0.0551803712205961 0.15787066162790708 0.10020108935390815
5 0.3566211512919909 0.4774591919557748 0.038741127390180985 0.044168170671545326
0 0.949289512643043 0.46587187587527856 0.05915375693983016 0.04596702800763595
0 0.6384740376245871 0.8862052939210944 0.04519138648947951 0.04736589600572714
0 0.08633653454226806 0.5908426286600912 0.05007914558877828 0.05054544000636341
0 0.8801950470376528 0.15628833788196 0.051341256939830514 0.045876121339908774
0 0.28408812383721144 0.834037003302047 0.07231509099298643 0.03206816000954475
0 0.3345075169619796 0.38858759595800196 0.038741127390180985 0.044168170671545146
0 0.7651672316445192 0.34995761656591373 0.04801599784053181 0.04271475867281786
0 0.6926794787098585 0.9512484912476402 0.04997901603912887 0.048982940006363405
0 0.989838959745294 0.4972576885344152 0.020322080509411932 0.04278748400699968
0 0.2962553477759332 0.4382881512969562 0.04186612739018099 0.044204533338636054
0 0.1462937230066459 0.5260346939847279 0.038540868290882366 0.04104317067154532
2 0.4579681099575509 0.7413211499443207 0.23323160703211537 0.08234197469763486
0 0.21550930212255648 0.7887068693109555 0.05951470234403846 0.02723520934118149
5 0.6631643545588799 0.8444808705840494 0.04166586829088246 0.04107953333863605
5 0.1324464782484332 0.7857642299888641 0.05492733189368777 0.02874316534054504
0 0.3070144841085293 0.8501887146324106 0.07554022054263569 0.033667022676635835
0 0.7591813540974547 0.6713604492361862 0.0712532387412331 0.03986247867599957
0 0.2614192728220758 0.4558938219685015 0.04186612739018099 0.044204533338636054
0 0.3406037299464762 0.569119980625411 0.046854016039128955 0.048946577339272504