3 0.21171875 0.8828125 0.06640625 0.15
3 0.11015625 0.525 0.08046875 0.06015625
3 0.3875 0.42421875 0.0703125 0.0515625
3 0.83984375 0.93125 0.059375 0.13046875
3 0.26640625 0.72421875 0.04140625 0.0984375
0 0.81640625 0.44453125 0.03359375 0.02734375
0 0.41640625 0.28359375 0.0359375 0.02734375
0 0.3609375 0.6109375 0.02890625 0.05859375
5 0.26640625 0.3625 0.034375 0.0578125
5 0.3515625 0.34296875 0.040625 0.05234375
5 0.7453125 0.221875 0.03984375 0.0265625
0 0.94296875 0.45625 0.03671875 0.02734375
0 0.07890625 0.96171875 0.034375 0.05859375
0 0.47578125 0.334375 0.034375 0.02734375
0 0.584375 0.67421875 0.0328125 0.02890625
0 0.72578125 0.40703125 0.03203125 0.0265625
0 0.5421875 0.740625 0.034375 0.03671875
5 0.1109375 0.42578125 0.04453125 0.0390625
0 0.04296875 0.4953125 0.04140625 0.03359375
0 0.05078125 0.4453125 0.0359375 0.03203125
0 0.52421875 0.04140625 0.0296875 0.02578125
0 0.54765625 0.4359375 0.03515625 0.02734375
5 0.42734375 0.6625 0.03515625 0.05703125
5 0.1859375 0.46171875 0.02421875 0.0734375
0 0.575 0.7703125 0.03359375 0.03984375
5 0.85078125 0.31171875 0.040625 0.02734375
0 0.384375 0.0234375 0.025 0.046875
0 0.1953125 0.20703125 0.01796875 0.06640625
0 0.28671875 0.246875 0.02734375 0.06171875
0 0.74921875 0.50078125 0.0359375 0.0296875
5 0.22421875 0.23671875 0.0203125 0.06796875
0 0.5671875 0.11875 0.0359375 0.028125
0 0.64140625 0.3453125 0.034375 0.0265625
5 0.653125 0.2984375 0.03828125 0.028125
0 0.2359375 0.72109375 0.02578125 0.06171875
0 0.72890625 0.94140625 0.0359375 0.040625
0 0.259375 0.63203125 0.02578125 0.071875
5 0.21640625 0.0828125 0.01953125 0.07421875
5 0.11484375 0.47421875 0.0515625 0.04453125
5 0.1609375 0.71953125 0.028125 0.0734375
0 0.290625 0.61015625 0.02734375 0.07265625
0 0.171875 0.98671875 0.0234375 0.0265625
0 0.24375 0.990625 0.03125 0.01875
5 0.47578125 0.1609375 0.034375 0.04375