3 0.21171875 0.88203125 0.0671875 0.14921875
3 0.10546875 0.5234375 0.0796875 0.05625
3 0.2671875 0.7234375 0.04140625 0.09921875
0 0.578125 0.20859375 0.03515625 0.028125
0 0.41796875 0.284375 0.03515625 0.0265625
5 0.34609375 0.63828125 0.0359375 0.06796875
0 0.58125 0.675 0.0328125 0.03125
0 0.065625 0.578125 0.040625 0.0359375
0 0.18828125 0.0671875 0.015625 0.065625
0 0.26015625 0.63203125 0.025 0.0734375
0 0.990625 0.4625 0.01875 0.025
0 0.56953125 0.11875 0.0359375 0.028125
0 0.52578125 0.04140625 0.03125 0.0265625
0 0.24296875 0.06640625 0.015625 0.0640625
3 0.8390625 0.93046875 0.06171875 0.13203125
0 0.54296875 0.74140625 0.03359375 0.0359375
0 0.328125 0.03984375 0.01484375 0.05625
0 0.5765625 0.77265625 0.0328125 0.040625
5 0.09375 0.475 0.046875 0.040625
5 0.11640625 0.42109375 0.03828125 0.03125
0 0.1890625 0.00390625 0.0125 0.0078125
0 0.409375 0.54453125 0.03359375 0.0484375
5 0.49765625 0.17265625 0.0421875 0.0390625
0 0.22734375 0.2640625 0.01953125 0.075
0 0.22109375 0.08671875 0.01640625 0.0734375
0 0.7296875 0.94453125 0.0359375 0.040625
0 0.2359375 0.71875 0.0265625 0.06015625
0 0.2421875 0.1984375 0.01640625 0.071875
0 0.18671875 0.203125 0.01484375 0.065625
0 0.2921875 0.6125 0.021875 0.07734375
0 0.16796875 0.98359375 0.0265625 0.0328125
0 0.24140625 0.9890625 0.02890625 0.021875