5 0.5101355856433152 0.5576125269933542 0.04488660266556703 0.04186612739018099
0 0.23408389951251102 0.6649789481819853 0.04162521034569906 0.036978368290882455
5 0.5677388001456493 0.40030187230527725 0.04989235141192587 0.053104016039128864
0 0.4139174666804122 0.460845753396086 0.035420674452321776 0.038140350092285044
0 0.2704629833734596 0.4599014219638235 0.03458560015828453 0.0630402205426357
0 0.5602599546062182 0.6573331223052772 0.03725595909205772 0.0476154796419344
0 0.8927866127612039 0.45823098165374443 0.04038095909205808 0.047815738741233106
3 0.11067307554767833 0.033334131709117656 0.06302884890464333 0.06666826341823531
0 0.7191769311827463 0.28766456508859173 0.04019910266556703 0.04156573874123302
0 0.419278568092338 0.4105954295219627 0.03220474623907634 0.03481509099298634
0 0.24535505397308 0.9208086435861935 0.017534492478152596 0.06662629549649317
0 0.6388469220115462 0.36845229257105777 0.043369566772189574 0.04332849784053163
0 0.3024006758389769 0.8898602297988178 0.022449313011266004 0.07473918414544123
0 0.8309231102539215 0.4403611636397173 0.041943459092057725 0.04791586829088246
0 0.49042013070789253 0.4847955906884446 0.04019910266556703 0.04156573874123311
3 0.9612531194251215 0.35636929056847294 0.05530727711788863 0.07840440468807693
0 0.41864441910855243 0.5127889851974887 0.03381271034569906 0.03647772054263569
0 0.19752192537675847 0.5815446869232183 0.0390003155185485 0.053965609191583754
0 0.6594562533652123 0.14255112662421388 0.03725595909205772 0.0476154796419344
0 0.4927926244396864 0.43005802591361986 0.04019910266556703 0.04156573874123311
0 0.39748482145755026 0.5968030397932805 0.04341503087881238 0.04489099784053181
0 0.36756267458533565 0.874767353488371 0.030079956584775313 0.06898983189368764
0 0.10679162529761621 0.6177708860280543 0.04640363855894436 0.04040375693983016
3 0.002202379849962725 0.7304489636028054 0.00440475969992545 0.048477072794389106
5 0.8118689525611542 0.9344115522886653 0.0381819615993404 0.025840609191583753
0 0.5121707617449894 0.38046903609265276 0.043369566772189574 0.04332849784053163
0 0.23863162483539782 0.2942857163805826 0.028790241224511348 0.07826470234403846
5 0.26711798917944735 0.1996648288113688 0.03843802586424747 0.0882404796419344
0 0.31133305812971507 0.7972722116002207 0.024011813011266002 0.07483931369509059
3 0.27981863367739346 0.8351622378183823 0.03167120031656907 0.12367733189368764
0 0.7074678560307793 0.10048474013473423 0.04368781551854859 0.054265997840531675
0 0.3101896907496577 0.08617402529531111 0.033386813011266 0.07544009099298643
5 0.25159434527673363 0.8135771344868947 0.02075042069139794 0.06995155459579187
0 0.26926391541413564 0.9567065707918043 0.01800585391920828 0.029226425046142524
3 0.08673021173235422 0.905240607650424 0.06719952335696502 0.11191781153562204
0 0.006670919504263741 0.7996297601790328 0.013341839008527482 0.0507404796419344
0 0.6934863285836862 0.7953967219361371 0.034994777117888634 0.0771027205426357
0 0.7333230330568904 0.5518877513935012 0.04001724623907634 0.0353157387412331
5 0.5620931715493278 0.058334417801770413 0.04217077962517113 0.055728368290882346
5 0.45239757429403704 0.011081992598744364 0.038954851411925874 0.022163985197488727
3 0.37201007765924937 0.18592489898486428 0.058824733702664035 0.14569203423772623