0 0.41156017272979073 0.42421875 0.03783996144333699 0.0296875
0 0.43324660317460406 0.3359375 0.032952202344038464 0.0265625
0 0.7630003616555939 0.53203125 0.031189443244739934 0.0234375
0 0.32050078346253386 0.6125 0.03471496144333708 0.0296875
0 0.6746408775378393 0.9453125 0.028905052436323686 0.0609375
0 0.7199104981450735 0.57890625 0.03940246144333699 0.0296875
0 0.7615089103912895 0.484375 0.039302331893687814 0.028125
0 0.7770220912975282 0.56796875 0.03607720234403846 0.0265625
0 0.6617916216777431 0.87890625 0.027142293337024982 0.0578125
0 0.15826040175341624 0.653125 0.03617733189368781 0.028125
0 0.8184493252583993 0.51953125 0.031289572794389285 0.025
0 0.7094946298541911 0.53828125 0.03627746144333717 0.0296875
5 0.13692681985972846 0.625 0.04116522054263574 0.0328125
0 0.5900353400609106 0.95390625 0.027242422886674333 0.059375
0 0.4901051912329297 0.9671875 0.02557979333702498 0.0578125
0 0.5744103400609106 0.95390625 0.023817034237726277 0.0546875
5 0.10549064543189475 0.41484375 0.04190570018457014 0.06875
0 0.17160101094499997 0.690625 0.040964961443337077 0.0296875
0 0.5260229048357352 0.9546875 0.02009125693983016 0.0453125
0 0.6112792843853846 0.95625 0.026541516039128864 0.0484375
0 0.20423423580657235 0.6390625 0.039402461443337075 0.0296875
5 0.68478572408638 0.50625 0.04439035009228505 0.034375
0 0.6198370542820248 0.7484375 0.029105311535622215 0.0640625
0 0.6393344332133652 0.94296875 0.02578005243632351 0.0609375
0 0.5553599514119625 0.94921875 0.023817034237726277 0.0546875
0 0.5385229048357352 0.9546875 0.02890505243632351 0.0609375
0 0.4731680151070531 0.97109375 0.02870479333702498 0.0578125
0 0.5076734230343325 0.9609375 0.029105311535622215 0.0640625
0 0.4970177228497624 0.8921875 0.025880181985972684 0.0625
0 0.47909903762458705 0.89296875 0.030968200184570093 0.06875
0 0.4182139975267646 0.771875 0.023416516039128865 0.0484375
5 0.22211215067368206 0.67421875 0.03637759099298643 0.03125
5 0.27438604950166284 0.6609375 0.04459060919158375 0.0375
5 0.2589019494093778 0.6265625 0.04791586829088228 0.040625
0 0.1931069686877092 0.61171875 0.03325259099298643 0.03125
0 0.09441583821520924 0.26640625 0.025179275138427614 0.0515625
0 0.01564239126984162 0.134375 0.018067681985972844 0.0625
0 0.11199695712440043 0.1140625 0.03445414558877831 0.05
0 0.19338426434108597 0.2625 0.026541516039128955 0.0484375
0 0.18224411011443437 0.38125 0.04106509099298643 0.03125
0 0.140256869213733 0.384375 0.04705427513842757 0.0515625
5 0.2734105282207466 0.353125 0.04156573874123302 0.0390625