0 0.54375 0.43828125 0.03515625 0.02578125
0 0.6015625 0.4421875 0.0328125 0.0265625
0 0.8484375 0.65234375 0.03203125 0.02578125
0 0.23828125 0.6625 0.03125 0.02578125
0 0.290625 0.628125 0.02890625 0.0234375
0 0.2015625 0.5796875 0.03359375 0.02265625
0 0.2796875 0.5890625 0.03203125 0.025
0 0.8421875 0.684375 0.03359375 0.0265625
0 0.28984375 0.6703125 0.02890625 0.0234375
0 0.16328125 0.62421875 0.03359375 0.02421875
0 0.46953125 0.86953125 0.01796875 0.059375
0 0.22578125 0.62734375 0.03203125 0.021875
0 0.4109375 0.95625 0.01484375 0.059375
0 0.7828125 0.42109375 0.03984375 0.02890625
5 0.68828125 0.4015625 0.03828125 0.02734375
5 0.534375 0.38515625 0.03828125 0.0296875
5 0.8546875 0.71875 0.040625 0.0296875
0 0.11640625 0.6203125 0.03671875 0.0359375
0 0.24765625 0.775 0.01875 0.06015625
0 0.42421875 0.8265625 0.015625 0.06640625
0 0.62890625 0.83125 0.01171875 0.04296875
0 0.59296875 0.9546875 0.0140625 0.06015625
0 0.57578125 0.95546875 0.01796875 0.0640625
0 0.825 0.4125 0.04140625 0.04375
0 0.79765625 0.146875 0.02734375 0.05078125
0 0.75078125 0.29609375 0.0171875 0.0609375
0 0.9015625 0.2921875 0.01796875 0.06484375
0 0.8484375 0.29609375 0.015625 0.05078125
0 0.90390625 0.15859375 0.015625 0.0640625
5 0.88359375 0.21953125 0.025 0.0734375
5 0.90625 0.03828125 0.0203125 0.07578125