0 0.2386716014423615 0.4331666486331486 0.04142508700597229 0.037929226955740705
0 0.48409777668857695 0.6520267894906027 0.03982621941479163 0.03623002591898157
0 0.7422174415824658 0.5417660668701866 0.03982621941479181 0.03623002591898139
5 0.8151107341355214 0.5792278191792608 0.04298758700597212 0.03806592799249984
5 0.7653107558870145 0.592196002355557 0.03982621941479181 0.03623002591898157
0 0.1278114090973964 0.6816321258717132 0.04142508700597225 0.037929226955740705
0 0.8553720582237159 0.5600485922235201 0.04298758700597212 0.03806592799249984
0 0.4877552263486459 0.017536867671782863 0.02649107123840295 0.035073735343565726
5 0.6842393277910074 0.43880645367514015 0.04934668977951393 0.04330023213953691
0 0.5742557708015624 0.008206313383333875 0.023293336056041624 0.01641262676666775
0 0.5928966680280208 0.004685907421968149 0.024819468464861317 0.009371814843936298
0 0.5244376087574654 0.012805630489861603 0.0262728656913195 0.025611260979723206
0 0.9190319018792017 0.40260794764287217 0.03506598423243048 0.03269492280870363
0 0.5532165721883333 0.009910295381458854 0.02325696846486114 0.019820590762917707
1 0.2771749762517367 0.6411650763428246 0.0762728656913195 0.06124914976444433
0 0.5837048124046876 0.054615964325556675 0.028017203647222287 0.06482391762490736
0 0.5385364763486459 0.01290337530606532 0.023147865691319502 0.02580675061213064
0 0.6374682048814933 0.17829818063088085 0.0214398953265972 0.05021461347787035
0 0.4557785277354167 0.019294503039375424 0.024855836056041625 0.03858900607875085
5 0.9043822947372572 0.10954145282666838 0.02957970364722229 0.06496061866166661
0 0.4713489763486459 0.017439122855579144 0.024855836056041625 0.03487824571115829
0 0.9449638479269797 0.6758991846833814 0.019659189779513753 0.04070291244111104
0 0.9908046047671183 0.6683314009887056 0.018390790465763373 0.06951141762490742
0 0.5041614763486459 0.013591661451227324 0.021512630508958352 0.02718332290245465
0 0.43141822663298635 0.20493646748310262 0.029797909194305562 0.07433561866166656
0 0.5626110624046876 0.05646142832180663 0.029688806420763925 0.0696481186616666
0 0.8370422451534381 0.6806440562197701 0.026345600873680652 0.05999971658814811
0 0.9139528501111812 0.823437857492085 0.043787674011944236 0.07244092799249983
0 0.9836743237069449 0.7756066587643999 0.03265135258611025 0.09845662384546294
5 0.9658205553739243 0.6302353701687519 0.029870644376666887 0.07746061866166656
3 0.08366844481350703 0.09679779608851867 0.10363545269729176 0.09794806738935165