0 0.37024533004798654 0.6257029199844827 0.031189443244739757 0.025860869395056163
5 0.7813423187892196 0.5532872043630517 0.03597707279438911 0.027806006667959692
0 0.12971236274455325 0.740928533629663 0.032952202344038464 0.02911341515269079
0 0.8917372031192308 0.45567913860153786 0.034314443244739576 0.026115960910325243
0 0.16201132788851816 0.6007340972651449 0.031189443244739802 0.025860869395056163
0 0.8200555629291234 0.616185946028102 0.03431444324473994 0.026115960910325243
0 0.5989546275470644 0.2705218570979067 0.01822836829088246 0.0419004575763454
0 0.028701772831300976 0.8012438934818213 0.031189443244739823 0.02586086939505634
0 0.7782580891472851 0.589288477241869 0.029626943244739756 0.02573332363742171
0 0.798401805989293 0.6630289951197164 0.02952681369509058 0.024170823637421533
0 0.5978007425987444 0.16725333588607944 0.019229663787375628 0.05752545757634535
0 0.0688959762550736 0.7925227266621407 0.0280644432447398 0.025605777879787083
0 0.0005887750645984522 0.807031378937954 0.0011775501291969043 0.025733323637421535
0 0.1486836058047229 0.7844553930227794 0.031189443244739844 0.025860869395056163
0 0.1890280035529695 0.7733904762030989 0.0327519432447398 0.02598841515269079
0 0.5823073480897002 0.23923990618952118 0.01902940468807692 0.054400457576345394
0 0.23249740130121613 0.7620704678681491 0.024839313695090494 0.023788186364518182
0 0.5751285849852319 0.8848713995215615 0.016104663787375628 0.057270366061076314
0 0.5710685479697286 0.7056781070979067 0.03319203423772628 0.05711086939505616
0 0.5795013255721664 0.16175263497769382 0.02089229333702498 0.05921550333397989
5 0.5929075678663689 0.9106208275511296 0.01902940468807692 0.05440045757634522