0 0.34765625 0.29453125 0.02890625 0.0234375
0 0.8515625 0.2921875 0.03203125 0.02265625
0 0.1796875 0.21015625 0.0296875 0.0234375
0 0.06015625 0.2078125 0.028125 0.021875
0 0.40234375 0.375 0.02578125 0.021875
0 0.353125 0.3671875 0.03046875 0.02265625
0 0.09921875 0.21015625 0.02578125 0.021875
0 0.29765625 0.21875 0.03125 0.02421875
0 0.44140625 0.3765625 0.02578125 0.0203125
0 0.01796875 0.2078125 0.0265625 0.0203125
0 0.2203125 0.21484375 0.02890625 0.0234375
0 0.2640625 0.2203125 0.021875 0.0203125
0 0.8109375 0.32578125 0.02734375 0.0203125
0 0.7015625 0.5015625 0.025 0.0515625
0 0.4328125 0.4078125 0.0203125 0.01875
0 0.6078125 0.05 0.0140625 0.05625
5 0.81015625 0.3609375 0.04140625 0.0234375
0 0.84921875 0.365625 0.0296875 0.02890625
5 0.6265625 0.02734375 0.0140625 0.0546875
0 0.58828125 0.025 0.01171875 0.05