0 0.8439689991925163 0.6638423781345014 0.03330342370110628 0.030036110495108837
0 0.7989525539810549 0.5994389729151819 0.03168637662320535 0.02682010523343692
0 0.8054656067409983 0.6295359965927052 0.034865923701106284 0.030127115756780752
0 0.8000826314977647 0.6691067308076897 0.03171365016215581 0.02838260523343692
5 0.8869280665629565 0.7117030254613133 0.038045470779006864 0.03343412628012441
5 0.08277853450258954 0.8580315788544904 0.03958069724005649 0.03196263154179633
0 0.5208799212687694 0.40102677581424906 0.02132162094116268 0.05899556840173403
0 0.5681758867727705 0.5140496915569124 0.024392073863261744 0.05605257892507787
0 0.1743013814977647 0.632659123508114 0.03327615016215577 0.028473610495108836
0 0.39984507792704227 0.7490253890813682 0.03171365016215581 0.02838260523343692
0 0.9838281603117208 0.5366945911616241 0.016034103084255236 0.02434755261671846
0 0.5807990231385038 0.8213462520661385 0.02441934740221221 0.05761507892507787
0 0.20102001989209292 0.8492774761107151 0.034838650162155815 0.028564615756780754
0 0.3012927552815963 0.8394768128577134 0.033276150162155814 0.02847361049510866
0 0.045800685882561316 0.8707367052052021 0.031713650162155785 0.02838260523343692
5 0.9605173453769126 0.5728750148673823 0.03799092370110628 0.03030912628012441
0 0.12573364773311438 0.8613154735504664 0.03171365016215577 0.02838260523343692
0 0.1944304695644861 0.4203334287556686 0.01959547970746054 0.049529563140062294
0 0.27261792492221737 0.5109121971009328 0.030151150162155815 0.02829159997176518
0 0.31100826907801876 0.5068918260118931 0.031686376623205434 0.02682010523343692
0 0.5216004902607674 0.18053226529090535 0.02622730925276535 0.07176858418674956
0 0.13182137540868472 0.42294321828879455 0.019650026785361253 0.052654563140062116
0 0.23698438799058646 0.5362083287133161 0.02126707386326192 0.05587056840173403
0 0.36587304708119595 0.4999207601704079 0.03489319724005639 0.031689615756780753
0 0.10570711445163612 0.5301263867328809 0.036428423701106105 0.030218121018452494
0 0.15953194927524192 0.851553336676411 0.03327615016215577 0.02847361049510866
0 0.22214063799058645 0.5353437787274336 0.02280230032431154 0.054399073663405774
0 0.2511427508173695 0.8451583944842144 0.03489319724005639 0.031689615756780753
0 0.18186228571711024 0.4235116366622938 0.019650026785361208 0.0526545631400623
0 0.29781456818451435 0.4114960260260106 0.02129434740221221 0.05743306840173403
0 0.07769693709708202 0.4323035367611158 0.0197045738632619 0.05577956314006229
0 0.1482139886392096 0.424680023536349 0.02132162094116259 0.05899556840173403
0 0.11141341802235853 0.42722889988706053 0.02132162094116259 0.05899556840173403
2 0.3085374285723701 0.15561004707269796 0.11512616801906325 0.06758088410204496
5 0.1511150718379623 0.5272967893213646 0.04114319724005648 0.032053636803468066
0 0.1615225121781599 0.42389106826055967 0.02134889448011288 0.060558068401734035
0 0.329200935879266 0.4055036312594476 0.019650026785361253 0.0526545631400623
0 0.6183373482162864 0.3284985994070678 0.019650026785361163 0.052654563140062116
0 0.31269922849293985 0.41001682601189315 0.02132162094116259 0.05899556840173403
0 0.6018813161592147 0.9895982747105926 0.021103432629559826 0.020803450578814876
0 0.5817585146104965 0.04952445997276378 0.020857970779006862 0.03243306840173403
0 0.2642071814150392 0.4103206629000658 0.019650026785361253 0.0526545631400623
0 0.2516389975676633 0.413498870806691 0.02132162094116259 0.05899556840173403
0 0.05908153044210448 0.5579104815135614 0.027680715096963925 0.06560958944842135
0 0.2738650048745592 0.6634834602551125 0.0228841209411625 0.05908657366340577