0 0.59921875 0.03203125 0.03671875 0.03203125
0 0.63828125 0.0984375 0.03515625 0.03046875
0 0.5125 0.24921875 0.0328125 0.0265625
0 0.6078125 0.1359375 0.03671875 0.03359375
0 0.409375 0.08125 0.01484375 0.06328125
0 0.671875 0.55703125 0.03671875 0.02734375
0 0.6109375 0.17421875 0.0359375 0.03203125
0 0.81953125 0.5953125 0.040625 0.028125
0 0.5140625 0.2859375 0.034375 0.02734375
0 0.6703125 0.4921875 0.03828125 0.0265625
0 0.7296875 0.48515625 0.03828125 0.0296875
0 0.7140625 0.60703125 0.0390625 0.02734375
0 0.640625 0.0234375 0.03125 0.0265625
0 0.575 0.5046875 0.0359375 0.028125
0 0.76640625 0.60234375 0.0359375 0.02734375
0 0.646875 0.12890625 0.0328125 0.02734375
0 0.78515625 0.47890625 0.03984375 0.02890625
0 0.55390625 0.35390625 0.015625 0.0640625
0 0.884375 0.58046875 0.03515625 0.02734375
0 0.6171875 0.50078125 0.03671875 0.02890625
0 0.5984375 0.35234375 0.0171875 0.0625
0 0.65078125 0.97421875 0.0140625 0.0515625
0 0.51171875 0.2140625 0.03359375 0.0265625
0 0.63046875 0.615625 0.03359375 0.02265625
0 0.91796875 0.45625 0.03984375 0.028125
0 0.59921875 0.00625 0.03359375 0.0125
0 0.5109375 0.18046875 0.02578125 0.02421875
0 0.88515625 0.58984375 0.03203125 0.025
3 0.2671875 0.18828125 0.028125 0.11953125
0 0.41015625 0.16953125 0.015625 0.0671875
0 0.92578125 0.5859375 0.03046875 0.025
0 0.57265625 0.3484375 0.01484375 0.053125
5 0.18046875 0.5765625 0.0390625 0.0296875
0 0.63984375 0.05859375 0.040625 0.03046875
0 0.61875 0.34375 0.015625 0.0546875
0 0.2578125 0.01796875 0.02109375 0.03515625
5 0.41171875 0.265625 0.01796875 0.0734375
5 0.2 0.72734375 0.0375 0.06015625
5 0.2390625 0.78203125 0.04140625 0.05234375
5 0.30234375 0.9234375 0.025 0.0984375
5 0.43671875 0.8421875 0.015625 0.0765625
0 0.22578125 0.94609375 0.01875 0.07578125
0 0.45546875 0.46796875 0.040625 0.0453125
0 0.59765625 0.10234375 0.04140625 0.03671875
0 0.63984375 0.35 0.01875 0.06953125
0 0.6609375 0.33828125 0.01875 0.07265625
0 0.8734375 0.4640625 0.04296875 0.03203125
0 0.98125 0.5671875 0.0375 0.0359375
0 0.5828125 0.62109375 0.0375 0.034375
0 0.53984375 0.6265625 0.0421875 0.03046875
0 0.59453125 0.86953125 0.01875 0.0703125
0 0.671875 0.9765625 0.015625 0.046875
0 0.69609375 0.978125 0.0171875 0.04375