5 0.47746473660565786 0.2972633401164904 0.056142351411925875 0.05286605042954129
0 0.4629465616911178 0.575763476367109 0.04506845909205772 0.04760534034363299
5 0.521340701041485 0.9204894781761315 0.07034124373179385 0.05829053482570927
0 0.5187108283841652 0.5888267203742152 0.04667642319868044 0.04924972749876275
0 0.5856566359851548 0.5572325616223595 0.04837531551854859 0.05401911465389268
0 0.25308244602692 0.9501139439162491 0.03363085391920828 0.029844630257724703
0 0.49265078206594665 0.524276219469704 0.04346049498543501 0.04596095318850324
0 0.5514467720368168 0.6147241570543752 0.04350595909205772 0.04752345318850324
0 0.2393676915410805 0.21067962969189788 0.0715854949854351 0.04743492198083885
5 0.81117242768452 0.8280308197629598 0.08100595909205772 0.04948874491161739
5 0.5626667315245859 0.8126670120973293 0.08238660266556704 0.04332063206674697
0 0.369854476576528 0.37899029567984294 0.049755959092057725 0.04785100180902226
5 0.23441971107061477 0.8180860159425165 0.03725595909205772 0.04719590456798421
0 0.8585963793212373 0.4740293945027606 0.049710494985435005 0.04628850180902226
0 0.8588370378719343 0.804006821571982 0.06524456677218993 0.04398237336031983
0 0.5429690308123054 0.5378341084338562 0.046721887305303154 0.050812227498762755
5 0.19060151491068078 0.8134494255988833 0.029170674452321688 0.03741146879233561
5 0.5946381455520664 0.7854803923550541 0.0824775308788123 0.04644563206674714
0 0.9075961689755383 0.4422747834669127 0.05926735141192587 0.0530298247398008
0 0.6777378020576993 0.8264982179993661 0.07461956677218975 0.04447369629109836
0 0.9616665211788871 0.7992551238105458 0.035284282132453625 0.033051517412854635
5 0.11519910266556703 0.045040262324471884 0.04654003087881238 0.044562227498762805
5 0.9207363296378064 0.5989751628201263 0.06243781551854859 0.05475609905006031
5 0.90570367768452 0.8329849926483097 0.08734688730530316 0.05294129353213641
5 0.34341061467325396 0.7301909475342938 0.08693771034569897 0.03887879353213641
5 0.2699456856020787 0.8862528397778062 0.046767351411925874 0.05237472749876275
0 0.18162733168287049 0.8535421590905401 0.04663095909205772 0.04768722749876275