0 0.22178307051154872 0.2566544526478151 0.0588698858558109 0.0588698858558109
0 0.2954217777074778 0.27436418341739277 0.05850601282028158 0.0510573858558109
0 0.37585414040392484 0.2698350411514411 0.05665241439185813 0.044734611248705036
0 0.4510360769216895 0.2702481100103599 0.05665241439185813 0.044734611248705036
0 0.43022911724456103 0.21014751799207726 0.057016287427387444 0.052547111248705036
0 0.6214148893704675 0.1628786040145039 0.05156680810555194 0.06944351282028158
0 0.28808650496239874 0.06644252150673395 0.057016287427387444 0.052547111248705015
0 0.277071922249741 0.00504275682442555 0.047893844499481995 0.0100855136488511
0 0.13849957382131756 0.0022131633584008487 0.06449914764263513 0.004426326716801697
0 0.6274938389134015 0.6127887127820095 0.04237589867609248 0.10643409057054054
0 0.707877005786459 0.6912540070338226 0.04142982878371626 0.08612159057054072
0 0.9860895113725394 0.18711004673752157 0.027820977254921074 0.05174659057054054