0 0.6116880582890809 0.3697891001931837 0.02736798340326061 0.0321230192372937
0 0.5010484014452482 0.2669046915703287 0.02533188672260849 0.02581845553496285
0 0.3853218547553072 0.6527454770496913 0.028930483403260432 0.03217758293962447
0 0.4855147993660113 0.4513342552726596 0.027604781743586493 0.035248019237293704
0 0.4044773643030769 0.48221472224036777 0.02736798340326061 0.0321230192372937
0 0.44162401202334733 0.3827405118960815 0.023769386722608487 0.02576389183263199
0 0.028580482979053218 0.34262152041842003 0.05575309253146722 0.01597222958157989
0 0.028662993352015415 0.36209820671608917 0.057315592531467216 0.016026793283910833
0 0.5841946333986161 0.13621519756077852 0.02713118506293455 0.028998019237293705
0 0.07050418338932732 0.5297197271345093 0.06055899170163026 0.01769842068857237
0 0.5413703612027991 0.010686968380502652 0.030966580083912554 0.021373936761005304
0 0.37126396783220617 0.39610609664980456 0.02424298340326043 0.032013891832631994
0 0.030342969906798644 0.4119072337579312 0.048058991701630235 0.017261911069925695
0 0.5813754414872043 0.2453992246026205 0.03096658008391273 0.038482146641955414
5 0.41068627841959426 0.13292405037066893 0.027604781743586493 0.035248019237293704
0 0.023658491177176645 0.4435118978230818 0.04731698235435329 0.0176438569862416
0 0.5723593294592126 0.0353347438399142 0.02447978174358667 0.03513889183263198
0 0.025783387235451004 0.42777777041842013 0.05156677447090201 0.0160813569862416
0 0.45217503879255644 0.1509547985565704 0.028930483403260432 0.03217758293962456
0 0.027837428314703518 0.39410217486492377 0.055674856629407035 0.016026793283910833
0 0.012418704247109016 0.4941666622510521 0.024837408494218033 0.019206356986241603
0 0.10226643671331961 0.3470609945577044 0.06692739087179325 0.019479175497895972
0 0.5199554572587514 0.08936996861217074 0.058736382573423465 0.03477679328391081
0 0.23778584915622986 0.5534870654316114 0.06380239087179325 0.01937004809323426
3 0.37918597945456833 0.2298635377567972 0.04185745850815117 0.0793799651536097
0 0.20558957841030545 0.5156522487340556 0.06704579004195628 0.021041675497895974
0 0.23816897053149857 0.3119270480084162 0.05274649170163022 0.017425602176918176
0 0.09477324542660785 0.3636854993670278 0.07161489087179325 0.019642866604888454
0 0.02743560922845307 0.3240079296742472 0.05487121845690614 0.019151793283910833
0 0.025351045741280016 0.46134423856725465 0.05070209148256003 0.019260920688572547
0 0.034510251650385175 0.37747767005560035 0.057315592531467216 0.016026793283910833
5 0.5073836796643497 0.13188485082615586 0.03456517676456468 0.04484127404661713
5 0.5008843033147035 0.17652522823081757 0.03901587842423861 0.0418799651536097
5 0.5137385782098127 0.2228273093563436 0.034091580083912554 0.03859127404661713
5 0.6712308468811448 0.25239077986743086 0.034091580083912554 0.03859127404661713
5 0.7719090435664413 0.0548585262392338 0.07197008838228243 0.02433036660488852
0 0.6681785470909263 0.15899544393258144 0.031203378424238613 0.04160714664195542
0 0.7800623178368505 0.19404751181126353 0.057552390871793334 0.019151793283910833
0 0.9397458937715782 0.14327864157817793 0.05357528589277152 0.028363102176918266
0 0.9491819385874194 0.03931782787584709 0.06380239087179333 0.019370048093234237
0 0.8135996360979085 0.039377369978631546 0.06067739087179334 0.019260920688572526
0 0.8032648647272842 0.09350187478795496 0.04505239087179334 0.01871528366526396
0 0.6939257535244849 0.07628214765344574 0.051302390871793335 0.018933538474587387
0 0.6815907742704094 0.11567202986743089 0.050071777594401644 0.0438244110699257