0 0.8671134307585803 0.8447243767474479 0.03128957279438893 0.02586381802583091
0 0.8458706839977829 0.9075055215745984 0.031289572794389285 0.02586381802583091
0 0.8595617466131393 0.8648550203209571 0.03128957279438893 0.02586381802583091
0 0.8536226272425228 0.884249878001089 0.03128957279438893 0.02586381802583091
0 0.7164020319305996 0.827033108405048 0.028164572794389286 0.025772889812585475
0 0.7831983081487615 0.7984511188298891 0.031289572794389285 0.02586381802583091
0 0.43831991132336545 0.4518522858268703 0.034614831893687636 0.029079746239076342
0 0.7419749259782185 0.9287463725908127 0.031289572794389285 0.02586381802583091
0 0.48536489204503397 0.4383497269722394 0.03128957279438911 0.02586381802583091
0 0.8109869393964537 0.9992213793212372 0.03138970234403828 0.0015572413575256406
0 0.39264646591915725 0.4317383626281899 0.03451470234403846 0.027517246239076344
0 0.8253090576873362 0.9718718984550602 0.028164572794388932 0.025772889812585475
0 0.8067416394241402 0.5776301534696252 0.03128957279438893 0.02586381802583091
0 0.646027777611663 0.7404530992338477 0.028064443244739935 0.024210389812585477
0 0.8124457171557748 0.8306104009623427 0.029626943244739933 0.024255853919208193
0 0.7719835124953847 0.44825489053750134 0.032852072794389287 0.025909282132453627
0 0.6823774853543723 0.8205641480593489 0.029626943244739933 0.024255853919208193
0 0.651235711757104 0.7202542595004044 0.028064443244739935 0.024210389812585654
0 0.3944685842100396 0.39109063057487853 0.03138970234403846 0.02742631802583091
0 0.6320863911221833 0.787009850487489 0.024939443244739755 0.024119461599340218
0 0.8042129125599832 0.8491558124825407 0.03128957279438893 0.02586381802583091
0 0.8532032341177544 0.4388775420285695 0.034614831893687636 0.029079746239076342
0 0.8390501850775169 0.928440147201419 0.03128957279438893 0.02586381802583091
5 0.7438702020394967 0.5327519109914725 0.03461483189368782 0.029079746239076342
0 0.7634679966131392 0.8620589777636622 0.029626943244739933 0.024255853919208193
0 0.6930937422942025 0.7754789685924621 0.03138970234403846 0.02742631802583091
0 0.732295944638241 0.7500076071514066 0.028064443244739758 0.024210389812585477
0 0.7597734091638971 0.41893946357789724 0.03128957279438911 0.02586381802583091
0 0.33379190006459847 0.4096754945232167 0.03128957279438911 0.02586381802583091
0 0.7316555945459559 0.7844280712580293 0.028064443244739935 0.024210389812585477
0 0.9661945874492421 0.4711254038653365 0.012539572794388932 0.025318248746358664
0 0.7678374306016968 0.4763116943775674 0.032852072794389106 0.025909282132453627
0 0.6556264157991857 0.9082316326199426 0.028064443244739935 0.024210389812585477
0 0.6942278408453282 0.892135271178887 0.031289572794389285 0.02586381802583091
0 0.6714339975359899 0.5149900979802065 0.032852072794389106 0.025909282132453627
0 0.6745976588593553 0.9541806301126602 0.031289572794389285 0.02586381802583091
0 0.25294122069951924 0.34001020071228055 0.03617733189368781 0.02912521034569897
0 0.6336024190383881 0.9709900453937816 0.029626943244739933 0.024255853919208193
0 0.6398883991417478 0.7629729569139797 0.026501943244739933 0.024164925705962938
0 0.7754964296788462 0.8209255124033984 0.03128957279438911 0.02586381802583091
0 0.659193901919525 0.9935007451500372 0.029626943244739756 0.01299850969992562
5 0.9174857796142479 0.42509383834678804 0.03285207279438893 0.025909282132453627
0 0.16839504241417425 0.2913704607414104 0.03794009099298643 0.03229567445232169
0 0.6890978547249887 0.8011920224325282 0.029626943244739756 0.024255853919208193
0 0.6282943553432976 0.9903117290838104 0.029626943244739933 0.019376541832379246
0 0.7774117782299718 0.9376045470431343 0.03128957279438911 0.02586381802583091
0 0.7284841224621607 0.9682718738444539 0.028064443244739935 0.024210389812585477
0 0.757000346243999 0.9937609895086517 0.028064443244739935 0.012478020982696592
0 0.8942218530269457 0.5926988754938065 0.03128957279438893 0.02586381802583091
0 0.8091726318660012 0.42976931498982307 0.032852072794389287 0.025909282132453627
0 0.6675769008397908 0.9782402557394807 0.029626943244739756 0.024255853919208193
0 0.7919944262827603 0.39248226365703953 0.034614831893687636 0.029079746239076342
0 0.9006394386212613 0.4559119293338726 0.03128957279438893 0.02586381802583091
0 0.6694176079641913 0.8640186313663014 0.02972707279438911 0.02581835391920819
0 0.712499374621629 0.9985705099626229 0.03128957279438911 0.0028589800747543135
0 0.4836731816814311 0.4891764410788621 0.03345285009228505 0.035284282132453625
0 0.9319814713178282 0.553096817892817 0.03138970234403828 0.02742631802583091
0 0.701829589765594 0.8712233776053777 0.029626943244739933 0.024255853919208193
0 0.7671634955334051 0.8410334239235961 0.029626943244739933 0.024255853919208193
0 0.6245347069767421 0.8071404940609982 0.028064443244739935 0.024210389812585477
0 0.7533222385935747 0.8860276751772375 0.03128957279438911 0.02586381802583091
0 0.7714225940845306 0.9577806547232663 0.03128957279438911 0.02586381802583091
0 0.578103390660758 0.9576345875553652 0.026602072794389107 0.02572742570596276
0 0.5475447169988914 0.45737852329045803 0.03461483189368782 0.029079746239076342
0 0.8785608729235861 0.8004431793338724 0.02650194324473958 0.024164925705962757
0 0.7489456192229582 0.905467996963992 0.029626943244739756 0.024255853919208193
0 0.9422261613233655 0.46651446021268494 0.03128957279438893 0.02586381802583091
0 0.9695546290882241 0.19884122690573242 0.04030362739018116 0.04484113855894436
0 0.786676156699887 0.9151756175762479 0.031289572794389285 0.02586381802583091
0 0.7934465908453281 0.8950222419494273 0.03128957279438911 0.02586381802583091
1 0.589625188159836 0.6190578208623178 0.04789488433001132 0.0902900308788123
0 0.9589223079918778 0.4380401192256004 0.03128957279438893 0.02586381802583091
0 0.7206821144425962 0.9900904202291795 0.029626943244739756 0.019819159541641086
0 0.7104128477851586 0.8472092160851797 0.023276813695090583 0.022511497492717324
0 0.7639710394887388 0.9763487982967757 0.03128957279438911 0.02586381802583091
1 0.9153842566352886 0.5189574986133447 0.07311612739018117 0.04579588479802066
0 0.8846501866186764 0.7787045716537406 0.026401813695090582 0.022602425705962936
0 0.8054819232004412 0.6949995098961159 0.023316386489479514 0.047466033386094966
0 0.7552013209486879 0.6857094264308786 0.023216256939830336 0.045903533386094965
0 0.6872070828257637 0.9161948968057075 0.029626943244739756 0.024255853919208193
0 0.7989048488648927 0.8709171522159839 0.031289572794389285 0.02586381802583091
0 0.6481247964285691 0.9275810261934518 0.02972707279438911 0.02581835391920819
0 0.9562910564507184 0.5890259577054026 0.017126943244739578 0.023892141066226814
0 0.8060988942045022 0.4899482970431344 0.03285207279438893 0.025909282132453627
0 0.8423020003137669 0.7555565766683056 0.027803627390181163 0.044477425705962935
0 0.8059079295219627 0.4562863508832004 0.032852072794389287 0.025909282132453627
0 0.5626996337209277 0.9944578398980454 0.02826470234403846 0.011084320203909214
0 0.8205783922019176 0.8136274894421447 0.03138970234403828 0.02742631802583091
0 0.7330957834717591 0.6764564468848497 0.02301599784053181 0.04277853338609496
0 0.7677513857235125 0.6852918892838602 0.023015997840531634 0.04277853338609496
0 0.7183020982465838 0.6752432878719343 0.023116127390180985 0.044341033386094963
0 0.693852810769655 0.6659221121659714 0.023015997840531634 0.04277853338609496
0 0.8920516764396439 0.7609176780802314 0.034614831893687636 0.029079746239076342
0 0.6817488248061991 0.9402999865391507 0.028064443244739935 0.024210389812585477
0 0.49574478023255664 0.6061509924116455 0.02976664558877822 0.05077288981258547
0 0.726010876005905 0.49387962760537774 0.03128957279438911 0.02586381802583091
0 0.7913693584256165 0.6953715829365118 0.024878886489479512 0.04751149749271768
0 0.7438830891472852 0.6791184456312086 0.023116127390180985 0.044341033386094963
0 0.7059522925710577 0.6725358250189529 0.023216256939830336 0.045903533386094965
0 0.8764056924787728 0.7119346088007592 0.026541516039129222 0.04911946159934022
0 0.6905365599944627 0.10697300950040445 0.028504534237726274 0.05541492570596289
0 0.6519704896733088 0.9042117223533858 0.026301684145441227 0.021039925705962758
0 0.8362813402270193 0.7029400420285695 0.026541516039128864 0.04911946159934022
0 0.6625434515780713 0.7025810261934519 0.028064443244739935 0.024210389812585477
0 0.8399312785345134 0.4017041509623427 0.03285207279438893 0.025909282132453627
0 0.642505852104095 0.9297656518202725 0.028064443244739935 0.024210389812585477
0 0.8732747046603905 0.4065878792547303 0.034514702344038285 0.027517246239076344
0 0.7222410217515668 0.8092007507249159 0.028064443244739935 0.024210389812585477
0 0.6397918622831279 0.9476889377136498 0.029626943244739933 0.024255853919208193
0 0.8615118777039481 0.7122839497878437 0.026341256939830516 0.04599446159934022
5 0.8734530683277942 0.8190795190673159 0.034614831893687636 0.029079746239076342
0 0.8175571144425963 0.9914998075344826 0.029626943244739933 0.017000384931034774
0 0.8295354827334787 0.9547753266683057 0.031489831893687634 0.02898881802583091
0 0.7342730475083032 0.951220766164322 0.03451470234403846 0.027517246239076344
0 0.5788450678663688 0.9827027837152993 0.02005168414544123 0.02085806927947189
0 0.5908234361572513 0.9423505683550353 0.017126943244739935 0.023892141066226814
0 0.620739078506827 0.8297285479010643 0.02816457279438911 0.025772889812585475