0 0.17674336646265237 0.7179645576912671 0.09373458944842143 0.030856201819245577
0 0.692281421357271 0.3534249462331651 0.0403211631118273 0.05018409057054054
0 0.023383720063029127 0.701256438998964 0.046767440126058255 0.030565103390822124
0 0.6839236188111396 0.4431231470189534 0.03857665258848364 0.04698631596343468
0 0.03390050298377177 0.756962783498446 0.06780100596754354 0.030783427212139714
0 0.09290596373299441 0.6106550177826803 0.07645608418674958 0.02849318114108108
0 0.8535906476797477 0.36798836806862134 0.03857665258848364 0.04698631596343468
0 0.7439279503670533 0.421633444785423 0.03508763154179615 0.04059076674922295
0 0.16367421906525342 0.6868044489237615 0.09704159997176513 0.0341267510334573
0 0.8961557061934226 0.9997754456139927 0.049423147326811544 0.00044910877201473907
0 0.8710239874811048 0.7142662086391619 0.043992194681858623 0.05970463978475245
0 0.8282666110598061 0.6010363085153274 0.04381018415851443 0.056579639784752264
0 0.8907357899566491 0.55067674358535 0.043446163111827474 0.050329639784752266
0 0.9204673345396855 0.3899040634777261 0.04969616311182747 0.05062073821317572
0 0.7910458740728114 0.44654570760570456 0.04170165258848364 0.047131865177646406
0 0.746733702927302 0.3465606701783172 0.047117194681858446 0.059850188998963993
0 0.8860831712160966 0.2136112371752092 0.04482665258848364 0.04727741439185813
0 0.9860831712160966 0.2182688120299841 0.010542657850155379 0.047238873035529316
0 0.9935001000423522 0.0909250620299841 0.010087631541796326 0.039426373035529275
0 0.9875161395754783 0.1533159001193253 0.01586719468185862 0.05839469685684686
0 0.7914700792780136 0.38546265839149296 0.041610647326811724 0.045569365177646405