3 0.47734375 0.59375 0.103125 0.08359375
3 0.91484375 0.95 0.05078125 0.09921875
0 0.9421875 0.2375 0.03828125 0.0296875
0 0.525 0.48125 0.0359375 0.034375
0 0.5734375 0.56015625 0.0375 0.03359375
5 0.41171875 0.515625 0.04296875 0.0421875
0 0.98203125 0.015625 0.0359375 0.03125
0 0.3921875 0.3234375 0.0375 0.04296875
5 0.49609375 0.53359375 0.04140625 0.03984375
0 0.67265625 0.91640625 0.02734375 0.06015625
0 0.71484375 0.86875 0.02890625 0.06953125
0 0.70546875 0.79765625 0.025 0.06796875
0 0.58359375 0.51015625 0.03984375 0.03671875
0 0.31484375 0.61484375 0.03515625 0.0390625
0 0.875 0.28046875 0.04375 0.03203125
0 0.978125 0.52578125 0.03671875 0.0328125
3 0.3703125 0.58984375 0.05625 0.05703125
0 0.5703125 0.4578125 0.040625 0.03515625
0 0.7640625 0.66328125 0.02265625 0.0671875
0 0.69140625 0.94140625 0.021875 0.05703125
5 0.93125 0.2828125 0.0390625 0.03046875
5 0.4421875 0.56171875 0.04140625 0.0421875
0 0.2578125 0.178125 0.03046875 0.0640625
0 0.87265625 0.08203125 0.03125 0.0546875
0 0.4703125 0.49453125 0.03125 0.0328125
5 0.89375 0.3296875 0.04140625 0.03125
5 0.7453125 0.7671875 0.02890625 0.08125
5 0.72578125 0.690625 0.02890625 0.09453125
5 0.1296875 0.02734375 0.0375 0.04296875
0 0.35 0.825 0.0359375 0.04765625
0 0.30625 0.87265625 0.03671875 0.0578125
5 0.45625 0.90546875 0.0390625 0.065625
0 0.96328125 0.33046875 0.0421875 0.03671875