5 0.10234375 0.44609375 0.03515625 0.02734375
5 0.71640625 0.29765625 0.034375 0.0265625
5 0.4265625 0.31953125 0.0390625 0.03125
0 0.39609375 0.4046875 0.0265625 0.02265625
0 0.21796875 0.63203125 0.03515625 0.028125
5 0.6078125 0.39140625 0.03984375 0.02734375
5 0.303125 0.5828125 0.0421875 0.0359375
5 0.76796875 0.29453125 0.03828125 0.0265625
5 0.9140625 0.51328125 0.03828125 0.028125
0 0.45 0.36328125 0.03984375 0.0359375
0 0.10546875 0.40703125 0.03828125 0.0375
0 0.1765625 0.43828125 0.03984375 0.03828125
0 0.2171875 0.46796875 0.0359375 0.028125
0 0.2625 0.5453125 0.03828125 0.03671875
0 0.31484375 0.43984375 0.03828125 0.0390625
0 0.52265625 0.39453125 0.03515625 0.03203125
0 0.52734375 0.4375 0.0375 0.0328125
0 0.4875 0.52890625 0.03984375 0.0359375
0 0.5375 0.475 0.0390625 0.03125
0 0.6109375 0.43203125 0.04140625 0.0328125
0 0.73515625 0.39296875 0.0390625 0.03125
0 0.81328125 0.2984375 0.04140625 0.03046875
0 0.77265625 0.18046875 0.0203125 0.0625
0 0.88671875 0.203125 0.021875 0.07265625
0 0.8625 0.31796875 0.03515625 0.0671875
0 0.85 0.39375 0.0359375 0.03515625
0 0.8375 0.58515625 0.0390625 0.03359375
0 0.9171875 0.0265625 0.01953125 0.053125
5 0.92421875 0.1515625 0.015625 0.0703125
0 0.68125 0.73359375 0.01953125 0.06171875
0 0.47421875 0.76171875 0.0171875 0.0734375
3 0.1625 0.9671875 0.06875 0.065625
0 0.65 0.86796875 0.01875 0.0734375
0 0.67734375 0.9453125 0.0171875 0.06875
0 0.6578125 0.940625 0.02109375 0.06875
0 0.63671875 0.940625 0.015625 0.06875
0 0.6203125 0.93828125 0.0125 0.06328125
0 0.60390625 0.94140625 0.0125 0.06328125
0 0.5875 0.9421875 0.0140625 0.05859375
0 0.57265625 0.946875 0.01328125 0.0625
0 0.5546875 0.94921875 0.015625 0.065625
0 0.53671875 0.95078125 0.01484375 0.065625