3 0.5918601509031246 0.19249665994411055 0.1482043762235353 0.09382362282516121
3 0.09777782340579572 0.3325505456410337 0.1485317584375205 0.10319862282516121
3 0.7929340667823738 0.23052576574832498 0.10498016587924894 0.06093934523075957
0 0.30778525126594436 0.2226390589137809 0.03886409255827132 0.041904080083912554
0 0.2695635433687288 0.36183253609326405 0.035739092558271415 0.04166728174358649
0 0.26806307467174006 0.5656087315291607 0.02754464664195542 0.030137785892771517
0 0.32664686787083286 0.2917083676270692 0.03579365626060227 0.04322978174358649
0 0.3348164880191004 0.12189277509560195 0.03234127404661713 0.03361798340326048
0 0.983573935749515 0.34709426864811005 0.03285212850096997 0.042614475104890734
0 0.6858780572485449 0.5519649030956333 0.035684528855940555 0.04010478174358649
0 0.3119619299287012 0.9030252985408186 0.03255952885594056 0.03986798340326061
0 0.3138145403735039 0.3952953089137809 0.032668656260602266 0.04299298340326043
0 0.22672131205786833 0.5930242591235624 0.032668656260602266 0.04299298340326061
0 0.13325899953666384 0.5186414109930177 0.034176592558271414 0.04154888257342364
3 0.9223984329239261 0.8199532734219949 0.14340774881887378 0.09034342531467203
0 0.7550720013507624 0.5146056904382972 0.04037202885594056 0.04045997925407576
0 0.21859629881102444 0.4949419566340515 0.03412202885594055 0.03998638257342364
5 0.39859627894075855 0.33325540496973305 0.045223219962933124 0.045502676764564674
0 0.3046156443645207 0.49077375227508513 0.03579365626060227 0.04322978174358667
0 0.39781499582364876 0.08656965911891797 0.04059028366526398 0.046709979254075586
0 0.09588296279135697 0.18856374730070763 0.06482639183263199 0.02672936597668398
0 0.941904824038768 0.3915672416784083 0.051309528855940555 0.041288773445216795
0 0.48428820916315996 0.07296725517487013 0.04059028366526398 0.046709979254075606
0 0.05796633365741475 0.4710811719906799 0.032450401451278824 0.03674298340326043
0 0.5697321466419554 0.00425054542893005 0.04371528366526398 0.0085010908578601
0 0.5315897950980093 0.059199830484897895 0.04059028366526398 0.046709979254075586
0 0.3595561155085802 0.4490113821492162 0.037410719962933034 0.04491068091374952
0 0.19149556315417668 0.18993514792076316 0.07269345553496284 0.028883861827499135
0 0.7821354983555375 0.5493708541306074 0.04516865626060209 0.04394017676456467
0 0.21539436542376214 0.1340753116130733 0.06795139183263199 0.026966164317010044
0 0.21691975924012868 0.8506950491655185 0.02932540145127884 0.03650618506293455
0 0.2706300247644073 0.45966638484850864 0.03255952885594056 0.039867983403260435
0 0.30887904762989804 0.5679991031049221 0.030997028855940557 0.03974958423309758
0 0.5832341406515056 0.05763640786951811 0.03579365626060209 0.043229781743586534
0 0.04493802168436441 0.18772422033100591 0.01935020072563941 0.01860829004195628
0 0.21659476687504098 0.16845031161307328 0.07113095553496285 0.028765462657336104
0 0.13124754391688298 0.1694343163869581 0.08374008293962457 0.03283765601864026
5 0.5657391058051153 0.09499469791147439 0.037247028855940556 0.040223180913749566
0 0.9412625056119317 0.709642735454631 0.04516865626060209 0.04394017676456467
0 0.10025051506094244 0.13418390062005553 0.06482639183263199 0.02672936597668398
0 0.6482490493591786 0.25950563857348624 0.07625496515360979 0.041620660167825105
0 0.26100955433813805 0.9468354207412801 0.036755955534962845 0.0261606809137497
0 0.354313087918584 0.6577710755105205 0.03579365626060227 0.04322978174358667
5 0.21375506450493909 0.7600700491655187 0.03466766587924912 0.05561138257342346