1 0.3291498246568753 0.4039593298834199 0.07623649810013892 0.058808160167825106
0 0.05792813487736139 0.34441377344521673 0.03986258700597225 0.037334979254075584
0 0.6236089926848962 0.4566871238740684 0.03350348423243066 0.03217388257342346
0 0.7474822505686809 0.45125610790202886 0.030305749050069507 0.028812084233097578
0 0.5901249986688197 0.4923635921304819 0.03502961664125017 0.030729781743586492
5 0.6538218631258683 0.38098930686241045 0.044622822188333446 0.04081517676456468
0 0.8387807042159032 0.5205640601864027 0.044550087005972475 0.037690176764564674
0 0.5236739954377786 0.9764603693006763 0.02035017401194459 0.04707926139864753
0 0.6246188995980911 0.9853272677458931 0.02176720364722229 0.029345464508213938
0 0.5408796792333689 0.9778632149440322 0.021876306420763925 0.04427357011193571
0 0.37952395193479244 0.9599259099673325 0.021730836056041803 0.06247668921211939
0 0.574491613028959 0.9803670806083662 0.01867857123840295 0.039265838783267525
0 0.6073950320069106 0.982663747724915 0.025001306420763925 0.034672504550169944
0 0.9734758272223264 0.1759288342563194 0.018605836056041623 0.06223989087179325
0 0.46376839931375063 0.7931779630815433 0.01849673328249999 0.05755239087179316
1 0.523916810789167 0.3953217261537979 0.09182513050895835 0.05842965186945541
3 0.17835104407166702 0.4252871103776066 0.0904081008736806 0.06456125269929239
0 0.5063955764598272 0.973796849279698 0.02347517401194459 0.052406301440603896
0 0.5572131940510078 0.9789050353799288 0.02013196846486114 0.04218992924014238
0 0.5916972968245494 0.9808702770815589 0.026527438829583437 0.03825944583688212
0 0.6443138037584035 0.9875409631817897 0.026636541603125074 0.024918073636420603
0 0.6261255417905562 0.9333796784381718 0.025037674011944587 0.07052598755244546
0 0.6081749755861466 0.932799337981297 0.023366071238402952 0.06572008838228242
0 0.6660757817225701 0.806948155617655 0.021548998100139015 0.05466418921211939
0 0.8403776121759379 0.4216413081118103 0.04149782218833344 0.040578378424238615
5 0.913233230717049 0.40220606910947243 0.04237064437666689 0.07807837842423862
5 0.7429752821038198 0.3916443095617027 0.04618532218833345 0.040933575934727705
0 0.9889579696991321 0.5596885276176236 0.0220840606017358 0.050923882573423465
0 0.9287478215227433 0.3316334599812657 0.027908100873680654 0.05982528589277134
0 0.9436441632783682 0.23449835085305892 0.029907011967847195 0.07869368506293437
3 0.13749945288472298 0.9150707381771452 0.09287979065319454 0.10374215186945542