0 0.2411698926639092 0.005691586407936227 0.020512494668999893 0.011383172815872453
0 0.2622636426639092 0.004892392009335815 0.020512494668999893 0.00978478401867163
0 0.6181092745862765 0.5448278319347905 0.02062158267027243 0.028101689212119398
0 0.1536244393300456 0.01255643173894214 0.02205681333545444 0.017282588382282332
0 0.5945877692155055 0.8221482711469097 0.023782945337363515 0.031463487552445456
0 0.6470427965865946 0.5402936972867745 0.02062158267027243 0.028101689212119398
0 0.6973097099777282 0.11107887135204678 0.02063976400381797 0.02966418921211931
0 0.6210337325748224 0.6289068340093829 0.020621582670272608 0.028101689212119398
0 0.34482105665181884 0.08314958380889019 0.022202264003817973 0.029782588382282336
0 0.6843058919080496 0.6248929176177803 0.02062158267027243 0.028101689212119398
0 0.6087808226050483 0.4073753761259316 0.036210220003181706 0.026160680913749523
0 0.2445477893061831 0.18129293111424222 0.02374658267027261 0.02833848755244537
0 0.14321310331795525 0.10232932675992028 0.020621582670272566 0.028101689212119307
0 0.3483914993236823 0.044631535468564146 0.023782945337363515 0.031463487552445345
0 0.10223411465627322 0.06874815476924041 0.020585220003181658 0.024976689212119308
0 0.07354549331636442 0.11931683983217485 0.022184082670272564 0.02822008838228234
0 0.1264528646562732 0.06691296763171355 0.020621582670272566 0.028101689212119307
0 0.6019972099777282 0.11830122073199123 0.022165901336727245 0.026657588382282337
0 0.3056211019653198 0.23208491389280278 0.020567038669636162 0.023414189212119307
0 0.6131779686107752 0.36489187820052404 0.042460220003181705 0.026634277594401644
0 0.16431594398472799 0.09994968796271946 0.020621582670272566 0.028101689212119307
0 0.7986347579567292 0.2579520261212872 0.0377727200031817 0.026279080083912554
0 0.2096375346515007 0.09573486202799178 0.02218408267027252 0.02822008838228234
0 0.3524870112985471 0.22931418878791204 0.022129538669636163 0.023532588382282338
0 0.19209604598981864 0.060377702484866534 0.020621582670272566 0.028101689212119307
0 0.7195792258911868 0.7463292871189493 0.022184082670272432 0.028220088382282425
0 0.4387705039783646 0.12598643401402723 0.040752269334818084 0.014015878424238615
0 0.30383297732336406 0.05034966181821032 0.020603401336727067 0.026539189212119306
0 0.6183996285805493 0.586956132349709 0.022220445337363514 0.03134508838228243
0 0.10857392663909218 0.19471865891842527 0.022184082670272564 0.02822008838228234
0 0.5966957092218688 0.7751548719767467 0.022238626670908878 0.03290758838228243
0 0.12367276265118252 0.10459056638695807 0.022184082670272564 0.02822008838228234
0 0.29493868797741013 0.14391040766902546 0.022147720003181704 0.02509508838228234
0 0.9620267379853644 0.03481941159449572 0.036282945337363516 0.032410680913749546
0 0.11287107531031923 0.16082891099301774 0.02372840133672711 0.02677598755244537
5 0.5920911199077314 0.6342222186573988 0.022293170671545327 0.03759508838228243
0 0.5943343252307774 0.7097666703170727 0.020621582670272608 0.028101689212119398
0 0.6935787052037332 0.9012894742564761 0.023782945337363515 0.031463487552445456
0 0.223817665977092 0.15164131991144303 0.02374658267027261 0.02833848755244537
0 0.3109540393061831 0.1762609663823137 0.020603401336727067 0.026539189212119306
0 0.03387446598504614 0.10749226867133196 0.020621582670272566 0.028101689212119307
0 0.19504887066359106 0.00821922416784083 0.02049431333545444 0.01643844833568166
0 0.016296614656273207 0.07526010912820673 0.02058522000318167 0.024976689212119308
0 0.5901837219128222 0.5968998174126433 0.020585220003181703 0.024976689212119395
0 0.2841386426639092 0.004844847818194646 0.020548857336090798 0.009689695636389292
0 0.1343551766390922 0.19276507261073542 0.023746582670272565 0.02833848755244537
0 0.3748000053310001 0.0006300218834669524 0.020585220003181703 0.0012600437669339048
0 0.5899479119191856 0.5500840169977248 0.02062158267027243 0.028101689212119398
0 0.37220062197645565 0.14508089874595576 0.022165901336727068 0.026657588382282337
0 0.33361937997295577 0.17376292841494984 0.020621582670272608 0.028101689212119307
0 0.27072902864418286 0.14496434480655232 0.020548857336090798 0.02185168921211931
0 0.19923528930618306 0.18472650704896992 0.020603401336727157 0.026539189212119306
0 0.32336422732336406 0.04886967219117253 0.020621582670272608 0.028101689212119307
0 0.6244399959023227 0.6715795860839753 0.023782945337363515 0.031463487552445456
0 0.5031222632877294 0.29751696928209875 0.04242385733609062 0.023509277594401645
0 0.44392162798377355 0.08578748650353817 0.04549431333545435 0.019058575934727685
0 0.28594494863941033 0.17893660310492207 0.020585220003181703 0.024976689212119308
0 0.28061201129854707 0.23476055061541118 0.020585220003181703 0.024976689212119308
0 0.2760437846515007 0.09070289729606325 0.02218408267027261 0.02822008838228234
0 0.02185517663909218 0.2012898128624731 0.02058522000318167 0.024976689212119308
0 0.0819216146562732 0.07028734398135973 0.020585220003181658 0.024976689212119308
0 0.37431655796468344 0.23156285040562968 0.020585220003181703 0.024976689212119308
0 0.21380796133036378 0.007538428939403442 0.02207499466899989 0.015076857878806884
0 0.1483278646562732 0.06525537924943121 0.020603401336727112 0.026539189212119306
0 0.6364262066359105 0.1781372394033232 0.020621582670272608 0.028101689212119307
0 0.5878030619032771 0.6673307165828064 0.020585220003181703 0.024976689212119395
0 0.08827051730586491 0.19547659813054463 0.020621582670272566 0.028101689212119307
0 0.16865854598981864 0.0621536900373119 0.020621582670272566 0.028101689212119307
0 0.2338562846515007 0.09389967489046488 0.020603401336727067 0.026539189212119306
0 0.32672394263209253 0.22970527509560196 0.020548857336090798 0.02185168921211931
0 0.2131988866565914 0.05799806368766571 0.020603401336727067 0.026539189212119306
0 0.04723698464354652 0.16658292613986475 0.020621582670272566 0.028101689212119307
0 0.12826826129854707 0.24630446970630598 0.022147720003181704 0.02509508838228234
0 0.4422136773154099 0.09840588567370119 0.043895450668363624 0.015815176764564676
0 0.30837557399745463 0.0031460042494312114 0.020548857336090798 0.006292008498862423
0 0.07302732531031923 0.16384808983217486 0.020585220003181658 0.024976689212119308
0 0.15975516597709197 0.156495685888127 0.022184082670272564 0.02822008838228234
0 0.4375892646403649 0.16042063359910874 0.04077045066836362 0.015578378424238615
0 0.32138355665181884 0.08492557136133555 0.020621582670272608 0.028101689212119307
0 0.057693773989500485 0.0729037811188866 0.020585220003181658 0.024976689212119308
0 0.43942448464354644 0.13686473442894573 0.043895450668363624 0.015815176764564676
0 0.439279033975183 0.14936473442894574 0.04231476933481808 0.014134277594401645
0 0.27884206799013683 0.05146279854081871 0.020621582670272608 0.028101689212119307
0 0.0035875293205005904 0.20198855248951092 0.007175058641001181 0.027272895020978183
0 0.014987011298547053 0.25488840954312525 0.020512494668999893 0.018726689212119306
0 0.45009944999204576 0.024435589407967587 0.04705681333545435 0.01917697510489072
0 0.254159693984728 0.09314173567834558 0.02062158267027252 0.028101689212119307
0 0.13787107531031922 0.15893452427040936 0.020603401336727112 0.026539189212119306
0 0.46194218527213915 0.41537989812125586 0.04084317600254543 0.021828378424238615
0 0.561698379296638 0.22751119998606684 0.026907945337363515 0.03170028589277143
0 0.17655176730586492 0.18878704501633375 0.023746582670272565 0.02833848755244537
0 0.8715218918682787 0.9034169688578914 0.05181703866963616 0.025782172615380006
0 0.038180705323045926 0.0728212707459244 0.02058522000318167 0.024976689212119308
0 0.43662620130491037 0.17610483318419026 0.04077045066836362 0.015578378424238615
0 0.23818979598981863 0.056884926965057335 0.020621582670272608 0.028101689212119307
0 0.02615232531031924 0.16740006493706555 0.020567038669636228 0.023414189212119307
0 0.32868807399745464 0.0027670346433715546 0.020567038669636252 0.005534069286743109
0 0.6984358579726375 0.14846047218188377 0.02062158267027243 0.028101689212119307
0 0.9249603532781844 0.33580249375300075 0.050181813335454704 0.019413773445216796
0 0.3002625346515007 0.08886771015853638 0.020621582670272608 0.028101689212119307
0 0.43492734130331956 0.18794198235435328 0.04391363200190899 0.017377676764564677
0 0.43320120930141054 0.20212288152451632 0.043895450668363624 0.015815176764564676
0 0.7041051499840917 0.06373027467139467 0.020621582670272608 0.028101689212119307
0 0.10813647994909326 0.3664752597482622 0.04391363200190899 0.017377676764564677
0 0.4227529632797752 0.36214907696041293 0.04707499466899989 0.020739475104890735
0 0.24882675664386467 0.14896568318883466 0.020603401336727067 0.026539189212119306
0 0.3985443986314562 0.22894641326810286 0.02374658267027261 0.02833848755244528
0 0.8512234086171386 0.3000202043357444 0.04387726933481808 0.014252676764564676
0 0.44669263932209147 0.04889113774829364 0.04391363200190899 0.017377676764564677
0 0.09333073464354652 0.16309015062005555 0.020567038669636228 0.023414189212119307
0 0.337162550644501 0.1375886300746238 0.020548857336090798 0.02185168921211931
0 0.0016886746499098619 0.25523195165967394 0.0033773492998197237 0.017661096680652123
0 0.09789151265118254 0.10654415269464797 0.02378294533736345 0.031463487552445366
0 0.02586887261300247 0.393003716181821 0.04861931333545444 0.01929537427505377
0 0.2595364426320925 0.234796439412612 0.020548857336090798 0.02185168921211931
0 0.2027420973106374 0.15167720870864385 0.020585220003181703 0.024976689212119308
0 0.24543648528009337 0.3732436327739162 0.040788632001908985 0.017140878424238615
0 0.15622108597231946 0.19188873422845307 0.020621582670272566 0.028101689212119307
0 0.2585113866565914 0.054564487752938026 0.01905908267027261 0.027983290041956276
0 0.08563750799650016 0.01926929564103368 0.018877269334818127 0.012358290041956288
0 0.04214040463877401 0.20209437365035382 0.020621582670272566 0.028101689212119307
0 0.3160324379774101 0.14231201887182462 0.019022720003181705 0.024858290041956277
5 0.7241625639720013 0.15119438587419384 0.020694308004454244 0.034351689212119306
0 0.18320175664386468 0.15393844833568165 0.020585220003181658 0.024976689212119308
0 0.006122183322727761 0.1682172037342664 0.012244366645455522 0.026065592531467185
0 0.06246199530554673 0.1997739344382345 0.023746582670272565 0.02833848755244537
0 0.05791939863145616 0.25475743236364207 0.020512494668999893 0.018726689212119306
0 0.10595909866327288 0.01694885642891437 0.022002269334818126 0.012595088382282339
0 0.010373331317637086 0.11473700622377732 0.02062158267027256 0.028101689212119307
5 0.27693193328295684 0.3497818993706557 0.05486931333545444 0.01976897095570589
0 0.7001223432527309 0.5401743755012317 0.020585220003181703 0.024976689212119395
0 0.45179830999363657 0.01259844023780456 0.04549431333545435 0.019058575934727696
0 0.12940568933004562 0.014391618876469009 0.022020450668363535 0.014157588382282338
0 0.17550852999681835 0.010117593356659803 0.01893181333545444 0.017045790041956287
0 0.26693931528486586 0.3364889939767154 0.04705681333545444 0.019176975104890737
0 0.063735235996182 0.023270634023316018 0.02203863200190901 0.015720088382282338
0 0.039534667329727435 0.02354332116084289 0.02196590666772722 0.009470088382282337
0 0.019213076662954718 0.025863760372962195 0.020403406667727227 0.009351689212119308
0 0.005323299331636442 0.028491852904429415 0.010646598663272885 0.00864129419114117
5 0.34901875533100013 0.0012161900373118984 0.020567038669636252 0.0024323800746237968
0 0.3292511479949093 0.012517775095601943 0.04391363200190899 0.01737767676456467
0 0.41706822664704635 0.11280027239630956 0.05646817600254526 0.02301237012586883
0 0.10253246463241066 0.2443518060139959 0.017314769334818125 0.012239890871793247
0 0.037634170631774336 0.2539528715757614 0.02207499466899989 0.018845088382282337
0 0.22109210797263765 0.18463141866668759 0.02374658267027261 0.02833848755244537
0 0.26718585797263766 0.18113864314687836 0.02063976400381797 0.02966418921211931
0 0.18699946598504616 0.09588914999535561 0.02687158267027252 0.028575285892771408
0 0.054186965985046145 0.10595307945921265 0.0269261266709089 0.03326278589277143