3 0.11606937448711789 0.19421441873508433 0.10486786661563352 0.16239730024766902
3 0.21274676182581706 0.32851018196965065 0.06676568874502423 0.10759848428423427
0 0.07137902661738363 0.659477699752331 0.04371550790866539 0.03946491439185813
0 0.11247621190236674 0.5694498591817905 0.042153007908665385 0.03939213978475227
0 0.5233632682516076 0.28363205976269096 0.04221667490485981 0.040954639784752264
5 0.4840395582148641 0.8851046685301966 0.054427514828747546 0.07271406203449331
0 0.47168536311841136 0.23145528370784296 0.043906508897248744 0.04415241439185813
0 0.2064848329666246 0.3865046184874153 0.04680601581733086 0.07703768899896399
0 0.03826012049560414 0.6111151284122128 0.050220175893442964 0.046006012820281585
0 0.32723645988801936 0.9633667173301234 0.032841674904859806 0.040517992142117265
3 0.719007326578015 0.016348322168687732 0.09636034684397003 0.032696644337375465
0 0.14803702711167518 0.6535679940041439 0.045405341901054184 0.04266268899896399
0 0.6303362380626398 0.8159094046764576 0.04208934091247087 0.03782963978475209
0 0.27388862540133896 0.9713098039717227 0.03239600593149898 0.029580492142117266
5 0.15306937840426954 0.5683389693970382 0.04221667490485981 0.040954639784752445
0 0.6086746630418617 0.0035058738640988104 0.045150673916276675 0.007011747728197621
0 0.17722712000131255 0.6069819383797915 0.05015650889724856 0.04444351282028158
0 0.2545429895826956 0.4318320810600279 0.043553681824942014 0.07376713978475227
0 0.30270864517300244 0.8763954102580289 0.03918451680591399 0.08136131596343468
0 0.6034607202681427 0.9013760237830457 0.045405341901054184 0.04266268899896417
0 0.2988077123594773 0.9529942975615817 0.03535917984777566 0.06402826674922295
0 0.2440193946787109 0.8814682080244985 0.03561384783255317 0.07027826674922295
0 0.499026454525174 0.19197325269059634 0.045723676882026255 0.05047518899896399
0 0.2774685646406548 0.8643149412752755 0.03567751482874755 0.07184076674922295
0 0.20700473368837763 0.06755556534426219 0.043906508897248564 0.04415241439185815
0 0.15215806619789166 0.07400892659296718 0.036765170950527094 0.02198631596343472