0 0.2762885482891261 0.9378529613291036 0.025545470779006773 0.0325601944820761
0 0.45068280194257404 0.8228874598587655 0.025490923701106106 0.0294351944820761
0 0.4522061659838778 0.9548777662812007 0.023955697240056396 0.030915807326946522
0 0.31523227150376487 0.8883785837849125 0.027080697240056396 0.03107958163720568
0 0.3809047211827486 0.3579341672311404 0.025518197240056394 0.0309976944820761
0 0.3887950876596843 0.4075214094292243 0.023901150162155816 0.027790807326946342
0 0.4544447759679917 0.9042602905914603 0.025518197240056394 0.0309976944820761
0 0.4512419094910561 0.8549187098587657 0.022338650162155815 0.027708920171816587
0 0.3887229496723931 0.44810546585165945 0.023901150162155726 0.027790807326946342
0 0.2354307597392326 0.16220118611433304 0.028725017856907443 0.035848968792335525
0 0.278515701293951 0.7077117599496227 0.02716251785690744 0.035767081637205676
0 0.690678736196987 0.6653084124814421 0.05501478246740419 0.02161605042954129
0 0.7026838583559656 0.6823288161449153 0.05186250892845372 0.019889776119281777
0 0.24028980925276527 0.08284123473485203 0.027026150162155815 0.027954581637205766
0 0.23906604869945847 0.28103307326946275 0.028725017856907443 0.035848968792335525
0 0.23881308400953163 0.04295654115728716 0.025518197240056485 0.03099769448207603
0 0.24084100852141663 0.20385309757972228 0.027080697240056396 0.031079581637205766
0 0.316483305596022 0.6917492452503016 0.028725017856907443 0.03584896879233561
0 0.24743507101729753 0.805210879691898 0.025545470779006773 0.0325601944820761
0 0.24472966761202616 0.24776687188998178 0.022338650162155815 0.027708920171816497
0 0.3526447223972693 0.7958945126631563 0.02710797077900686 0.03264208163720568
0 0.7751764671222636 0.6767615688584486 0.05186250892845372 0.019889776119281777
0 0.41905533197764144 0.4418897653766896 0.02066705600635448 0.02137703301668683
0 0.7754355657422918 0.6916053188584487 0.04714773538950325 0.01808161465389251
5 0.3806958100602489 0.7037003686106214 0.03820911201270878 0.04259029172311415
0 0.8031475085181213 0.7141320940732193 0.04873750892845372 0.019726001809022266
1 0.7171281879012703 0.704940800541083 0.1036431972400564 0.035092052238563556
1 0.896238989443398 0.7260356298034395 0.12398297077900686 0.03771908525525056