0 0.4140625 0.3 0.04453125 0.03359375
0 0.38671875 0.24375 0.04609375 0.03515625
0 0.92265625 0.24765625 0.0390625 0.0359375
0 0.25390625 0.309375 0.0453125 0.03203125
0 0.6515625 0.72421875 0.021875 0.08046875
0 0.18046875 0.3015625 0.04140625 0.0328125
0 0.334375 0.30234375 0.04375 0.03359375
0 0.01640625 0.028125 0.03203125 0.040625
0 0.215625 0.021875 0.0359375 0.03125
0 0.0734375 0.0234375 0.05 0.04375
0 0.14296875 0.01640625 0.0453125 0.0328125
0 0.5046875 0.03125 0.04453125 0.04609375
0 0.7234375 0.07421875 0.04296875 0.09140625
0 0.959375 0.18671875 0.0578125 0.0390625
0 0.98828125 0.13046875 0.02265625 0.06328125
0 0.98828125 0.0640625 0.02265625 0.0359375
0 0.878125 0.31796875 0.0453125 0.04453125