0 0.41015625 0.25 0.034375 0.0265625
5 0.46875 0.25625 0.03828125 0.0296875
3 0.84453125 0.934375 0.0671875 0.13125
0 0.58671875 0.67734375 0.03515625 0.03046875
3 0.65390625 0.2203125 0.06484375 0.04296875
0 0.53046875 0.253125 0.03515625 0.028125
0 0.403125 0.290625 0.0375 0.02734375
5 0.66640625 0.11796875 0.03125 0.07265625
0 0.2984375 0.6375 0.025 0.06953125
0 0.5484375 0.74453125 0.03359375 0.0359375
0 0.25546875 0.6890625 0.02578125 0.0703125
0 0.74921875 0.89140625 0.0359375 0.04375
0 0.56875 0.12265625 0.03515625 0.0296875
5 0.4484375 0.3375 0.03984375 0.03046875
0 0.275 0.71875 0.02734375 0.06328125
0 0.47109375 0.29765625 0.0359375 0.028125
0 0.58359375 0.77421875 0.034375 0.03828125
0 0.525 0.0453125 0.03359375 0.028125
3 0.23125 0.85546875 0.0515625 0.1125
0 0.7453125 0.93515625 0.028125 0.0421875
0 0.240625 0.03359375 0.015625 0.0671875
0 0.1984375 0.953125 0.0296875 0.0640625
3 0.48125 0.17109375 0.09375 0.084375
0 0.39296875 0.40390625 0.03671875 0.03984375
0 0.3328125 0.43125 0.03515625 0.04921875
5 0.19921875 0.87890625 0.0328125 0.078125
0 0.2265625 0.78515625 0.02890625 0.0609375
0 0.56328125 0.90078125 0.03203125 0.0453125
0 0.21015625 0.178125 0.0171875 0.06640625
0 0.26875 0.23984375 0.02421875 0.07890625
0 0.3671875 0.00546875 0.015625 0.0109375
5 0.53515625 0.34453125 0.0421875 0.03125
2 0.90703125 0.23046875 0.14375 0.05546875
0 0.55390625 0.93984375 0.03828125 0.05234375
0 0.15703125 0.96953125 0.03046875 0.06015625