0 0.3923677686742769 0.7716511319653192 0.022420470779006774 0.03252407366340595
5 0.22575793060096494 0.03289798705758189 0.025600017856907444 0.03583108418674959
0 0.25848724107484156 0.48287560025411375 0.022311376623205436 0.026274073663405773
0 0.26787151826394456 0.12409983973077013 0.022365923701106107 0.029399073663405863
0 0.32363535958366746 0.8193598608480446 0.025545470779006863 0.032706084186749605
0 0.2205328681017888 0.1533924975809256 0.022365923701106107 0.029399073663405863
0 0.22107438474088026 0.07765675021176151 0.023928423701106104 0.029490078925077733
0 0.624815624597906 0.5107081137612293 0.047120461850553144 0.01679265785015538
0 0.2555513814977647 0.6063586028849498 0.025518197240056394 0.031143584186749607
0 0.7596621830398922 0.5652906559957784 0.05649546185055314 0.017338689420186525
0 0.2209028352273476 0.004840147467986113 0.023819329545304767 0.009680294935972226
0 0.004769726057307855 0.622845965799133 0.00953945211461571 0.013683068401734033
0 0.2532859034151572 0.870284594992442 0.025463650162155814 0.028018584186749608
0 0.324562659907979 0.7662348608480447 0.025490923701106106 0.029581084186749606
0 0.6974446010589554 0.5080388690934883 0.05337046185055314 0.01715667889684287
0 0.6562468567409983 0.5432175058969564 0.05024546185055314 0.016974668373499213
0 0.5464056213481997 0.08446340315318099 0.025545470779006863 0.032706084186749584
0 0.21887886485537794 0.2034380002117615 0.023955697240056396 0.03105257892507778
0 0.5449486668045426 0.34678139262983726 0.025545470779006863 0.032706084186749605
0 0.5442140556026126 0.2547304005223451 0.022365923701106107 0.029399073663405863
0 0.2195413380700167 0.2549094949500897 0.022365923701106107 0.02939907366340595
0 0.5292981676153214 0.2150154531390635 0.05649546185055314 0.017338689420186525
0 0.6488078725660157 0.11986330588283893 0.05024546185055314 0.016974668373499167
0 0.6438243177774773 0.18180956903701856 0.04555796185055314 0.01670165258848364
0 0.22283175365344796 0.11111399231925372 0.019268197240056396 0.030779563140062204
0 0.5311061294658745 0.2008619478773917 0.05337046185055314 0.01715667889684287
0 0.5451492642067548 0.2905768952606732 0.023928423701106104 0.02949007892507769
0 0.5061104890462467 0.5597665110174539 0.04717500892845372 0.01991765785015538
0 0.6427918774372797 0.2856703164061826 0.05337046185055314 0.01715667889684287
0 0.6432748928585552 0.16857382166785448 0.05021818831160267 0.01541216837349917
0 0.6453714066582729 0.3167383058828389 0.05649546185055314 0.017338689420186525
0 0.9689593165629565 0.6022691983009147 0.03462046185055314 0.016064615756780753
0 0.646678356737703 0.06301406640618264 0.05337046185055314 0.01715667889684287
0 0.6467408120954344 0.1488605611445108 0.05649546185055314 0.01733868942018657
0 0.6838985239492826 0.6134089085560271 0.05024546185055314 0.016974668373499213
0 0.6401753920477763 0.30143182429869037 0.05649546185055314 0.017338689420186525
0 0.004919730521534724 0.605658465799133 0.009839461043069448 0.013683068401734033
0 0.6483811785723701 0.09959630851367487 0.05649546185055314 0.01733868942018657
2 0.8903975344992944 0.3188567298003586 0.04409664772652348 0.11183214206513999
0 0.6450168506519184 0.3370508058828389 0.0376636412337021 0.01155912628012441
0 0.5316533745946106 0.03537345576989946 0.05964773538950343 0.01908319994353027
5 0.5440385519491647 0.13064815841485283 0.02565456493480802 0.038956084186749604
0 0.6457083717552368 0.2527213085136749 0.05024546185055314 0.016974668373499213
0 0.6435964468363146 0.2395765664061827 0.05649546185055314 0.017338689420186525
0 0.6438612739459874 0.13498007166785447 0.056522735389503254 0.018901189420186572