3 0.7129634477900975 0.34250404351091646 0.09511539406758569 0.1382650166698995
3 0.5405692777436113 0.37659264577703117 0.06443384059717552 0.05497428454774696
3 0.5588383125245882 0.437896807595742 0.09554172896477801 0.07771015394280312
0 0.3731471949401059 0.2596129556194913 0.04146623416055819 0.0375636439408634
2 0.1886729140175269 0.5319669613693672 0.144416271539425 0.08791407242947358
5 0.40827022997318424 0.39531121062046115 0.05138753737886681 0.04614141848667064
3 0.32791427456464356 0.9663580657615138 0.10902507475773363 0.06728386847697224
0 0.9835240971795141 0.9488010673078175 0.0329518056409718 0.07739141848667046
0 0.4198778994385927 0.9501104098618569 0.045028276735205 0.04406873545613266
0 0.8940438390076917 0.4326341912448017 0.04826253737886681 0.04588632697140156
3 0.23738891946540855 0.573229561219586 0.07402736188449896 0.058864559093554016
0 0.5749764007759751 0.5798132406262801 0.04848105866619044 0.04901132697140156
0 0.9522933815823386 0.44360338427727947 0.05149679802252862 0.04770391848667064
0 0.6071429526569014 0.9723763572067415 0.049027361884499146 0.055247285586516884
0 0.5602029786358019 0.7906711212312241 0.04524679802252862 0.0471937354561323
5 0.9073522221795141 0.48964946579060886 0.05305929802252862 0.04783146424430509
5 0.078883378732347 0.31715542015366055 0.04793475544788164 0.04119882697140156
0 0.8087718825907448 0.7239610797256533 0.043869968321116205 0.0719386439408634
0 0.958586940248529 0.4891709757925485 0.03979447351689629 0.03587359818322895
0 0.5021994544984869 0.7276770425928325 0.04335651609154336 0.042378689698497854
0 0.536880093118191 0.8237228662302541 0.04546531930985207 0.0503187354561323
0 0.35323925050420313 0.1748712938007805 0.046481516091543364 0.04263378121376702
0 0.6715629156070108 0.2614454910853221 0.048666728964778014 0.07388378121376701
5 0.5602919158591123 0.3253808321415492 0.04960651609154336 0.0428888727290361
0 0.5104129761147865 0.05642366698885852 0.03957595222957302 0.03274859818322886
0 0.8529696328428464 0.8005872236665166 0.048666728964778375 0.07388378121376711
0 0.459122535789383 0.38936397062240086 0.04313799480421991 0.03925368969849785
5 0.40985487328446535 0.3068864394086338 0.044809755447881724 0.04094373545613248
0 0.9124481756695948 0.8846750523049082 0.050229228964778015 0.07401132697140156
0 0.9288330103146855 0.752404557305878 0.042307468321116204 0.07181109818322895
0 0.37551880606830024 0.09357336743820215 0.046481516091543364 0.04263378121376697
0 0.6785127660915433 0.09422604017693655 0.03616672896477802 0.07286341515269071
0 0.4267177613230918 0.9884799761427558 0.04099634059717552 0.02304004771448831
0 0.771660012660474 0.6486901416941453 0.040635707677454745 0.07012105242559433
5 0.06475517675487559 0.35950241681968065 0.05774679802252858 0.0482141015172088
5 0.8655899651421486 0.758893931242862 0.059243596045057245 0.09183655575957417
0 0.6472845454246385 0.1142038292666113 0.04430701089576328 0.0781886439408634
3 0.6689763171392904 0.9921785452382494 0.0397616225281606 0.015642909523501204
5 0.9716153620597259 0.9532016538221167 0.05669775025210164 0.07764651000193937
0 0.637952376134457 0.3806580056291896 0.055823665102807674 0.06514651000193963
0 0.8014731987985038 0.6418022839680187 0.04096348960843983 0.07480855242559432
0 0.9282152873019923 0.865765555638888 0.05190098960843983 0.07570137272903601
4 0.7232814048864744 0.9956781303150798 0.03398151609154336 0.008643739369840375
5 0.29356859160558174 0.3657516431919573 0.052840776735205174 0.04470646424430509