0 0.646875 0.10234375 0.03515625 0.0296875
0 0.7296875 0.49375 0.03984375 0.028125
0 0.615625 0.1765625 0.0359375 0.03046875
0 0.41796875 0.0796875 0.0140625 0.065625
0 0.515625 0.253125 0.03203125 0.028125
0 0.82109375 0.60546875 0.03984375 0.02578125
0 0.6734375 0.496875 0.03984375 0.02734375
0 0.6328125 0.61953125 0.034375 0.02578125
0 0.65 0.06171875 0.0359375 0.0296875
0 0.6046875 0.03515625 0.03828125 0.0328125
0 0.78828125 0.48671875 0.0421875 0.0296875
0 0.7671875 0.61015625 0.03671875 0.02578125
0 0.715625 0.6125 0.0390625 0.02890625
0 0.57734375 0.5078125 0.03515625 0.02734375
0 0.65234375 0.13359375 0.03515625 0.0296875
0 0.51640625 0.215625 0.034375 0.02890625
0 0.9203125 0.4671875 0.040625 0.03046875
0 0.6453125 0.028125 0.03203125 0.025
0 0.51640625 0.18046875 0.02578125 0.0234375
0 0.5171875 0.28828125 0.034375 0.02734375
0 0.38828125 0.2953125 0.01640625 0.06640625
0 0.61171875 0.13984375 0.0359375 0.03046875
0 0.5765625 0.35234375 0.015625 0.05703125
0 0.8859375 0.59453125 0.03671875 0.0265625
0 0.41796875 0.16328125 0.01328125 0.05703125
0 0.60546875 0.10625 0.0359375 0.03046875
0 0.403125 0.90703125 0.01796875 0.0671875
0 0.60625 0.00859375 0.034375 0.01640625
0 0.61484375 0.509375 0.0359375 0.02734375
0 0.6015625 0.353125 0.01640625 0.06171875
0 0.9265625 0.5890625 0.03203125 0.025
5 0.18125 0.5703125 0.04296875 0.03125
0 0.26640625 0.0140625 0.01484375 0.028125
0 0.65078125 0.97734375 0.01328125 0.04453125
0 0.55703125 0.35703125 0.01640625 0.065625
0 0.59375 0.865625 0.01328125 0.06953125
5 0.20078125 0.71796875 0.034375 0.059375
5 0.240625 0.78125 0.03984375 0.06015625
5 0.29921875 0.921875 0.02109375 0.0859375
5 0.4359375 0.8453125 0.01796875 0.07734375
5 0.41640625 0.26640625 0.015625 0.07421875
3 0.275 0.18125 0.03125 0.12578125
0 0.45859375 0.46640625 0.0375 0.06015625
0 0.66796875 0.97578125 0.0171875 0.0484375
0 0.69453125 0.97734375 0.0171875 0.0453125
0 0.540625 0.62578125 0.0390625 0.03671875
0 0.58828125 0.62421875 0.03828125 0.03203125
0 0.87421875 0.4734375 0.03984375 0.040625
0 0.98125 0.58046875 0.0375 0.0328125
0 0.621875 0.34609375 0.01328125 0.06875
0 0.64375 0.3515625 0.021875 0.06796875
0 0.6640625 0.34921875 0.01640625 0.07109375