0 0.79609375 0.20859375 0.0375 0.028125
5 0.5796875 0.3390625 0.04296875 0.03359375
0 0.7109375 0.253125 0.034375 0.02734375
5 0.40625 0.25390625 0.03828125 0.03046875
5 0.640625 0.38984375 0.0390625 0.0296875
5 0.52734375 0.29453125 0.0421875 0.03046875
3 0.85234375 0.92578125 0.0734375 0.1484375
0 0.17109375 0.96640625 0.0328125 0.06640625
3 0.62421875 0.21328125 0.06640625 0.04453125
0 0.5859375 0.76953125 0.034375 0.03984375
0 0.5203125 0.40859375 0.03671875 0.02890625
0 0.4421875 0.1484375 0.03671875 0.05390625
5 0.1125 0.509375 0.04375 0.0390625
0 0.63671875 0.33828125 0.03671875 0.0296875
5 0.80078125 0.2953125 0.04140625 0.02890625
0 0.7546875 0.9234375 0.02890625 0.0421875
5 0.8125 0.45 0.03828125 0.0296875
0 0.5625 0.925 0.034375 0.04453125
0 0.55234375 0.74296875 0.034375 0.03671875
0 0.22734375 0.36796875 0.021875 0.06796875
5 0.12890625 0.5515625 0.040625 0.03828125
0 0.58984375 0.67265625 0.03515625 0.0328125
0 0.11015625 0.45625 0.040625 0.0390625
0 0.0609375 0.52578125 0.03203125 0.02890625
5 0.46171875 0.29453125 0.04140625 0.03203125
5 0.18203125 0.8 0.0265625 0.071875
0 0.69453125 0.34140625 0.0328125 0.028125
5 0.40703125 0.29765625 0.040625 0.03125
0 0.52109375 0.34140625 0.03515625 0.02890625
0 0.28515625 0.721875 0.0265625 0.06328125
0 0.23203125 0.89375 0.02890625 0.06640625
3 0.44296875 0.34375 0.05234375 0.0390625
0 0.053125 0.478125 0.0390625 0.03515625
0 0.29765625 0.6421875 0.021875 0.065625
0 0.1296875 0.971875 0.03125 0.0546875
0 0.26484375 0.803125 0.02734375 0.06484375
0 0.51796875 0.0453125 0.03828125 0.03125
0 0.24609375 0.478125 0.0171875 0.07109375
0 0.659375 0.97734375 0.01875 0.04453125
0 0.0859375 0.984375 0.03359375 0.03046875
0 0.56484375 0.11953125 0.040625 0.0328125
0 0.26640625 0.640625 0.02109375 0.0671875
3 0.5109375 0.97421875 0.0265625 0.0515625
0 0.371875 0.02109375 0.028125 0.0421875
0 0.23984375 0.7625 0.03515625 0.08125
5 0.19609375 0.96875 0.0375 0.0625
0 0.0046875 0.55390625 0.009375 0.03515625
0 0.209375 0.884375 0.0296875 0.0625
5 0.07578125 0.209375 0.0484375 0.08046875
0 0.74765625 0.878125 0.0296875 0.0390625
5 0.18125 0.025 0.02109375 0.04921875
4 0.4578125 0.98046875 0.02265625 0.0390625