0 0.2109375 0.375 0.02734375 0.02265625
0 0.10078125 0.37734375 0.03046875 0.0234375
0 0.2078125 0.3359375 0.028125 0.0234375
0 0.15390625 0.375 0.02890625 0.0234375
0 0.02109375 0.4140625 0.0296875 0.02734375
0 0.1875 0.44765625 0.03046875 0.02421875
0 0.2015625 0.40546875 0.02734375 0.021875
0 0.0265625 0.38125 0.03203125 0.021875
0 0.1640625 0.33828125 0.03125 0.02421875
0 0.6609375 0.24921875 0.03046875 0.02109375
0 0.80078125 0.278125 0.03125 0.0234375
0 0.6171875 0.28515625 0.028125 0.021875
0 0.11953125 0.3390625 0.0296875 0.021875
0 0.41953125 0.67890625 0.01171875 0.05625
0 0.71796875 0.28203125 0.03046875 0.02265625
0 0.9859375 0.190625 0.02734375 0.02421875
0 0.6609375 0.284375 0.02890625 0.02109375
0 0.884375 0.52109375 0.03203125 0.02421875
5 0.1515625 0.415625 0.03046875 0.021875
0 0.615625 0.2546875 0.02890625 0.01875
0 0.8265625 0.19609375 0.03046875 0.0234375
0 0.07421875 0.41640625 0.0296875 0.01953125
0 0.62109375 0.5359375 0.03046875 0.02265625
0 0.67890625 0.5328125 0.028125 0.02265625
0 0.7265625 0.20390625 0.02890625 0.021875
0 0.90390625 0.19296875 0.0265625 0.021875
0 0.78359375 0.628125 0.01171875 0.04765625
0 0.75390625 0.51015625 0.0125 0.053125
0 0.778125 0.19765625 0.03046875 0.02421875
0 0.76953125 0.5140625 0.01328125 0.05078125
0 0.86640625 0.19609375 0.03046875 0.02421875
0 0.86640625 0.6265625 0.0140625 0.05859375
0 0.846875 0.63203125 0.0125 0.0515625
0 0.34921875 0.68671875 0.01171875 0.05078125
0 0.81640625 0.6265625 0.0125 0.0484375
0 0.67890625 0.62578125 0.01328125 0.053125
0 0.646875 0.63203125 0.01171875 0.0484375
0 0.34921875 0.97734375 0.0140625 0.0453125
2 0.6375 0.8828125 0.10859375 0.04609375
0 0.79609375 0.625 0.0109375 0.05078125
0 0.71484375 0.53125 0.02578125 0.021875
0 0.8296875 0.62734375 0.0125 0.05078125
0 0.9953125 0.625 0.00859375 0.05703125
0 0.66328125 0.628125 0.0125 0.05390625
5 0.075 0.34375 0.03828125 0.0234375
5 0.94609375 0.196875 0.03828125 0.028125
5 0.83828125 0.521875 0.0359375 0.02421875
0 0.9328125 0.503125 0.0171875 0.05390625
0 0.90390625 0.625 0.0140625 0.0546875
0 0.62734375 0.62734375 0.01328125 0.0453125
0 0.71171875 0.63359375 0.01328125 0.0546875
0 0.725 0.62890625 0.01484375 0.05625
0 0.378125 0.72421875 0.0171875 0.0640625