3 0.2109375 0.8828125 0.06796875 0.1515625
3 0.11015625 0.5234375 0.07890625 0.059375
3 0.26640625 0.72421875 0.04140625 0.0984375
0 0.8109375 0.34375 0.03671875 0.028125
0 0.41796875 0.28359375 0.03515625 0.02734375
0 0.553125 0.490625 0.03359375 0.02890625
5 0.43984375 0.546875 0.040625 0.04609375
0 0.3296875 0.35625 0.03671875 0.04453125
0 0.58203125 0.67578125 0.0328125 0.03046875
0 0.2625 0.22421875 0.02421875 0.0609375
0 0.4109375 0.0875 0.03046875 0.06015625
0 0.03359375 0.446875 0.0359375 0.03125
0 0.18671875 0.19921875 0.01640625 0.065625
5 0.1125 0.4234375 0.04375 0.03671875
0 0.54296875 0.7421875 0.034375 0.03671875
0 0.52578125 0.040625 0.03125 0.02578125
0 0.14453125 0.6734375 0.03125 0.07109375
0 0.5765625 0.7734375 0.0328125 0.03984375
0 0.2609375 0.63125 0.025 0.071875
0 0.24296875 0.078125 0.01640625 0.06328125
3 0.83984375 0.9328125 0.06015625 0.128125
0 0.234375 0.72109375 0.02890625 0.0640625
5 0.18828125 0.0125 0.015625 0.025
5 0.76796875 0.990625 0.0296875 0.01875
5 0.1171875 0.4703125 0.04765625 0.0375
0 0.3328125 0.42734375 0.0375 0.03984375
0 0.19140625 0.43046875 0.01640625 0.059375
3 0.21015625 0.0296875 0.0296875 0.059375
0 0.2265625 0.2421875 0.02265625 0.0734375
0 0.5703125 0.12578125 0.0359375 0.03984375
0 0.73046875 0.94453125 0.03046875 0.04765625
0 0.29296875 0.61171875 0.01875 0.0734375
0 0.171875 0.9859375 0.02578125 0.028125
0 0.2421875 0.9875 0.028125 0.025