0 0.16640625 0.3375 0.03046875 0.025
0 0.03828125 0.2640625 0.03125 0.02578125
0 0.209375 0.33671875 0.02890625 0.0234375
5 0.9484375 0.2078125 0.0359375 0.0265625
0 0.20234375 0.4046875 0.03125 0.02265625
0 0.45234375 0.45078125 0.01328125 0.046875
0 0.7703125 0.32578125 0.03125 0.025
0 0.828125 0.2078125 0.03046875 0.0234375
0 0.63828125 0.290625 0.02890625 0.021875
0 0.45078125 0.57734375 0.01328125 0.05625
0 0.71484375 0.53671875 0.0265625 0.0234375
0 0.9859375 0.20234375 0.028125 0.0234375
0 0.7265625 0.2109375 0.0296875 0.02109375
0 0.8453125 0.6359375 0.0125 0.0484375
0 0.67890625 0.5390625 0.02890625 0.0234375
0 0.81640625 0.634375 0.0125 0.05
0 0.7828125 0.63359375 0.01171875 0.04609375
0 0.92265625 0.3203125 0.0328125 0.02421875
0 0.7546875 0.51640625 0.01328125 0.05390625
0 0.87109375 0.2078125 0.03203125 0.0234375
0 0.79609375 0.63125 0.01015625 0.04765625
0 0.7796875 0.2078125 0.03046875 0.02421875
5 0.3453125 0.0796875 0.01328125 0.0640625
0 0.884375 0.5328125 0.03125 0.02421875
0 0.2671875 0.29296875 0.02890625 0.02734375
0 0.9046875 0.2046875 0.02890625 0.021875
0 0.6796875 0.63203125 0.01328125 0.05078125
2 0.63828125 0.8859375 0.11015625 0.04296875
0 0.865625 0.634375 0.0125 0.05546875
0 0.76953125 0.515625 0.01484375 0.0515625
0 0.83046875 0.634375 0.01328125 0.05234375
0 0.62109375 0.540625 0.03203125 0.0234375
0 0.91953125 0.3125 0.0296875 0.02265625
5 0.83984375 0.53203125 0.0375 0.02578125
0 0.34921875 0.6890625 0.0125 0.05
0 0.66328125 0.63359375 0.0125 0.053125
0 0.90234375 0.63359375 0.01171875 0.0484375
0 0.36875 0.00703125 0.0109375 0.01328125
0 0.35 0.97890625 0.01328125 0.04140625
0 0.93359375 0.50859375 0.01640625 0.0625
0 0.71171875 0.63984375 0.0140625 0.0578125
0 0.72578125 0.634375 0.01328125 0.05078125
0 0.6453125 0.6359375 0.01328125 0.05625
0 0.628125 0.6328125 0.0125 0.04453125