0 0.2505642390302652 0.8018029888018452 0.03905585594746528 0.03252908008391273
0 0.7070621432595653 0.6480826410955078 0.03584896879233561 0.03072978174358667
0 0.656362780414695 0.6457971680652095 0.03107958163720568 0.028812084233097578
0 0.2354671042499846 0.6473639425361115 0.034286468792335614 0.03061138257342364
0 0.9189623569635181 0.7715238315570271 0.03749335594746519 0.032410680913749525
0 0.8778427120064723 0.773855003547707 0.03757524310259512 0.033973180913749526
0 0.9895216819304615 0.7593566408950152 0.020956636139077035 0.0288120842330974
0 0.6136883587725404 0.7966366950349113 0.03107958163720568 0.0288120842330974
0 0.8036206399802049 0.7830155933798817 0.0392196302577247 0.03565408008391273
0 0.8359008734718614 0.7753457259533052 0.02622830732694652 0.02533188672260849
0 0.6191903290352141 0.649205587981297 0.03107958163720568 0.028812084233097578
0 0.25448718340079957 0.17880411930067627 0.027702276119281777 0.0534568867226084
0 0.28424984226419703 0.7615574197155948 0.03773901741285455 0.0370981809137497
0 0.6183338359326189 0.6180147875663785 0.026228307326946344 0.02533188672260849
5 0.5185064128201263 0.9403848498041517 0.027866050429541288 0.056581886722608485
0 0.5492717339418826 0.9038087323775752 0.024413501809022263 0.050095088382282424
0 0.5438306394143779 0.9633137869416786 0.027866050429541288 0.056581886722608485
0 0.2344612042045561 0.732105795440541 0.036012743102595036 0.03385478174358649
5 0.2676045748513425 0.726057627599046 0.04390713025772479 0.036009277594401645