5 0.21953125 0.59453125 0.04609375 0.05078125
0 0.8734375 0.21328125 0.0390625 0.02890625
0 0.50390625 0.43359375 0.03828125 0.03515625
0 0.4515625 0.44609375 0.0375 0.03671875
0 0.5765625 0.50546875 0.03359375 0.03203125
0 0.26015625 0.5203125 0.0359375 0.0359375
0 0.5671875 0.4546875 0.03828125 0.03203125
0 0.38515625 0.47734375 0.03984375 0.03515625
0 0.51484375 0.475 0.0375 0.034375
5 0.31640625 0.50078125 0.0421875 0.0421875
0 0.325 0.54765625 0.03984375 0.03359375
5 0.56640625 0.4078125 0.04296875 0.03671875
0 0.778125 0.134375 0.015625 0.06796875
0 0.446875 0.49765625 0.040625 0.0375
0 0.503125 0.53203125 0.03984375 0.03671875
0 0.875 0.26015625 0.03828125 0.028125
0 0.96328125 0.30625 0.03984375 0.02890625
0 0.9015625 0.30703125 0.0359375 0.03046875
0 0.771875 0.125 0.0171875 0.06953125
0 0.34296875 0.76328125 0.03359375 0.03984375
5 0.38828125 0.5171875 0.040625 0.03828125
0 0.7453125 0.275 0.01640625 0.06796875
0 0.95859375 0.25703125 0.0375 0.028125
0 0.98359375 0.00703125 0.0328125 0.01328125
5 0.19921875 0.97578125 0.02734375 0.04609375
5 0.7578125 0.5578125 0.02578125 0.0859375
5 0.9890625 0.215625 0.02109375 0.03046875
0 0.2953125 0.79765625 0.03828125 0.0484375
5 0.7546875 0.046875 0.0171875 0.075
0 0.67265625 0.9109375 0.025 0.05625
0 0.2453125 0.35078125 0.03515625 0.0421875
5 0.44609375 0.853125 0.0390625 0.053125
0 0.265625 0.1078125 0.03671875 0.071875
0 0.72265625 0.73515625 0.02890625 0.06796875
5 0.940625 0.21328125 0.04609375 0.03515625
5 0.77734375 0.275 0.021875 0.0921875