3 0.3933568951462959 0.2383619736535756 0.12941268086722202 0.1280984237898611
3 0.47759165146138793 0.5522883548158115 0.10671747464666659 0.11757700361804453
3 0.8004823473143509 0.5629889959276702 0.09636644354388864 0.07037445499752551
0 0.505347630160555 0.37176869515944455 0.045605025918981565 0.04127345318850324
0 0.662394461357869 0.7268390547249545 0.05966752591898157 0.042010437584671045
0 0.8824965990577771 0.344874161011104 0.06876912384546294 0.03937676051544958
0 0.212082103063795 0.6907964976251508 0.0699215207351851 0.03477114767057934
5 0.5808997450525448 0.7731165111928181 0.04289012902925915 0.04579717887824373
0 0.4678571920832863 0.3876902662812008 0.04404252591898139 0.041191566033373574
0 0.9206751445341652 0.7901457174335391 0.07419891762490742 0.030329309135968784
0 0.6119461105566655 0.6479837143813214 0.046894123845462946 0.03823034034363317
3 0.4953854527337029 0.4801201057203227 0.06470634043361087 0.06404921189493056
5 0.5674846281343047 0.5220043905460316 0.05111273213953691 0.05089411465389269
3 0.7036023876069426 0.976496059474653 0.05839755183796278 0.04700788105069407
0 0.9107731727622209 0.7569647252354553 0.07107391762490742 0.03016553482570892
0 0.5353078237044436 0.4386629460639558 0.04587842799249984 0.04439845318850324
0 0.9947467475262723 0.8075180031637593 0.010506504947455397 0.025976001809022264
5 0.83107469378023 0.8593284073930594 0.07746061866166656 0.032055583446228296
0 0.34936678105629493 0.7399853493887446 0.0855465207351851 0.0355900192218769
3 0.10745126607055391 0.8548446302577247 0.07163984561740726 0.07218926051544941
0 0.3639275670600449 0.719751414517607 0.07419891762490742 0.03032930913596843
0 0.22635390579671238 0.3205968622790434 0.04716752591898139 0.041355340343632994
0 0.3995980417531942 0.15858926447217847 0.057226031102777776 0.049659163274411534
3 0.9833164510135178 0.7471160916983701 0.03336709797296429 0.03666119629109836
3 0.21991443543888764 0.6647662641334942 0.1918935570217591 0.0956001843053107
0 0.4735515345431477 0.30166755709980364 0.05580023213953709 0.05113977611928178
5 0.11242952389273113 0.19175481004047973 0.07169863421305545 0.05508364767057934
0 0.18441112210203653 0.26785032055592933 0.06816353110277769 0.050232373360319826
5 0.1394485195574066 0.4116954958161285 0.07427683006601841 0.048997421980838854
3 0.07415287610805432 0.6431292022839921 0.03949172695574066 0.042508404567984215
0 0.8110752606039338 0.8085095358417618 0.07617152073518518 0.035098696291098366