0 0.6328079958379469 0.2918281789728166 0.041165220542635696 0.03349433847375849
5 0.46651116980435525 0.2506013867661799 0.04947836829088228 0.0414432061685102
0 0.6220416741232919 0.33778556127806486 0.04439035009228505 0.03511138555165925
3 0.030921871147101276 0.8315324180190633 0.06184374229420255 0.15484323295387128
0 0.33188373689553174 0.6549558758091313 0.04312823874123302 0.039771612012708776
0 0.8590551110465103 0.5570067142795944 0.04977875693983051 0.046130706168510116
0 0.3473399537375396 0.7310916818154857 0.04489099784053163 0.04292388555165907
0 0.8602380768087841 0.6117760348964455 0.053003886489479866 0.047747753246410875
0 0.18106770435584849 0.9213739882288772 0.03868057063492083 0.06778751785690744
5 0.6286586073458824 0.6617003482096958 0.05434514342931003 0.09303297970746058
5 0.5778899583610182 0.28226621834007953 0.04439035009228505 0.03511138555165916
0 0.5160105220561086 0.2592866400125907 0.0429279796419344 0.03664661201270878
0 0.11116381940752836 0.8161313348203105 0.046954145588778265 0.050763659090609536
0 0.5836647987356958 0.057897463875852664 0.0413654796419344 0.03661933847375849
3 0.7516047540143949 0.6349077974783472 0.062097086674049784 0.11657957386326193
0 0.30624458436692314 0.749927456572252 0.04342862739018098 0.04445911201270878
5 0.8259038471668496 0.6471544273479635 0.05300388648947951 0.047747753246410875
0 0.5616246082687331 0.31639575648952645 0.0460529796419344 0.03670115909060954
0 0.5200342928755995 0.12326731939573973 0.0429279796419344 0.03664661201270887
0 0.2815683521040951 0.9153069947216987 0.04911742288667416 0.060165932629559646
0 0.10221032156699668 0.8582097406645091 0.04070414558877831 0.050654564934808376
3 0.6780437453765216 0.4646850263750288 0.04995803207825791 0.09763865909060954
0 0.7278398935861935 0.2856657280793121 0.035655700184570094 0.06929547077900686
5 0.5671644070044287 0.3642020109537533 0.047715609191583755 0.03829093262955983
0 0.28646540562015277 0.8755041550301245 0.046954145588778216 0.050763659090609536
0 0.7900556986434106 0.09591348132572304 0.02654151603912904 0.048846603084255105
5 0.486765508176448 0.34950253692833566 0.052803627390180984 0.04462275324641087
5 0.6114573087670703 0.9728467593321956 0.05420544108527139 0.05430648133560893
0 0.8239126596253223 0.2388510036468574 0.04476988433001132 0.08974433847375848
0 0.6098528408453282 0.8819310275928448 0.05324371838316751 0.07584547970746058