0 0.4506673588133883 0.705767942846419 0.04199605242559432 0.038669016091543364
0 0.6873863666892961 0.6461954729358188 0.036925915152690794 0.0336537341605581
0 0.31332698441736234 0.6410120381351716 0.04394118969849794 0.043465776735205
0 0.9811056406914723 0.5946265271625336 0.03778871861705539 0.03398151609154336
0 0.23802357972565327 0.7747918224119452 0.04368609818322877 0.040340776735204996
0 0.5994720363839148 0.5779046588217469 0.04668355242559432 0.038996798022528624
0 0.14417772700049653 0.824158401861256 0.0500636439408634 0.04234031930985225
5 0.33056292653175623 0.462001881330237 0.04512105242559432 0.03888753737886681
5 0.39832386668929615 0.6259822538583977 0.04512105242559432 0.03888753737886681
0 0.05503741273679472 0.2555287341605582 0.029846738790112348 0.061123170298587756
0 0.24409913910907138 0.4971256443196873 0.051371052425594324 0.039324579953513704
0 0.7564382241255586 0.9686669625826958 0.03153678454774678 0.06266607483460832
0 0.861030773966079 0.7655349708421317 0.03478933030538158 0.06457595222957302
0 0.7056733363936131 0.8416718639013112 0.03867960485118864 0.07416947351689629
0 0.5103447320014662 0.8753973818344403 0.026084010001939717 0.05309214901126395
0 0.5816931867028737 0.9807165354112307 0.03698955909355419 0.03856692917753861
0 0.5995343909452393 0.9806181644341165 0.033864559093554195 0.03876367113176684
4 0.582204401237043 0.6994300975576664 0.059821281213767105 0.04768338317182241
5 0.47708672441542266 0.6011950573288081 0.04875623545613248 0.045356058666190434
5 0.2267520135050974 0.551064745308423 0.05991687606301595 0.0678866225281606
5 0.08668589652593724 0.29114380606830026 0.0401145590935541 0.0727162341605582
5 0.02190643515657004 0.13513982450563217 0.028507379396995842 0.0827796490112643
0 0.15047758743238315 0.2256934047112475 0.044036784547746864 0.06366901609154337
0 0.24464165986185682 0.3705467188253194 0.02739141848667064 0.05007640965492603
0 0.16123884168444694 0.4812332105274463 0.03842451333591956 0.07104447351689629
0 0.14767093607465392 0.38163204827463015 0.03246155575957417 0.05509169158591121
0 0.09368493774164388 0.3864016757464694 0.036606921820650486 0.06781021287323466
0 0.20372923062434048 0.49740986758448213 0.05264651000193972 0.054949579953513704