0 0.28515625 0.41875 0.034375 0.028125
1 0.73671875 0.35234375 0.06953125 0.03828125
0 0.0296875 0.4515625 0.03359375 0.02734375
5 0.7171875 0.29921875 0.034375 0.028125
5 0.76875 0.29765625 0.0375 0.0296875
0 0.4359375 0.3125 0.03515625 0.02890625
0 0.63515625 0.4 0.03515625 0.02890625
0 0.44765625 0.40390625 0.03125 0.0265625
0 0.41796875 0.8765625 0.02109375 0.0625
0 0.56640625 0.946875 0.0140625 0.0609375
0 0.6171875 0.94140625 0.01328125 0.053125
0 0.81328125 0.30625 0.03828125 0.028125
0 0.6328125 0.94296875 0.01328125 0.05859375
0 0.653125 0.9421875 0.01328125 0.059375
0 0.546875 0.35703125 0.0359375 0.028125
0 0.925 0.03046875 0.015625 0.05703125
0 0.6484375 0.8703125 0.01484375 0.06171875
0 0.6734375 0.94609375 0.01484375 0.06328125
0 0.678125 0.734375 0.0140625 0.04765625
0 0.60234375 0.94140625 0.0140625 0.05
0 0.92578125 0.16328125 0.0171875 0.0640625
0 0.55078125 0.9515625 0.01484375 0.06015625
5 0.95546875 0.44765625 0.04453125 0.03203125
0 0.534375 0.95234375 0.0140625 0.05859375
0 0.47109375 0.753125 0.01484375 0.05078125
5 0.9484375 0.7359375 0.01953125 0.06171875
0 0.62890625 0.87265625 0.01328125 0.05546875
0 0.5828125 0.93984375 0.0125 0.04296875
0 0.771875 0.18359375 0.0171875 0.06171875
0 0.81484375 0.03203125 0.03125 0.0515625
0 0.871875 0.16796875 0.0125 0.0453125
3 0.1625 0.9671875 0.071875 0.065625