3 0.15390412441111073 0.1826983941948847 0.16138585080120355 0.08196430653075475
3 0.12627988704129475 0.8074379885672546 0.11695234561740726 0.0726240228654909
3 0.5104186730915276 0.09266858340296072 0.07130765494824054 0.08504961179556507
3 0.8260440241290723 0.9146526776905126 0.04419835080120364 0.07787202885594055
0 0.7928462131012954 0.4456298591788583 0.029433221771944316 0.03374008293962447
3 0.3134834674366199 0.2421676195152954 0.10410103110277769 0.05036707694917482
5 0.6143589196046749 0.5372791897562302 0.037929226955740705 0.041825401451278846
0 0.7566845377006937 0.40849444692780634 0.029706623845462944 0.03686508293962447
5 0.801645723186064 0.3849825358578806 0.03310502591898157 0.040099210344286276
0 0.7453730566924524 0.6643550665279196 0.02915981969842587 0.03061508293962447
3 0.541405892507915 0.8767906122589013 0.05105394354388863 0.06720734736759475
0 0.29318194641861084 0.13551831543161139 0.07290981969842587 0.03214286660488854
5 0.7560003239872677 0.4633729198859643 0.03283162384546294 0.03697421034428618
0 0.7080023213953694 0.4611308628070555 0.029433221771944316 0.03374008293962447
2 0.5961610344966648 0.9383531056354792 0.0576552580585183 0.08924603847458741
5 0.6096080287937035 0.09782482015611679 0.04486273213953691 0.04985615626060225
0 0.5895012888784722 0.038186925328259916 0.03765582488222208 0.03870040145127883
0 0.8819409415176385 0.18313480446220215 0.06896461347787053 0.022658739200226784
0 0.37027672893550817 0.5599081910221745 0.03581992280870363 0.035520837748947896
0 0.8944614824223608 0.09336297633190102 0.06564412384546295 0.038120048093234216
0 0.3029627983511101 0.5160242709665741 0.042343324882222165 0.03886409255827132
0 0.7058629144208786 0.5262474313187097 0.03283162384546294 0.036974210344286364
0 0.5378998326579165 0.030585245654012737 0.04132762902925915 0.045059528855940535
0 0.4732009285581478 0.1778173989193901 0.07392551555138879 0.025947430307219355
0 0.27366556908629525 0.5483928268643568 0.04546832488222208 0.038973219962933035
0 0.6528554916121749 0.4936184697932971 0.034530824882222075 0.03859127404661713
0 0.7753509570225445 0.8905629024627693 0.03833933006601846 0.04651290145127902
0 0.7223013928372216 0.2662895887604383 0.06638641762490742 0.028799611795565026
5 0.9099968824696291 0.24406238077840473 0.06896461347787053 0.022658739200226742
0 0.5770115593308333 0.002719456357194093 0.033163814514629665 0.005438912714388186
0 0.06395377620180534 0.11296130226958548 0.0593941238454629 0.03790179328391079
5 0.7502185071635639 0.513727583951115 0.03650342799249984 0.043333337748947896
0 0.3186302972198144 0.21142605100364112 0.06183561866166656 0.030198420688572546
5 0.7943389455236562 0.5701759913928435 0.034940927992499836 0.04327877404661713
0 0.9261651439685175 0.5632216085458862 0.034530824882222075 0.03859127404661713
0 0.4086606834591201 0.1118947877567972 0.06109332488222208 0.03951885698624169
0 0.7724019717719444 0.011568650142925458 0.04818322177194432 0.023137300285850915
0 0.4237271918004624 0.27514875590563176 0.09152311866166656 0.031235131032858732
5 0.8846749622528236 0.21438480446220218 0.0786130155513888 0.02611112141421188
0 0.40923546484472173 0.23490570182194775 0.07603481969842588 0.032251994009550165
0 0.04586674048087922 0.21076388520921002 0.01978481969842587 0.03028770072563942
5 0.566131430867222 0.10247760382138074 0.04513613421305536 0.05298115626060227
5 0.9921566886429165 0.24388627678738795 0.015686622714166987 0.023239092558271324
0 0.053064794345092314 0.14076884373939774 0.03669891762490736 0.027762901451278844
0 0.10621281187624868 0.6945114026324052 0.04730422695574066 0.04215278366526398
5 0.5895469729032401 0.31637641271438816 0.05369092799249984 0.043933538474587405
0 0.7796106471260634 0.7242831380347988 0.041190927992499834 0.043497028855940555
0 0.9952167020266429 0.5181695141735163 0.009566595946714074 0.036810519237293705