0 0.10234375 0.3765625 0.0296875 0.0234375
0 0.209375 0.3703125 0.02734375 0.021875
0 0.209375 0.33671875 0.0265625 0.02265625
0 0.15546875 0.37578125 0.02890625 0.02421875
0 0.1640625 0.33828125 0.03046875 0.02421875
0 0.02734375 0.3796875 0.03125 0.021875
5 0.94765625 0.203125 0.03671875 0.02578125
0 0.2046875 0.2734375 0.03125 0.02890625
0 0.20234375 0.40546875 0.028125 0.02109375
0 0.12109375 0.3390625 0.0296875 0.02109375
0 0.02265625 0.41640625 0.028125 0.021875
0 0.08203125 0.25859375 0.02890625 0.02421875
0 0.61796875 0.2890625 0.02734375 0.02265625
5 0.15078125 0.415625 0.034375 0.021875
0 0.59296875 0.22890625 0.02890625 0.021875
0 0.803125 0.25546875 0.02890625 0.02265625
0 0.828125 0.20390625 0.03125 0.0234375
0 0.9375 0.27734375 0.03046875 0.0234375
0 0.9046875 0.196875 0.02734375 0.02421875
0 0.72734375 0.20625 0.03046875 0.02421875
0 0.9859375 0.19453125 0.02734375 0.025
0 0.71484375 0.534375 0.0265625 0.0234375
0 0.64765625 0.25546875 0.028125 0.0203125
0 0.621875 0.53828125 0.03125 0.025
0 0.678125 0.5359375 0.028125 0.0234375
0 0.75546875 0.5125 0.0125 0.053125
0 0.6640625 0.63203125 0.01328125 0.05546875
0 0.07578125 0.4125 0.0296875 0.0203125
0 0.784375 0.63125 0.0109375 0.04609375
0 0.87109375 0.2046875 0.03046875 0.02109375
0 0.5375 0.43125 0.03046875 0.0328125
0 0.88515625 0.525 0.03203125 0.02265625
0 0.6796875 0.62890625 0.01328125 0.05390625
0 0.84609375 0.6328125 0.01171875 0.0484375
0 0.778125 0.2046875 0.0296875 0.0234375
0 0.40625 0.0484375 0.0140625 0.05859375
0 0.384375 0.00546875 0.0125 0.0109375
0 0.34921875 0.6890625 0.01171875 0.05
0 0.76953125 0.515625 0.01328125 0.05234375
0 0.35078125 0.97890625 0.0140625 0.0421875
0 0.815625 0.63125 0.01328125 0.05546875
0 0.90234375 0.63046875 0.01171875 0.0484375
0 0.646875 0.63359375 0.01171875 0.05078125
0 0.865625 0.63046875 0.0125 0.05703125
2 0.63828125 0.884375 0.10859375 0.046875
0 0.796875 0.628125 0.01171875 0.04765625
0 0.62734375 0.63203125 0.0109375 0.03984375
0 0.59375 0.18359375 0.01640625 0.015625
5 0.071875 0.3421875 0.0375 0.025
0 0.8203125 0.42578125 0.0296875 0.0203125
0 0.83046875 0.63046875 0.01328125 0.05390625
0 0.365625 0.02421875 0.01015625 0.04609375
0 0.7125 0.6359375 0.0140625 0.05