0 0.11257730765503493 0.24326631058675124 0.04135235182361115 0.033142139784752264
5 0.7488479948690976 0.5889643399468588 0.05120013050895835 0.05389128742738745
3 0.3900632619678473 0.09464698986580557 0.08143445079743064 0.14582623035529288
5 0.436944794071667 0.432403855043452 0.04622168977951393 0.041172963606069854
0 0.6941773722439241 0.5200837533052597 0.04636716014423605 0.04742296360606986
0 0.4360927685204518 0.5299145558292403 0.03670121941479163 0.034486315963434676
0 0.5014982565526045 0.4564813639347921 0.03993532218833344 0.039319365177646406
0 0.562273408813056 0.5194030490048147 0.044695557370694416 0.04266268899896399
5 0.6243558347248616 0.5379026459854961 0.044695557370694416 0.04266268899896399
0 0.5548414620996878 0.4683307005763913 0.041570557370694414 0.042517139784752266
0 0.4395983218070837 0.4793516296505579 0.0398625870059723 0.036194365177646404
0 0.6890547675705212 0.5682301548768363 0.043060322188333444 0.03946491439185813
0 0.7523353643601393 0.5376201637681765 0.04000805737069442 0.0424443651776464
0 0.5116019147969796 0.5552827369703215 0.04149782218833344 0.03939213978475227
0 0.6242097111497573 0.498095283289049 0.04465918977951393 0.04110018899896399
0 0.49388643151447964 0.49826860359570996 0.03993532218833344 0.039319365177646406
0 0.22160877516996552 0.3341888711735025 0.021730836056041713 0.06188356989237613
0 0.4142814648525702 0.9915818401562557 0.030487587005972115 0.016836319687488555
0 0.6916751937666673 0.7814022429661774 0.03851829255305557 0.045496590570540715
0 0.11444958539045162 0.2901776978903042 0.039789851823611146 0.0330693651776464
0 0.0325274381639933 0.29104453101724664 0.03978985182361113 0.0330693651776464
0 0.346799104860834 0.784069054795783 0.0344126740119445 0.07027826674922295
5 0.043227895610937705 0.24784034057054058 0.052435322188333355 0.03990156203449331
0 0.2612577291015283 0.5959097752262783 0.029979747150208347 0.08099744292790553
0 0.0936110617390975 0.3336901033908221 0.04135235182361115 0.033142139784752264
0 0.03122016451263917 0.33546661910658787 0.04135235182361115 0.033142139784752264
0 0.7432383469770493 0.8173611676971179 0.04338763050895835 0.05352741439185813
0 0.188936519851632 0.07045170285270289 0.021730836056041713 0.06188356989237616
5 0.8558143482113202 0.9842831284099581 0.032377395326597024 0.0314337431800837
5 0.5955106682154521 0.8744736927185084 0.04676720364722229 0.06461046360606985
0 0.3480362561713549 0.8707514174922301 0.037646776785486225 0.07511131596343468
0 0.7090132837193404 0.11808675971540046 0.03259560087368065 0.05926799214211718