0 0.96484375 0.26953125 0.0375 0.025
0 0.84765625 0.27421875 0.03046875 0.02109375
0 0.26796875 0.4328125 0.0265625 0.02265625
0 0.7625 0.31015625 0.02890625 0.02265625
0 0.975 0.3046875 0.02890625 0.021875
0 0.53984375 0.42109375 0.025 0.021875
0 0.21171875 0.24375 0.0296875 0.02265625
0 0.67109375 0.65625 0.01328125 0.05625
0 0.1875 0.44921875 0.03125 0.02265625
0 0.83125 0.23203125 0.0296875 0.0234375
0 0.5015625 0.38203125 0.02578125 0.02109375
0 0.253125 0.24765625 0.02265625 0.01953125
0 0.24453125 0.32109375 0.02890625 0.0234375
0 0.9265625 0.43984375 0.03359375 0.021875
0 0.01640625 0.403125 0.0296875 0.02265625
0 0.0546875 0.2484375 0.02890625 0.021875
0 0.865625 0.42578125 0.02109375 0.01875
0 0.31796875 0.30234375 0.02265625 0.021875
0 0.190625 0.29609375 0.0296875 0.0234375
0 0.33984375 0.421875 0.03046875 0.0203125
0 0.615625 0.7 0.01171875 0.04921875
0 0.66953125 0.20078125 0.028125 0.034375
0 0.709375 0.20703125 0.03125 0.03203125
0 0.01328125 0.2546875 0.025 0.02109375
0 0.128125 0.2890625 0.0296875 0.02421875
0 0.17109375 0.24140625 0.0296875 0.02265625
0 0.77265625 0.22734375 0.03359375 0.025
0 0.81484375 0.4484375 0.021875 0.01796875
4 0.66484375 0.44140625 0.0453125 0.0265625
0 0.45859375 0.4390625 0.028125 0.0140625
0 0.634375 0.9125 0.0125 0.04375
0 0.59453125 0.0453125 0.0109375 0.053125
0 0.0046875 0.32265625 0.00859375 0.03046875
5 0.29453125 0.24609375 0.03359375 0.0234375