0 0.8011996832111634 0.7094136993921323 0.03477919158591121 0.029079746239076342
0 0.7984624493027068 0.748317075018953 0.03477919158591121 0.029079746239076342
0 0.8404150025210155 0.757334373844454 0.036341691585911204 0.029125210345699058
0 0.8164204916252522 0.6817888045649818 0.03477919158591121 0.029079746239076342
0 0.9885833017548755 0.7540455524534108 0.02283339649024896 0.029125210345699058
0 0.859995529004119 0.7251583713371715 0.03477919158591121 0.029079746239076342
0 0.16404924447524377 0.7181626297834557 0.03801345222957293 0.030733174452321776
5 0.057504313532994275 0.6885540346397361 0.021044473516896443 0.03335806927947225
0 0.6541497205900303 0.7472366451563549 0.04099634059717552 0.051091138558944316
0 0.7853618797407533 0.6278681826990848 0.03477919158591121 0.029079746239076342
0 0.8661523298766391 0.8243543892838602 0.038122712873234835 0.032295674452321774
0 0.18715360870553127 0.68063153754273 0.03499771287323474 0.03220474623907634
0 0.3849737496710238 0.6887264970304992 0.036341691585911204 0.029125210345699058
0 0.07703020969426697 0.6555967821324536 0.038013452229572975 0.0307331744523216
0 0.9803828536742392 0.7895056793338726 0.039234292651521584 0.033949102665567034
0 0.653293516847848 0.27785615934211993 0.029042643815484225 0.058539925705962934
0 0.08677655029144249 0.7057786385589443 0.03321669158591125 0.029034282132453626
0 0.26463375252101545 0.7405808505539959 0.038122712873234654 0.0322956744523216
0 0.9912057391918502 0.7175313909332128 0.0175885216162996 0.029079746239076342
0 0.328500602501345 0.4274563764182434 0.03477919158591121 0.029079746239076342
0 0.2754852271231927 0.31598166732618566 0.026824579953513793 0.04911946159934022
0 0.12187816996961162 0.7060203309579547 0.03612317029858776 0.02600021034569906
0 0.42027283925979314 0.44649954460235897 0.038122712873234835 0.032295674452321774
0 0.3648751450759919 0.4347520508705651 0.03488845222957302 0.030642246239076344
0 0.08870576500626261 0.4992247616784825 0.03477919158591123 0.029079746239076342
0 0.28557005732880797 0.4379021314328083 0.027261622528160778 0.05536946159934022
0 0.21418174036474444 0.29782504922121245 0.026933840597175518 0.05068196159934022
0 0.617317812020385 0.2651144669431096 0.028933383171822414 0.05697742570596294
0 0.2711797753978228 0.43280545447320423 0.027152361884498967 0.05380696159934022
0 0.37801464742178037 0.3439141022033486 0.027261622528160778 0.05536946159934022
0 0.410991038387273 0.3472125984424249 0.027152361884498967 0.05380696159934022
0 0.15896399866261768 0.38899796700961653 0.038122712873234696 0.0322956744523216
2 0.4597898992633659 0.10849709092057754 0.12210422896477802 0.0737223079967011
0 0.2621493468013618 0.3148139724198929 0.02704310124083733 0.05224446159934022
0 0.2132515689808759 0.7305095170887588 0.03488845222957293 0.030642246239076344
0 0.2295171632612223 0.3052882082341279 0.028933383171822414 0.05697742570596294
0 0.7126342099463685 0.7473790491547054 0.040340776735204996 0.041716138558944314
0 0.19375997972108272 0.2956715158351176 0.02915190445914595 0.060102425705962935
0 0.3937489080654421 0.3459312432695755 0.029042643815484225 0.058539925705962934
0 0.24290767390488402 0.3072371531404207 0.029042643815484225 0.058539925705962934
0 0.7136461448238903 0.3716121710206024 0.027152361884498967 0.05380696159934022
0 0.06455879877883322 0.2654036911453691 0.025808383171822456 0.0568864974927175
0 0.15822131746826665 0.28917982343610726 0.027261622528160733 0.05536946159934022
5 0.8659670235562373 0.6879084239235963 0.037904191585911205 0.029170674452321778
5 0.6438738662470999 0.5668360913162889 0.03885468639013112 0.06506271034569906
0 0.7586590879992855 0.08990518144544364 0.025043558666190256 0.045948997492717546
0 0.4301234506400891 0.35322691772189707 0.021590776735205174 0.04117056927947216
0 0.5243797291400051 0.9095283935070023 0.034385707677454566 0.0680513180258309
0 0.34745306227248657 0.3305502841775177 0.023918101240837243 0.05215353338609487
0 0.33233616066333227 0.3262121251646022 0.028933383171822414 0.05697742570596294
0 0.1066584534900807 0.39917093738444537 0.03071440445914595 0.060147889812585564
5 0.20218947477740418 0.4050692478884289 0.04960651609154336 0.040426423198680436