0 0.23842253830495136 0.6211725957673329 0.04015377404661713 0.0344386439408634
0 0.37647560981183054 0.6614304181968065 0.02905258293962456 0.028858323637421534
0 0.30355646498397365 0.6405920175879833 0.03859127404661713 0.03431109818322895
0 0.6654538081752172 0.5079537003286574 0.03061508293962447 0.028985869395056162
0 0.1395386050025071 0.6483572359151744 0.04489583774894799 0.036383781213767105
5 0.23179802687220602 0.6762587084944294 0.04171627404661713 0.034566189698497854
0 0.8518253285936372 0.5780104641236189 0.038536710344286365 0.03274859818322877
0 0.3802132896557137 0.06080866486282662 0.02082342068857255 0.06090554909161443
0 0.5771577223251858 0.16463452184004715 0.022440484390903494 0.06259559484924897
0 0.6951785137101801 0.48687579684489635 0.03735615626060209 0.043558552425594324
0 0.3916021682415018 0.13851907668153746 0.020877984390903402 0.06246804909161443
0 0.5007068389300743 0.08788096107950312 0.019206356986241603 0.05921550333397989
0 0.41819443929289407 0.07252728592487274 0.02400298439090349 0.06272314060688351
0 0.515468743376578 0.09143639577703119 0.020877984390903492 0.06246804909161443
0 0.41183282268800553 0.14252092153078638 0.022385920688572546 0.06103309484924897
0 0.4834102115254126 0.08960295774552322 0.0207688569862416 0.05934304909161443
0 0.15955594992303118 0.7706466951585098 0.020550602176918266 0.053093049091614476
0 0.547765344287552 0.2883750397178946 0.02400298439090349 0.06272314060688347
0 0.44919890263240525 0.08210945107756344 0.020550602176918176 0.05309304909161443
0 0.4678943389300743 0.08520250016917788 0.018933538474587407 0.05140300333397989
0 0.34343250835270245 0.26151029546777044 0.017207347367594838 0.046587957576345394
0 0.09418886635043447 0.9149549334895802 0.026473219962933104 0.044228232122152634
0 0.3994990029952249 0.0694342368332583 0.02411211179556503 0.06584814060688352
0 0.433628466334736 0.0792714935012181 0.0207688569862416 0.05934304909161443
0 0.04156240727209258 0.6944194218206505 0.027346239200226795 0.06922823212215264
5 0.2926785070867581 0.503379060011638 0.035104175497895976 0.06830346091032524
3 0.8864335186043215 0.17029355897286785 0.0828521947351895 0.0971298336393613
0 0.6021130491895426 0.39231298275037235 0.028908739200226918 0.06935577787978708
5 0.09928814955236229 0.34264949879205203 0.043278774046617105 0.03469373545613248
5 0.06809520245491993 0.2711572650029095 0.036557548093234235 0.06530600666795978
0 0.05623997696487322 0.7676974251546304 0.02194941106992567 0.04853309484924893
0 0.009525000505745163 0.761989688031508 0.019050001011490326 0.061415732122152636