3 0.8484375 0.92734375 0.071875 0.14453125
5 0.5796875 0.33984375 0.04375 0.03125
0 0.46953125 0.25078125 0.03359375 0.028125
5 0.740625 0.3421875 0.03984375 0.02890625
0 0.52578125 0.25859375 0.0375 0.028125
0 0.60703125 0.21484375 0.0359375 0.02890625
5 0.1140625 0.503125 0.04140625 0.0359375
5 0.40625 0.253125 0.0375 0.0296875
5 0.58203125 0.2953125 0.0390625 0.02890625
0 0.6875 0.34296875 0.03203125 0.0265625
0 0.5875 0.671875 0.034375 0.0328125
0 0.6359375 0.33984375 0.0359375 0.02890625
5 0.4625 0.29453125 0.040625 0.03125
5 0.528125 0.29609375 0.04140625 0.0296875
0 0.109375 0.4515625 0.0390625 0.0359375
0 0.55078125 0.7421875 0.034375 0.03671875
0 0.0625 0.5171875 0.03125 0.02734375
0 0.2609375 0.79765625 0.03046875 0.071875
5 0.4078125 0.296875 0.03984375 0.03125
0 0.51875 0.04609375 0.0375 0.03125
0 0.31640625 0.45546875 0.01640625 0.06640625
0 0.56484375 0.121875 0.03828125 0.03203125
0 0.56171875 0.92421875 0.034375 0.046875
0 0.52734375 0.34296875 0.03515625 0.02890625
0 0.746875 0.88046875 0.03359375 0.040625
0 0.0578125 0.4671875 0.0390625 0.03671875
0 0.58359375 0.76875 0.03359375 0.03671875
0 0.2109375 0.9359375 0.03046875 0.0671875
0 0.65546875 0.9765625 0.0203125 0.046875
0 0.28671875 0.35703125 0.01640625 0.06640625
5 0.1609375 0.97734375 0.03125 0.0453125
0 0.2890625 0.14296875 0.01484375 0.0578125
0 0.2421875 0.16171875 0.0171875 0.065625
0 0.32421875 0.23203125 0.0171875 0.06640625
5 0.2671875 0.60390625 0.02421875 0.08203125
5 0.29375 0.63515625 0.02734375 0.07890625
5 0.12890625 0.54453125 0.0390625 0.03359375
3 0.44375 0.34296875 0.05703125 0.0390625
0 0.00546875 0.546875 0.0109375 0.03125
0 0.221875 0.83046875 0.028125 0.06640625
3 0.5125 0.97421875 0.028125 0.0515625
4 0.4546875 0.98203125 0.02890625 0.0359375
0 0.753125 0.921875 0.0296875 0.04375
0 0.32109375 0.02734375 0.0171875 0.0546875