0 0.24166727385597425 0.8523966519732739 0.04472600180902227 0.04892839600572714
0 0.8315011420163698 0.33819286588959596 0.09283595318850324 0.04324201734563582
0 0.9776314343053107 0.37936166386859693 0.044737131389378605 0.04449543467536321
0 0.1591402996365718 0.6798136746499098 0.05311171189493056 0.059956802673454136
5 0.16008308118292056 0.8767977626511826 0.054919873360319824 0.06466248400699967
0 0.1846958203287867 0.5857091386457738 0.04628850180902231 0.048946577339272324
0 0.19243972127872638 0.5246443693109556 0.04324538896415211 0.0504727146721816
0 0.07290182722619166 0.5557409226607276 0.05459232473980082 0.05841248400699968
0 0.2021268232694628 0.23216596797422845 0.041355340343632994 0.044204533338636144
0 0.13699646822650866 0.2274517433163644 0.04809666327441153 0.053652258672817865
0 0.3722335261192818 0.04726261461650231 0.049577276119281775 0.05210794000636334
0 0.4565067068065479 0.13383536660568462 0.048260437584671044 0.05677725867281791
0 0.12314757293077852 0.008756834659454878 0.03379514586155703 0.017513669318909755
0 0.8434589094292242 0.37244968722155064 0.10089411465389234 0.04802042401336308