0 0.85546875 0.28671875 0.040625 0.03203125
5 0.71640625 0.85703125 0.03203125 0.08515625
5 0.3953125 0.56796875 0.04375 0.0453125
0 0.8640625 0.975 0.03515625 0.05
0 0.5609375 0.51328125 0.03984375 0.03671875
5 0.75390625 0.7375 0.03515625 0.09296875
0 0.165625 0.50859375 0.03359375 0.0390625
0 0.9859375 0.01796875 0.028125 0.0296875
5 0.57734375 0.3171875 0.03125 0.03125
3 0.68671875 0.05234375 0.0234375 0.103125
0 0.56484375 0.45546875 0.0390625 0.03671875
0 0.46171875 0.41640625 0.040625 0.03828125
0 0.50390625 0.5265625 0.0421875 0.03984375
0 0.5125 0.571875 0.04375 0.03828125
0 0.7109375 0.03828125 0.01640625 0.07265625
0 0.68984375 0.1609375 0.01875 0.0703125
0 0.503125 0.47578125 0.0390625 0.0359375
0 0.26484375 0.16015625 0.02890625 0.06484375
0 0.9796875 0.32734375 0.0390625 0.03203125
0 0.57734375 0.55078125 0.03984375 0.03671875
0 0.65078125 0.18046875 0.0171875 0.0765625
0 0.8546875 0.353125 0.03671875 0.0359375
0 0.6640625 0.33828125 0.03671875 0.03359375
5 0.440625 0.6 0.04140625 0.04140625
0 0.659375 0.7546875 0.028125 0.07578125
5 0.75 0.475 0.03984375 0.07578125
0 0.353125 0.81875 0.0359375 0.04375
0 0.6859375 0.96015625 0.02578125 0.0625
0 0.90859375 0.24140625 0.03828125 0.0296875
5 0.71015625 0.128125 0.01640625 0.07578125
0 0.765625 0.62890625 0.025 0.065625
5 0.13515625 0.01328125 0.04140625 0.0265625
5 0.94140625 0.14296875 0.0375 0.04765625