0 0.35390625 0.36328125 0.0296875 0.021875
0 0.6265625 0.7890625 0.0125 0.04921875
0 0.90234375 0.478125 0.02734375 0.021875
0 0.0890625 0.24765625 0.034375 0.0234375
0 0.10078125 0.20625 0.0265625 0.02265625
0 0.40234375 0.375 0.025 0.02109375
0 0.85078125 0.296875 0.03203125 0.02421875
0 0.06171875 0.20234375 0.02734375 0.02265625
0 0.84140625 0.44296875 0.03046875 0.025
0 0.221875 0.21328125 0.0296875 0.0234375
0 0.97734375 0.48359375 0.02578125 0.02265625
0 0.296875 0.2171875 0.03046875 0.02421875
0 0.1796875 0.2078125 0.0296875 0.0234375
0 0.675 0.371875 0.0265625 0.046875
0 0.784375 0.4671875 0.028125 0.021875
0 0.4421875 0.3765625 0.025 0.01953125
0 0.64140625 0.8125 0.0109375 0.04375
0 0.6203125 0.22578125 0.01484375 0.0421875
0 0.2640625 0.21875 0.02265625 0.01953125
0 0.81015625 0.32890625 0.02734375 0.02265625
0 0.43203125 0.4078125 0.0203125 0.01953125
0 0.609375 0.690625 0.01328125 0.05390625
0 0.60625 0.0203125 0.01171875 0.040625
0 0.846875 0.36640625 0.02890625 0.02734375
5 0.8109375 0.37109375 0.03359375 0.0265625
0 0.734375 0.42421875 0.03125 0.03984375
1 0.646875 0.71953125 0.01953125 0.1046875
1 0.640625 0.9015625 0.0203125 0.12265625