0 0.4923793343882673 0.165466156439126 0.056281693032477875 0.0593128155185485
0 0.7551681819432764 0.7259850854437941 0.03749974212409217 0.07747178213245362
0 0.6713672667905856 0.7548709518994148 0.04021015394280312 0.09157974623907635
0 0.18510922620309883 0.2457995479675712 0.05500623545613244 0.04368781551854841
0 0.03909574028792442 0.4036538489046434 0.056696281213767 0.04529577962517113
0 0.6867195236277233 0.25021454414014055 0.05344373545613248 0.04364235141192578
0 0.29685979817353053 0.22947351748447026 0.05306109818322877 0.038954851411925784
0 0.31014156392534603 0.38334867524374444 0.05251896424430509 0.05140938730530316
5 0.46927718998836204 0.3237643897460786 0.06501896424430527 0.051773100158284534
0 0.12221022666214079 0.12415421700961655 0.05551641848667059 0.0499378155185485
0 0.009247841056227116 0.25288931927947217 0.018495682112454233 0.04015363855894431
0 0.022114244999030166 0.07726719365265156 0.04422848999806033 0.05140938730530311
0 0.08214307817934952 0.06817098997087015 0.04719373545613244 0.04346049498543507
0 0.1590882154522531 0.06571123119538151 0.046141418486670596 0.049665030878812376
0 0.5985491992413957 0.04482469899642089 0.05915160151720862 0.05627874373179383
0 0.767236844680071 0.4726100328573695 0.04308006242753386 0.08854567445232178
0 0.7511817967964047 0.60213840848419 0.03411965060882309 0.07425585391920819