0 0.5671875 0.43828125 0.03359375 0.0265625
0 0.25078125 0.66015625 0.0328125 0.025
0 0.36015625 0.63046875 0.03203125 0.0265625
0 0.3578125 0.67265625 0.0296875 0.0234375
0 0.23125 0.58046875 0.03359375 0.0234375
0 0.50234375 0.43359375 0.03203125 0.0234375
0 0.303125 0.58515625 0.03359375 0.02578125
0 0.89609375 0.66015625 0.03125 0.02734375
0 0.17109375 0.62265625 0.03671875 0.02421875
0 0.23203125 0.628125 0.034375 0.0234375
0 0.04765625 0.57734375 0.0328125 0.0234375
5 0.68828125 0.40078125 0.0375 0.02734375
5 0.68046875 0.55859375 0.03671875 0.03984375
0 0.903125 0.159375 0.0125 0.05859375
0 0.11953125 0.61953125 0.034375 0.0234375
0 0.921875 0.70390625 0.03515625 0.02734375
0 0.784375 0.4203125 0.04140625 0.025
0 0.425 0.82265625 0.0171875 0.06640625
0 0.41015625 0.95546875 0.0140625 0.06015625
0 0.0328125 0.62421875 0.03203125 0.02421875
5 0.53359375 0.3859375 0.0375 0.03046875
0 0.4609375 0.9515625 0.01484375 0.0625
5 0.928125 0.73671875 0.0390625 0.03671875
0 0.24609375 0.77421875 0.01640625 0.065625
0 0.6296875 0.828125 0.01640625 0.04609375
0 0.59296875 0.9546875 0.01640625 0.06484375
0 0.5765625 0.95703125 0.0171875 0.06875
5 0.90703125 0.03671875 0.02265625 0.07265625
0 0.79609375 0.153125 0.0328125 0.0484375
0 0.74921875 0.3 0.01484375 0.05703125
0 0.82421875 0.41328125 0.0390625 0.04609375
0 0.90390625 0.29140625 0.01953125 0.06015625
0 0.84609375 0.29921875 0.0171875 0.05