5 0.2903859059516386 0.35796353268650793 0.04745680267345422 0.050272710772388506
3 0.09916037460218478 0.47560905405833437 0.08501134667409058 0.05517837939029935
5 0.7321199672979107 0.2652145139469601 0.04258748933799979 0.03462043969514976
5 0.6796762199634108 0.27350373691779295 0.04578521467218159 0.040888620413308985
5 0.29609046594527527 0.4048748941228264 0.04414998933799978 0.034629530054229286
0 0.40849046861077526 0.4141231499765589 0.047347714672181594 0.040897710772388504
0 0.5036365998965957 0.7647003877781147 0.02738066000954511 0.07046703610435348
0 0.5199285026257291 0.30460777029167196 0.041061352005090514 0.03773634933607006
0 0.7170045919796373 0.15418156517662415 0.02723520934118149 0.05796703610435348
0 0.7758790579646835 0.26468779400118947 0.04578521467218159 0.040888620413308895
0 0.8263694066279562 0.289983230671277 0.03982611600890849 0.06585225897699046
5 0.8667778726527733 0.10739344446872764 0.028888616008908484 0.06578862646343313
0 0.8159057159850462 0.11491050779864007 0.027235209341181132 0.05796703610435352
0 0.700375787237459 0.7103724778426066 0.022420440006363406 0.04700226502711473
0 0.6559076245624139 0.7718366977883774 0.025745434675363298 0.06420794574527378
0 0.6909996925525507 0.8447020260472087 0.027417022676635837 0.0735920361043533
0 0.5890730185391877 0.9425531978865731 0.03054202267663584 0.07361021682251305
0 0.6078502905395059 0.9403185321955286 0.02587270401018138 0.07514544574527378
0 0.6235480158736877 0.9341594357863248 0.02738066000954511 0.0704670361043533
0 0.6392639225414148 0.926437839377121 0.027417022676635837 0.0735920361043533
0 0.6572690352085058 0.9234173785065366 0.024219297342454028 0.06732385538619426
0 0.6721855105426876 0.9172537369177929 0.02425566000954511 0.07044885538619425
0 0.689391191876233 0.9157912308676688 0.02738066000954511 0.07046703610435365
0 0.7058428952100966 0.9119804296380046 0.02738066000954511 0.0704670361043533
0 0.7276633512094602 0.9167951946651194 0.029015885343726743 0.07672612646343317
3 0.21903269119991525 0.9833624667243168 0.08321248933799978 0.03327506655136645