0 0.24985017059200346 0.5350751370858168 0.03470226400381797 0.030127115756780752
5 0.7384206799013682 0.6830619849208561 0.04100680800445442 0.03517863680346807
0 0.6027837192473221 0.5980561953171429 0.03630112667090888 0.03334312101845249
0 0.40619907324159515 0.65166485565696 0.037881808004454245 0.03499662628012441
0 0.4868138212524128 0.5673360873116957 0.03784544533736352 0.03187162628012441
5 0.6845598832352318 0.6822954164485349 0.037881808004454245 0.03499662628012423
0 0.8269661065802312 0.5881219402672325 0.042605670671545325 0.0383946420651398
0 0.3141762999284124 0.508687671357271 0.033139764003817976 0.030036110495108837
0 0.7790456799013682 0.6806958481173881 0.04100680800445442 0.03517863680346807
0 0.6196125186585004 0.02795709897398943 0.022602253341817757 0.05591419794797886
0 0.7233278646562733 0.03438156121509796 0.021003390674727028 0.06055806840173404
1 0.07376947593095771 0.5039524816547357 0.0740011213399088 0.052714747298576906
5 0.7402489986075936 0.391746740182528 0.04106135200509069 0.039866136803468066
0 0.644172882598685 0.46292306114451076 0.03190452800763595 0.05807010523343692
0 0.7045960459898186 0.03391112435516015 0.021021572008272215 0.062120568401734036
0 0.8509548531986425 0.9419525955571393 0.02518181333545435 0.017081084186749605
0 0.6686676366565913 0.035222995373612676 0.021021572008272392 0.062120568401734036
0 0.7207508272199598 0.7926112901684106 0.022474984006999675 0.05283657366340595
0 0.7013603159611836 0.24489412698599605 0.019313621339908948 0.049529563140062204
0 0.6898159306572277 0.030183604270954865 0.021021572008272215 0.06036720854190973
0 0.6904784546467282 0.10655966907937087 0.0241829346753633 0.06542757892507774
5 0.9705370299570475 0.2596644693476021 0.0273079346753633 0.06560958944842143
0 0.6040511533259094 0.025287125282348676 0.022584072008272393 0.05057425056469735
0 0.5884443346594549 0.025351526590707923 0.022602253341817757 0.050703053181415846
0 0.654650589990455 0.03213579272865932 0.020876121339908772 0.04962056840173403
0 0.8462411758832327 0.8102853666038268 0.027362478675999568 0.07029708944842135
0 0.8725491372135965 0.8306132771554052 0.027362478675999568 0.07029708944842135
0 0.6359278619907732 0.0308841058687215 0.017732940006363405 0.04787605787839033
0 0.8266372005490508 0.8176729323747249 0.017714758672817865 0.04631355787839055
5 0.868371261895323 0.7199942955712567 0.03214088534372692 0.07838260523343692
0 0.5012154126352742 0.2019008031108287 0.02581816000954511 0.07176858418674961
0 0.6725642486473645 0.10291872958859713 0.02407384667409058 0.056052578925077735
3 0.21388068666454557 0.010528705346376451 0.07848862667090888 0.021057410692752902