0 0.678112719584415 0.8907678413410383 0.02452877404661713 0.031386355386194255
0 0.603164794086519 0.8255655430382405 0.02921627404661713 0.031413626463433174
0 0.6416171696770823 0.7854899888817102 0.02436508293962447 0.026698855386194254
0 0.6032813559747513 0.7841502026791609 0.02765377404661713 0.031404536104353654
0 0.6443007147750915 0.88471328406125 0.01951389183263199 0.02198408430895533
0 0.6728969407284744 0.8532905672387374 0.02436508293962447 0.026698855386194254
0 0.607363709965768 0.8786769074996211 0.024310519237293705 0.025136355386194253
5 0.7837772884745874 0.045450275280651334 0.029489092558271323 0.03922612646343311
0 0.6447843536124986 0.9433161244203296 0.02452877404661713 0.031386355386194255
0 0.34001992022523636 0.5848597715682182 0.05361607332097771 0.01437157220870695
0 0.6783086378259167 0.7844951154433393 0.024255955534962938 0.023573855386194255
0 0.67566233137998 0.9548576124182769 0.027708337748947896 0.032967036104353295
0 0.6404316040758348 0.4158905611886131 0.024474210344286363 0.029823855386194253
0 0.6083483458079504 0.9740030430382405 0.021294646641955416 0.02824317466803521
0 0.6476761636018145 0.5338411304704539 0.044786710344286364 0.029942030054229286
0 0.715793702624556 0.38107013359371184 0.024310519237293705 0.025136355386194253
0 0.7425769135169964 0.20822298605303988 0.024474210344286186 0.029823855386194253
0 0.8070809346532066 0.6008962993829522 0.05685020072563951 0.01751475292686635
0 0.7829118361893034 0.9604849228213233 0.027817465153609788 0.03609203610435365
0 0.6453944780219355 0.9831644195998696 0.01940476442797028 0.018859084308955686
0 0.38181555062512296 0.5510160366935286 0.04736607332097771 0.014335210772388507
0 0.6751959844757214 0.38208773292978193 0.02452877404661713 0.031386355386194255
0 0.5963616563454203 0.36222975088376275 0.022857146641955418 0.028252265027114642
0 0.15455364617861925 0.554682433939613 0.05830357332097771 0.014398843285945873
0 0.6059301847380246 0.9271325882177803 0.024419646641955416 0.028261355386194252
0 0.7797694449048256 0.7362389017440845 0.02436508293962447 0.026698855386194254
0 0.7915005084375204 0.08760141384433286 0.027599210344286362 0.029842036104353497
0 0.7902802596186469 0.010241045768714995 0.027435519237293704 0.02048209153742999
0 0.7871974435540633 0.16576732046019113 0.027708337748947896 0.03296703610435352
0 0.042748105341779155 0.6647301205115047 0.02861607332097771 0.014226126463433176
0 0.7453447933687288 0.3769911667711991 0.02436508293962447 0.026698855386194254
0 0.7875645205032381 0.26578550117835037 0.024474210344286363 0.029823855386194253
0 0.4638021274894797 0.32549334104645067 0.02603671034428636 0.029832945745273863
0 0.4618056070710598 0.3802035669441497 0.027708337748947896 0.032967036104353475
0 0.37005212748947974 0.3260387625912277 0.05361607332097771 0.01437157220870695
5 0.4644320661494016 0.1645194796101322 0.02798115626060227 0.040779536104353475
0 0.3611160931912436 0.15965069330938697 0.04892857332097762 0.014344301131468163
0 0.7896428864751545 0.21341902528065132 0.024419646641955416 0.028261355386194252
0 0.46402781678237376 0.28720300068737104 0.025982146641955417 0.028270445745273865
0 0.4628497187818067 0.11920697961013219 0.026200401451278842 0.03452044574527387
5 0.6427729311098276 0.8409632840612501 0.024747028855940555 0.037636355386194253
0 0.3659102645127883 0.34169103366846654 0.056741073320977706 0.014389752926866173
2 0.11781007041057083 0.3751721959416656 0.05074902286549077 0.1112102107723885
0 0.3630158990890261 0.19167739812984713 0.04731150961864685 0.012772710772388507
0 0.36595984981466556 0.20885126259122772 0.05049107332097771 0.01435339149054773
0 0.3645312698702659 0.1455654674116879 0.05038194591631599 0.011228391490547773
0 0.46979912322831047 0.11682232299427393 0.024419646641955416 0.028261355386194252
0 0.36483385943331237 0.22136035295030734 0.05049107332097771 0.01435339149054773
0 0.3585094483633867 0.17451262402754622 0.05361607332097771 0.01437157220870704
0 0.36106899708959317 0.35969159992524524 0.05361607332097762 0.01437157220870695
0 0.358975695916316 0.008851262591227732 0.05830357332097771 0.014398843285945855
0 0.38325405425332004 0.6369626270526083 0.05539682813030104 0.02063066256778647
0 0.3237252868301249 0.6552813558771736 0.05049107332097771 0.01435339149054773
0 0.37029022966639796 0.3776103529503073 0.041116073320977706 0.014298849336070063
0 0.36372771641955404 0.27919103366846654 0.056741073320977706 0.014389752926866173
0 0.3603671034428626 0.2948387595661656 0.05685020072563942 0.017514752926866262
0 0.4806870379264332 0.24959846155795545 0.05685020072563951 0.017514752926866262
0 0.48321183720079386 0.23239278083979623 0.05372520072563951 0.01749657220870695
0 0.36305804990733276 0.10337796741168792 0.056795637023308566 0.01595225292686626
0 0.4884201484560539 0.06826664832623888 0.06617063702330857 0.01600679508134395
0 0.6311607530800429 0.2846678322658519 0.0308333377489479 0.032985216822512695
0 0.9220263775742978 0.6478934983496799 0.06310020072563916 0.017551114363184794
0 0.8436657645976062 0.6639775614832006 0.0413343281303014 0.02054884933607006
0 0.9935962656939147 0.5294293237798409 0.012807468612170681 0.014244307181592397