3 0.8868217015702105 0.09037162718739508 0.15567098997087 0.09106402393569457
0 0.26634434633085385 0.5558999354111109 0.03234113855894431 0.038227351823611144
5 0.2972186101209074 0.43478734840513866 0.03243206677218975 0.04135235182361115
5 0.27666573238251574 0.6150749136596179 0.03555706677218975 0.04142508700597229
5 0.3116568463308539 0.5548452752668748 0.03716503087881238 0.04302395459715278
0 0.3363660266556703 0.3830605410344442 0.03399456677218975 0.04138871941479172
5 0.32172817979609103 0.6054265035153816 0.03721049498543509 0.04458645459715278
5 0.3432896280675961 0.43293325446531217 0.03721049498543501 0.04458645459715278
5 0.3230045571387713 0.2731406803771178 0.03564799498543501 0.044550087005972294
5 0.3035200859060126 0.4901469956315969 0.03569345909205772 0.046112587005972115
0 0.6716814010288497 0.38072844272621476 0.035466138558944316 0.038300087005972296
0 0.7691103304957363 0.37064296827742993 0.04488660266556703 0.040080792553055564
5 0.5664031484550602 0.8733543134515273 0.041897994985435005 0.044695557370694416
0 0.5151361651481077 0.8847106939604856 0.041852530878812286 0.043133057370694415
5 0.6065735073888334 0.8567837560808329 0.040335494985435004 0.044659189779513754
0 0.7452014690546805 0.40872484973631884 0.04015363855894449 0.03840918977951393
0 0.9255876510288497 0.3748187091593742 0.051182066772189574 0.04178876291777787
0 0.58745744602692 0.9252434685617704 0.03068771034569906 0.03506598423243048
0 0.26682406795932395 0.49178288402434 0.03243206677218975 0.04135235182361115
0 0.05840381419840024 0.5294686412425347 0.035557066772189706 0.04142508700597229
0 0.965646698204998 0.27381860040190886 0.05077288981258547 0.027726262917777866
0 0.189708953153056 0.7163848001524998 0.06782399749271754 0.023438806420763923
0 0.35179846153283323 0.4835508503049997 0.03234113855894431 0.038227351823611144
0 0.20747076616432203 0.7894586242406942 0.0678239974927175 0.023438806420763923
0 0.33323501497718777 0.3291906586256247 0.03068771034569897 0.03506598423243066
0 0.5384660165600333 0.9342015476839579 0.03872753087881229 0.043060322188333444
0 0.4321321338735838 0.6919796397239233 0.07099446159934023 0.025074041603125076
0 0.1271250704666064 0.4731445996394096 0.03716503087881238 0.04302395459715278
0 0.8568961723407504 0.19035409660218677 0.04488660266556721 0.040080792553055564
0 0.07120900573948075 0.7277424870822221 0.055278533386094855 0.021585365691319323
5 0.28939070440669723 0.7031197743169442 0.07430131802583091 0.031396776785486226
5 0.2661721647523962 0.7380584719802428 0.07577288981258556 0.02830814437666689
0 0.5661206889672911 0.6755707768823953 0.07421038981258565 0.028271776785486223
0 0.8998421902874393 0.18857273784472145 0.04626724623907634 0.033867160144236144
3 0.9760822614473733 0.4172958434680547 0.047835477105253335 0.03415810087368065
0 0.08664980080405811 0.8016521125571874 0.06791492570596289 0.026563806420763926
3 0.362847273290458 0.5677258285535066 0.04391513605166182 0.06035692496187508
0 0.04482235048748897 0.6806681185411111 0.01929556927947218 0.019186411094166723
5 0.061294448138491074 0.763153310220486 0.030323997492717546 0.022565984232430482