0 0.78984375 0.38203125 0.03203125 0.02578125
0 0.33671875 0.4 0.03359375 0.02890625
0 0.628125 0.371875 0.034375 0.028125
0 0.87890625 0.396875 0.034375 0.02578125
0 0.17734375 0.428125 0.02421875 0.0234375
0 0.5015625 0.35234375 0.03203125 0.025
0 0.5421875 0.9546875 0.0140625 0.059375
0 0.4546875 0.890625 0.01328125 0.0578125
0 0.45625 0.9578125 0.01484375 0.0609375
0 0.828125 0.58984375 0.02890625 0.02109375
0 0.64296875 0.95390625 0.01328125 0.06015625
0 0.01171875 0.45546875 0.0234375 0.02265625
0 0.7375 0.47890625 0.0375 0.02109375
0 0.98359375 0.4515625 0.03203125 0.0265625
5 0.72265625 0.32421875 0.03671875 0.0265625
0 0.55703125 0.9515625 0.0125 0.0546875
0 0.78515625 0.61953125 0.02578125 0.021875
5 0.115625 0.36484375 0.0375 0.0296875
0 0.58984375 0.94765625 0.01796875 0.06015625
0 0.6234375 0.94921875 0.0125 0.05078125
0 0.81875 0.33125 0.04140625 0.01953125
0 0.86171875 0.321875 0.03671875 0.040625
0 0.95859375 0.6109375 0.04140625 0.03203125
0 0.78203125 0.21640625 0.015625 0.05546875
0 0.83125 0.0609375 0.03125 0.0609375
0 0.934375 0.06875 0.01484375 0.0609375
0 0.8828125 0.203125 0.01328125 0.04296875
0 0.934375 0.2046875 0.0203125 0.06484375
5 0.90078125 0.2859375 0.025 0.06796875
5 0.66171875 0.58125 0.0265625 0.08046875
0 0.46796875 0.76015625 0.01796875 0.06796875
0 0.6703125 0.75078125 0.0125 0.0421875
0 0.61953125 0.884375 0.01640625 0.06171875
0 0.6375 0.88359375 0.01328125 0.065625
0 0.6609375 0.96171875 0.015625 0.06484375
0 0.60703125 0.95078125 0.01484375 0.06015625
0 0.57421875 0.946875 0.01171875 0.0453125
0 0.5234375 0.953125 0.01484375 0.05859375
0 0.49140625 0.9546875 0.01796875 0.0609375