0 0.5956595531669807 0.1864707651102018 0.022393197240056395 0.030323997492717546
0 0.6642419577933633 0.14933682647211516 0.023982970779006862 0.03193196159934022
0 0.6634782987027538 0.19308682647211514 0.023928423701106104 0.02880696159934022
0 0.6240045158283125 0.03884560735092755 0.023982970779006862 0.03193196159934022
5 0.7669705280097677 0.9295435005287253 0.02718979139585791 0.036710389812585474
0 0.7329743668839728 0.10360913783402854 0.025545470779006863 0.03197742570596289
0 0.7713870669699936 0.8107253043687914 0.023982970779006862 0.0319319615993404
0 0.695340584419864 0.6044502238065481 0.025490923701106106 0.028852425705962758
0 0.76946823661391 0.9653900723154802 0.02384660308425506 0.02411946159934004
0 0.02923216355813168 0.42783784349436704 0.0580852353895034 0.017307171945039102
0 0.6655145369349262 0.4343112200456245 0.05024546185055314 0.015517351411925872
0 0.7731598470017657 0.7091628043687914 0.023955697240056396 0.03036946159934022
0 0.44612974269969463 0.700718784706243 0.023928423701106104 0.02880696159934022
0 0.3473143672943052 0.7699665413701606 0.047120461850553054 0.015426423198680438
0 0.34311206250576676 0.831776219583406 0.05024546185055305 0.015517351411925872
0 0.44597578409555244 0.6648040167595545 0.023928423701106104 0.02880696159934022
0 0.7730410702164046 0.76070257231548 0.023955697240056396 0.03036946159934022
0 0.7715995267919518 0.8880235902621688 0.022365923701106107 0.028761497492717326
0 0.7691018181878096 0.8521770184754139 0.022420470779006864 0.031886497492717325
0 0.46573313068698585 0.7407527513201482 0.05337046185055314 0.01560827962517113
0 0.4447330637235828 0.8702045705996205 0.025545470779006863 0.03197742570596276
0 0.6597910478952702 0.8069447379923129 0.024037517856907442 0.03505696159934004
0 0.6089200689985885 0.7240927855641729 0.050327282467404186 0.02020485141192587
0 0.35022117898270244 0.7823756131569153 0.04706591477265239 0.012301423198680439
0 0.4647064188364327 0.7548379833734595 0.05339773538950343 0.017170779625171127
0 0.341167732960462 0.8536966836900287 0.05649546185055314 0.015699207838416385
0 0.35225305763450276 0.6659693631569154 0.05337046185055305 0.015608279625171306
2 0.10070024026406266 0.6279993163764783 0.04724892126547413 0.11225595909205772
0 0.44542240503671504 0.6070369808661772 0.022420470779006864 0.03188649749271768
0 0.34674162297634803 0.8027790413701605 0.05337046185055305 0.01560827962517095
0 0.5186940840128269 0.4354598460681565 0.05649546185055314 0.015699207838416385
0 0.3444739651035545 0.887958023423472 0.05178068831160267 0.014000315518548235
0 0.3434235284135096 0.6349921477966515 0.05180796185055305 0.01556281551854859
5 0.44707285958366744 0.8256278564929979 0.0256545649348082 0.038227425705962756
0 0.35174454302400615 0.6503670952102267 0.05337046185055305 0.015608279625171306
0 0.34126141599705895 0.9825347375300947 0.05644091477265238 0.012574207838416385
5 0.8029890377457052 0.29756607482276254 0.0567681972400564 0.031324207838416565
0 0.3079941375835494 0.3385179645688411 0.05024546185055305 0.015517351411925872
0 0.01855246956283845 0.34152827045397116 0.0371049391256769 0.01368206677218975
0 0.34777406331654565 0.6988955234234719 0.05337046185055305 0.015608279625171306
0 0.3483371250049429 0.7113727913701606 0.056522735389503434 0.017261707838416563
0 0.3507820608809137 0.6160375593168493 0.040870461850553055 0.015244566772189749
0 0.4657625840161222 0.9180055731069029 0.0597295560063543 0.02204013605166182
0 0.9853145681845141 0.36488029229459745 0.015897735389503252 0.016079641066226814
0 0.9864503741908688 0.3445450602412861 0.01428068831160303 0.012909176959604095