3 0.8645654600914131 0.08478951035173254 0.14775260339082194 0.08677381303532483
3 0.4598541497140589 0.7416541513513011 0.06174232878371626 0.08471134328594587
3 0.06446025889584936 0.8798551507621258 0.10672518899896402 0.04435905405833438
0 0.8927051910703877 0.7047702122453264 0.0705693651776464 0.03946247579950324
0 0.8193362733687607 0.48572529645608603 0.059631865177646404 0.039398843285945874
0 0.6413996720448532 0.3821013684684013 0.037756865177646405 0.03927157825883114
0 0.32267313503175055 0.5846825095661656 0.028017992142117087 0.031404536104353474
0 0.6442676910703878 0.7062155793389857 0.07176799214211708 0.03165906615858276
4 0.6477758347840815 0.6812019438003662 0.10716183664159917 0.05373405405833438
0 0.40983057093034264 0.8262973169441498 0.052037688998963993 0.04404089149054755
0 0.9596914838744588 0.7254685316253632 0.01439213978475209 0.040697722872636885
0 0.8419774449993291 0.7206861037358743 0.07049659057054072 0.03789997579950324
0 0.7144176410276065 0.4074508264121195 0.04080909057054072 0.03772725897699036
5 0.17125822250191922 0.8339335967037915 0.07801799214211713 0.03169542759490156
0 0.7486277053384114 0.7126377752806514 0.06715326674922295 0.03319429508134384
0 0.8973778442945942 0.36967759475888384 0.05345463978475209 0.04092498184962743
0 0.6082616087720149 0.9258968202637995 0.04124573821317572 0.047102258976990184
0 0.24627114681857484 0.6319893016224475 0.028017992142117087 0.031404536104353474
0 0.8341266352366382 0.18493950127654624 0.04876713978475209 0.040897710772388504
0 0.7395289569910413 0.3713769710259252 0.044006865177646404 0.039307939695149674
0 0.16308400351916585 0.8082068888582692 0.07147689371369373 0.02540906615858276
0 0.16583255355743792 0.16227222014216242 0.03633991439185813 0.04238748789975162
0 0.02069541212005577 0.5450443344071513 0.03114299214211715 0.0314227168225127
5 0.17861480418111964 0.8604460997288534 0.07482021753501127 0.030114746876741805
0 0.09340947415454906 0.4930727682485685 0.032996590570540586 0.0376818071815924
0 0.877313709057956 0.18000201640185676 0.046913541356328636 0.034638620413308896
5 0.04282285339533136 0.8581119609687804 0.06686216832079958 0.026944295081344195
0 0.0397000074481073 0.8245454820460193 0.06835189371369371 0.025390885440423717
5 0.8050789125343405 0.6912213175333248 0.08321491439185813 0.042660198672140125
3 0.9508089052956302 0.4131048870115574 0.049892992142117266 0.03153180113146803
0 0.32198608436979675 0.5323569402843249 0.04280823821317572 0.047111349336070064