0 0.5273318875802541 0.10301598207825871 0.03185001785690744 0.03619510523343701
0 0.5893449180190633 0.026674018980548823 0.02869774431795715 0.034450594710093284
0 0.6050711038950339 0.12116747162550219 0.03190456493480802 0.03932010523343701
0 0.5089483060063544 0.003912289709593961 0.02557274431795715 0.007824579419187922
0 0.6891571465054126 0.5925349664344175 0.023901150162155816 0.02792757892507769
0 0.5654631331160271 0.09219260316729841 0.02869774431795715 0.034450594710093284
0 0.5416926221589786 0.001071863408293433 0.030260244317957152 0.002143726816586866
0 0.6701211797868908 0.26362101115862824 0.04281479139585791 0.03839464206513989
0 0.690145533278183 0.11152018486438639 0.031822744317957154 0.03463260523343701
0 0.7242764403369023 0.543566845415965 0.028670470779006862 0.03288809471009326
0 0.3636780852240523 0.44960880296965433 0.053506829545304765 0.02496917889684287
0 0.5849218396882792 0.44532530844308765 0.028615923701106105 0.029763094710093262
0 0.7561229094943513 0.3070987243975124 0.05375229139585791 0.03903167889684287
0 0.6868718977232285 0.5512197216960893 0.025600017856907444 0.03583108418674961
0 0.7442634322192274 0.6581452849067386 0.0334670649348082 0.039411110495108835
0 0.27169513676617985 0.4666968634082934 0.06137387662320544 0.0285492052052021
0 0.31473602475347107 0.42352371608148165 0.06134660308425506 0.026986705205202098
0 0.8316776574624611 0.6929382428839511 0.03182274431795733 0.03463260523343692
0 0.6628067008869138 0.8302470690370185 0.025490923701106106 0.029581084186749606
0 0.6106973611986346 0.3538889663638304 0.03034206493480802 0.03922909997176518
0 0.5684007670428333 0.35009610842897027 0.028670470779006862 0.03288809471009326
0 0.8502657905784883 0.8169826876363967 0.023846603084255236 0.024802578925077867
0 0.4037805284036238 0.7757316872128737 0.04561250892845372 0.01982665258848364
0 0.8198401306771 0.6420127797156541 0.025545470779006506 0.032706084186749605
0 0.2877956493480816 0.3586190528990672 0.05663182954530477 0.025151189420186525
0 0.8364293871699218 0.7411482297297715 0.025545470779006506 0.032706084186749605
0 0.4884537629823482 0.6534933951900861 0.025545470779006863 0.032706084186749605
0 0.7682406745085897 0.5980954507199892 0.030342064934808198 0.03922909997176518
0 0.6572077171222636 0.5990880742986905 0.03185001785690744 0.03619510523343692
1 0.9025439419617556 0.31733973243119457 0.1321227532464107 0.05764444198043535
0 0.7602275771063776 0.5422549743975125 0.028725017856907443 0.036013094710093264
0 0.407945877023652 0.790347924058694 0.04876478246740401 0.021571163111827295
5 0.7346196509696394 0.5984895638459339 0.03988070616851012 0.04915013154179633
0 0.6683827706929859 0.7016670427286593 0.028670470779006862 0.03288809471009326
5 0.6835089387120492 0.7617854953736127 0.03346706493480802 0.039411110495108835
0 0.5923001428552599 0.2407820216113848 0.03659206493480802 0.03959312101845249
0 0.550266601459402 0.20725616104568875 0.03346706493480802 0.039411110495108835
0 0.8541271761301475 0.858988177113053 0.03511138555165907 0.04418961575678075
0 0.8695982175260053 0.8940611271271705 0.03807274431795733 0.03499662628012423
2 0.13694581006024892 0.6770945790662521 0.0660534683433748 0.11779371572854594
0 0.5498624159838779 0.9009529531390635 0.06759660308425505 0.02735072625188941
0 0.4245896805943744 0.8926083740728114 0.05506932954530477 0.02506018415851443
0 0.4223453421206159 0.8536368793344833 0.051917056006354476 0.023315673635170953
0 0.4142328331921622 0.8369044056428425 0.05813978246740401 0.02211719468185862
0 0.4170714610331836 0.8203161451194989 0.05813978246740401 0.022117194681858264
0 0.41289247564368015 0.8049186582736784 0.05816705600635448 0.02367969468185862
0 0.5240169362764172 0.8539715373258131 0.030342064934808198 0.03922909997176518
0 0.4749582788106608 0.5971901872834608 0.03182274431795697 0.03463260523343692
0 0.38466056127806486 0.621218492460428 0.03936250892845372 0.019462631541796328
0 0.3810679569759938 0.6394147556146077 0.05501478246740401 0.021935184158514788
0 0.38919410267392274 0.6569284793062484 0.0518897824674041 0.02175317363517095
0 0.3918105880634261 0.6724169714137407 0.05501478246740401 0.021935184158514788
0 0.3923969691508584 0.7060107214137407 0.051917056006354476 0.023315673635170953
0 0.396507770692986 0.717501958259561 0.0518897824674041 0.02175317363517095
0 0.4937821911476812 0.6899391294050705 0.031795470779006865 0.03307010523343692
0 0.5209583457740639 0.7235482899566491 0.04881932954530477 0.024696163111827298
0 0.5211901708551417 0.736829539956649 0.04405000892845372 0.0197356473268119
5 0.5177708904163326 0.8097588057416646 0.030396612012708955 0.04235409997176518