3 0.8454220426276251 0.08622390346962513 0.07209408525525021 0.12534699247815262
0 0.5713802708037565 0.5728072949980703 0.029271420171816588 0.02269335391920819
0 0.29758200192056394 0.7068112558059878 0.032635437584671044 0.05711381802583091
5 0.6657068029159321 0.5716516234487425 0.04061835594746519 0.03082410266556703
0 0.8762038896415205 0.5247324740027386 0.0356851944820761 0.02600021034569906
0 0.6012437539567289 0.33887857587688275 0.03601274310259513 0.03225021034569897
0 0.6216403838757694 0.14757762595602503 0.032799211894930555 0.060238818025830955
0 0.2880953007682256 0.2876437186589692 0.02983798620519007 0.06327288981258557
0 0.31505062641253756 0.3703341982049981 0.026958647670579337 0.06786946159934022
5 0.1990693430571665 0.12202106716790113 0.03698874491161734 0.0806422462390763
0 0.29788853912112223 0.6233538981258558 0.03543288896415202 0.050954746239076344
0 0.12909203075337924 0.8259380258642475 0.03576043758467105 0.05720474623907634
0 0.510409550541083 0.7192443743066723 0.0388101944820761 0.026091138558944314
0 0.15115962403768837 0.5176768964765032 0.040864017412854545 0.035511602665567035
0 0.5906570567611193 0.24106320150370336 0.034777791723113974 0.03845474623907634
0 0.6201983876053557 0.8940518091838353 0.035767081637205676 0.02756271034569906
0 0.5585782191310198 0.26899197321131574 0.036258404567984216 0.03693771034569906
0 0.29356064450276065 0.8533452750063176 0.02087242198083885 0.07081260517284953
0 0.4337164964934971 0.5656814536152744 0.03905585594746519 0.030778638558944315
0 0.0805948185197644 0.5405855475718597 0.04555151741285455 0.03564799498543501
0 0.23716123755992716 0.9679329607414104 0.020381099050060313 0.06143760517284953
0 0.2988799875599272 0.9667706201832906 0.02095430913596861 0.06645875963341866
0 0.749359270126388 0.1286721647523962 0.03831222749876275 0.04635817445232169
0 0.19221839325956522 0.6015578029821362 0.033051517412854545 0.035284282132453625
3 0.2332406201925011 0.8484699069013445 0.033202003618044616 0.09769335391920819
0 0.2655142938708206 0.3181890250063176 0.030165534825709096 0.06952288981258556
5 0.04442494515944457 0.4755683013327835 0.04102779172311405 0.03863660266556703
0 0.23539634667521114 0.21980534930035472 0.031236711894930557 0.060193353919208194
3 0.267066743552821 0.9134189569804867 0.032867810944990875 0.12108538981258547
3 0.23483642469437233 0.1495837775136001 0.05754026232447185 0.1155628155185485
0 0.5805018017842783 0.9701225641984003 0.03272396879233561 0.029034282132453626
0 0.347535493552821 0.9157603584715549 0.02070864767057934 0.06768760517284918
0 0.45797834859577513 0.9244343279884539 0.029019114653892685 0.04764788981258548
0 0.7438185990500603 0.08248748653915086 0.03576043758467105 0.0572047462390763
0 0.55015048620519 0.07841243731793839 0.03576043758467105 0.0572047462390763
0 0.5902498637493814 0.039796218196750784 0.021124727498762753 0.04585806927947217