3 0.8096013194075283 0.8233082554503127 0.1581314774824662 0.07990677068745385
3 0.44063247147471163 0.8956345047342242 0.07113212523071262 0.08670111600890848
3 0.4140615885289763 0.4684447487269063 0.0483559592838688 0.07238407733927232
3 0.6591192604927999 0.7558833034293138 0.10300388648947952 0.048038605346908625
3 0.9285093244924323 0.20000766279435775 0.1233559592838688 0.07325678134945379
5 0.35623979411221723 0.504518061386043 0.03415375693983034 0.04567612667090888
0 0.936143746917681 0.31268038546303945 0.047815738741233106 0.03958975867281787
5 0.18938056601144235 0.38764709269572595 0.03375323874123302 0.039426126670908876
0 0.2417279087024718 0.5712050273710891 0.03375323874123302 0.039426126670908876
0 0.5014335757290498 0.5812634694064057 0.04302810919158375 0.03797271467218159
5 0.2827381446659276 0.29725899737427086 0.03687823874123301 0.039462489337999784
0 0.08078470697674214 0.7890272320178173 0.06848918414544117 0.02109429734245403
0 0.4876304079272794 0.015837916732951495 0.02786418414544123 0.020621582670272566
0 0.45841806755260184 0.23988394406426977 0.0319904796419344 0.036282945337363426
0 0.6497079942967874 0.4391316080919503 0.0366779796419344 0.03633748933799978
0 0.5320126611664818 0.07968278807286029 0.0353157387412331 0.03944430800445433
0 0.29971968384089936 0.5202788740451798 0.031890350092285046 0.034720445337363515
0 0.4456734454042081 0.02394986139399721 0.0319904796419344 0.036282945337363454
0 0.31676508636950795 0.42509364337999783 0.030327850092285048 0.03470226400381797
5 0.40634231878921956 0.6255032707272246 0.04010336829088228 0.04106135200509069
0 0.01536327267441746 0.4434778273392725 0.02856509099298642 0.03155908267027243
0 0.3627961705795476 0.8048180533895428 0.06536418414544114 0.0210579346753633
0 0.4021020951642648 0.9600782653962245 0.040203497840531635 0.04262385200509087
5 0.34030180444813357 0.8874305587205431 0.04372901603912895 0.04891021467218124
0 0.7450007078995928 0.4527497601049951 0.0413654796419344 0.036392033338636054
0 0.35368438156145937 0.947005553389543 0.03677810919158375 0.03789998933799978
0 0.7110169316814311 0.4828457927673136 0.039903109191583755 0.03793635200509069
0 0.30291693014027155 0.628990802713225 0.046153109191583754 0.03800907733927232
5 0.3219790083333315 0.7097413633831795 0.06364099784053164 0.04289657200827222
0 0.09823513186600116 0.4069141660168628 0.0319904796419344 0.036282945337363516
0 0.649354234274638 0.7862611467615865 0.05961483189368764 0.028797709341181487
0 0.36073661552233044 0.9945692546944531 0.030488536397194642 0.010861490611093672
3 0.022363046733110892 0.7567863493395907 0.044726093466221785 0.03232269867918127
0 0.9213596422019176 0.7995900394652666 0.02221496144333699 0.02992385733609062
0 0.5676629457179752 0.7556009454169053 0.07690246144333698 0.03056020401018138
5 0.599786228414542 0.8521401380887687 0.07680233189368764 0.02899770401018138
5 0.2537611320228847 0.7738396787078162 0.07816457279438911 0.02589088534372692
5 0.9781402822351414 0.2795502594684483 0.01127746144333699 0.029796588001272717
2 0.061795786554078094 0.729888042011454 0.12359157310815619 0.050401084022908015
5 0.009851357188998894 0.588608514003818 0.01970271437799779 0.036592028007635946
5 0.3880581839977829 0.886422589393679 0.04246690468807692 0.053579533338636055
0 0.9025409885935748 0.8736451574633577 0.039302331893687634 0.028561352005090867
5 0.8547462338132128 0.9606542614576308 0.07165375693983052 0.04611247867599957
0 0.5479407310354356 0.7217526567472691 0.07357720234403846 0.027398841343090473
5 0.26682564312476814 0.44796752204008905 0.03687823874123301 0.039462489337999784