3 0.33836606128795077 0.7864243423581648 0.11295574188232518 0.12014535672980173
0 0.6971072305215348 0.271381685210621 0.04300570616851011 0.04859400889724856
0 0.8352195162386449 0.6779606545645426 0.06622501785690744 0.037049013840164416
3 0.032734633523064285 0.12909990958182058 0.06546926704612857 0.06680018083635883
0 0.43438371916074436 0.697416239088404 0.04127956493480802 0.039155341901054186
5 0.6171958137202875 0.37690878502034064 0.04130683847375849 0.04071784190105419
0 0.501787227682161 0.5033996422444339 0.03656479139585791 0.037401840912470875
0 0.3916604310112974 0.6851045814837498 0.04130683847375849 0.04071784190105419
0 0.6620173900191814 0.40318744213070323 0.04133411201270896 0.04228034190105419
0 0.5096366838506711 0.4562381407615592 0.038209112012708955 0.04215300790866543
0 0.4267793194023303 0.41745682505795917 0.041361385551659066 0.04384284190105418
5 0.4811241258157219 0.5690392296968639 0.044568206168510115 0.04865767589344294
5 0.4598724630716643 0.4894936511416826 0.04451365909060954 0.04553267589344294
0 0.7203965004070371 0.14474093076199673 0.03670115909060954 0.04521434091247101
0 0.5922701314977646 0.5972995394689649 0.047638659090609534 0.0456600098858317
0 0.8554924748394918 0.23213881859498747 0.07231137662320535 0.027928681824942014
0 0.9509549793037188 0.21966138182712963 0.05194432954530477 0.02397601087441492
0 0.6313630482957168 0.01836472699685067 0.038318206168510116 0.03672945399370134
0 0.5300134135581317 0.4070048033091293 0.03820911201270878 0.04215300790866543
0 0.17249737378712693 0.6729560444490618 0.04755683847375849 0.0409725098858317
0 0.4770247812528834 0.4013569811797386 0.042951159090609536 0.045469008897248565
0 0.3984924525183575 0.2936983314837498 0.0865920649348082 0.04100168479069151
0 0.7144755572241704 0.006896009848650697 0.03667388555165907 0.013792019697301395
3 0.41454455195246 0.6264007435370283 0.06202844155801372 0.06498301285158128
0 0.3987541363690287 0.7706919130046807 0.04769320616851021 0.0487850098858317
0 0.2723957824706994 0.45107177418310673 0.051917056006354476 0.02241351087441501
5 0.43702925243892726 0.5458537390884041 0.04451365909060954 0.04553267589344294
0 0.45811727394928264 0.6347743176435854 0.04133411201270896 0.04228034190105419
5 0.9792132037394687 0.792320290420367 0.013263659090609536 0.04425933596955502
3 0.3993207467568844 0.5146010804951666 0.09091710064862309 0.10987901878308044
0 0.1357143940796664 0.7228578853615328 0.06013865909060954 0.0461693458553869
5 0.08513946997152319 0.5789288132321422 0.05704093262955985 0.04760451186299815
5 0.015535676543775193 0.4757666625475701 0.031071353087550387 0.039091674904859805
3 0.5917357122575901 0.13593095794803403 0.08573867694751698 0.08156301779449712
0 0.8432357568998589 0.0398067385569314 0.058603432629560005 0.04766817885919248
5 0.9556988007313485 0.08206588133283801 0.023846603084255236 0.024392504942915873