0 0.3659071791086044 0.16078484432107606 0.02672909997176509 0.030269381458888932
0 0.3955722923051363 0.20066430870187468 0.02360409997176518 0.030196646276527784
0 0.24847342427045555 0.6097873484051387 0.023513094710093264 0.028634146276527873
0 0.40546947902389974 0.07092225731510382 0.023422089448421345 0.027071646276527785
0 0.24427177168197192 0.6551362159963192 0.021950594710093262 0.028597778685347207
0 0.21095103746698748 0.6512306192067012 0.023513094710093264 0.028634146276527873
0 0.3988407764495336 0.13115124249746493 0.02507559471009326 0.028670513867708358
0 0.36751809783503936 0.48140581563572893 0.026638094710093263 0.028706881458888844
0 0.3286956054451985 0.18349629891822888 0.028564615756780754 0.034993249050069467
0 0.23915236120098055 0.7028470173830901 0.023513094710093264 0.028634146276527873
0 0.13320067988506326 0.9815006538759722 0.026638094710093263 0.0287068814588892
0 0.23335811653323954 0.7755396349742706 0.025257605233437008 0.03179551386770836
0 0.33070355339317736 0.7919984767298954 0.02360409997176518 0.03019664627652787
0 0.14799746920642778 0.8212171173068402 0.02682010523343701 0.0318318814588892
0 0.6529543398719444 0.40298464922322863 0.053853042093374805 0.013736498100138838
0 0.32971426094686673 0.4339138730064233 0.02829159997176518 0.030305749050069507
0 0.2061094319512018 0.3860783978920484 0.05145608418674961 0.026163762917777868
0 0.08967308987194444 0.41609516584381934 0.0540350526167185 0.016861498100139018
0 0.4688490245245694 0.8714833421368745 0.02682010523343692 0.0318318814588892
0 0.4986833398013573 0.33245720972805515 0.048331084186749605 0.026091027735416716
0 0.35769358973077015 0.26162064570784693 0.027002115756780666 0.034956881458888846
0 0.1608530559534261 0.7210534631465275 0.021950594710093262 0.028597778685347207
0 0.20395060857014463 0.7044465381846525 0.02369510523343692 0.03175914627652787
0 0.3666190816265008 0.041399064685798306 0.027457142065139894 0.04276938145888891
5 0.14099006405769537 0.9415296173068401 0.027093121018452536 0.0365193814588892
5 0.3849239476656302 0.30311716147541634 0.025257605233437008 0.03179551386770836
0 0.5825313639024036 0.7681927283454162 0.047603042093374806 0.013591027735416716
0 0.2188769295321274 0.6089158326375692 0.018825594710093263 0.028525043502986236
0 0.14036770875367124 0.8986336024892012 0.023513094710093264 0.028634146276527873
0 0.49262597169608935 0.6641793352030204 0.02507559471009326 0.028670513867708358
0 0.49898165848543996 0.6086378500206593 0.02682010523343692 0.03183188145888884
0 0.3935507058404866 0.597048346220937 0.018370568401734032 0.020712543502986236
0 0.15114558503379563 0.8609335807377082 0.020570105233437008 0.03168641109416655
0 0.15081863231825507 0.7727796173068401 0.02682010523343701 0.03183188145888884
0 0.5819706508046937 0.831401243163055 0.053853042093374805 0.013736498100139017
0 0.6648620766471777 0.3324903112673258 0.053853042093374805 0.013736498100138928
0 0.4662917138741688 0.7412509814795482 0.055415542093374806 0.013772865691319502
0 0.5790199560522481 0.8150859121410065 0.053853042093374805 0.013736498100139017
0 0.46698966388828617 0.7560583638883676 0.047603042093374806 0.013591027735416716
0 0.40938270527578935 0.008617106431093582 0.020297089448421346 0.017234212862187164
0 0.5878474664344175 0.6635234121410065 0.0569780420933748 0.01380923328249999
0 0.5761455850337956 0.8510415959365968 0.0601030420933748 0.01388196846486096
0 0.570972966646179 0.8862705811189577 0.053853042093374805 0.013736498100139017
0 0.4881891006776368 0.7001713865897912 0.023331084186749607 0.025509146276527873
2 0.8449921084995573 0.6154079947785757 0.05324536831702957 0.11046602773541672
0 0.5670296483150322 0.9807654635277773 0.058358531570031145 0.010720600873680652
0 0.5990880742986904 0.631273956593923 0.0507280420933748 0.013663762917777688
5 0.2871388950489117 0.32099695212861085 0.04124662628012441 0.03840918977951393
0 0.5802408218090289 0.7807290959365967 0.05072804209337463 0.013663762917777867
0 0.33103050610871787 0.8801524401607637 0.02360409997176518 0.03019664627652787
0 0.9570040740163417 0.32647082171656167 0.04613154735504672 0.015117160144236141
0 0.44640560615107017 0.9219379370266314 0.06028505261671846 0.01700696846486096
5 0.47305067711305304 0.826134474545694 0.027275131541796328 0.03964438145888884
0 0.5927547743128079 0.646244993163055 0.05706904735504672 0.015371733282499989
0 0.5844193585701446 0.695591029732187 0.053853042093374805 0.013736498100139017
0 0.589023558584262 0.710307493163055 0.06184755261671846 0.017043336056041625
0 0.5900693900695886 0.6119790959365967 0.0429155420933748 0.01348192496187508