0 0.0828125 0.29140625 0.0421875 0.0328125
0 0.7234375 0.7671875 0.021875 0.08671875
0 0.72265625 0.94140625 0.0234375 0.08671875
0 0.2328125 0.178125 0.0515625 0.0390625
0 0.0078125 0.0578125 0.015625 0.0375
0 0.01953125 0.0109375 0.0390625 0.021875
0 0.08203125 0.009375 0.0515625 0.01875
5 0.03984375 0.2171875 0.05546875 0.0390625
0 0.33125 0.18515625 0.03984375 0.034375
0 0.39296875 0.18125 0.04453125 0.03125
0 0.33515625 0.07109375 0.05 0.04140625
0 0.6828125 0.13515625 0.0375 0.03203125
0 0.671875 0.0703125 0.046875 0.03515625
0 0.90390625 0.26484375 0.04296875 0.03671875
0 0.8375 0.36328125 0.05078125 0.034375
0 0.95390625 0.01328125 0.03515625 0.0265625
0 0.90078125 0.0109375 0.05 0.021875
0 0.69296875 0.78515625 0.025 0.0953125