0 0.78515625 0.7171875 0.021875 0.0828125
0 0.240625 0.20703125 0.03828125 0.034375
0 0.60703125 0.61484375 0.0265625 0.075
0 0.69921875 0.61484375 0.02265625 0.078125
0 0.83359375 0.4 0.0375 0.0875
0 0.7875 0.60390625 0.0234375 0.09375
0 0.390625 0.19296875 0.04609375 0.040625
0 0.46875 0.37421875 0.04765625 0.040625
0 0.3265625 0.06953125 0.04609375 0.046875
0 0.33671875 0.15390625 0.0453125 0.08515625
0 0.21875 0.025 0.04296875 0.040625
0 0.14921875 0.01875 0.03984375 0.034375
0 0.07890625 0.01875 0.05234375 0.0375
0 0.0203125 0.0265625 0.03984375 0.04296875