3 0.2125 0.88359375 0.06484375 0.15
3 0.1109375 0.5265625 0.078125 0.06015625
3 0.840625 0.93046875 0.0609375 0.1328125
3 0.26796875 0.725 0.03984375 0.09765625
3 0.6921875 0.49765625 0.06328125 0.0390625
0 0.41875 0.2859375 0.0359375 0.0265625
0 0.5015625 0.24921875 0.03125 0.0265625
5 0.39375 0.24140625 0.0375 0.02734375
0 0.53828125 0.33828125 0.03359375 0.0265625
5 0.415625 0.40859375 0.03984375 0.034375
2 0.77109375 0.4453125 0.134375 0.0453125
0 0.8265625 0.315625 0.03046875 0.0265625
0 0.11875 0.1375 0.02734375 0.05703125
5 0.1125 0.42734375 0.04609375 0.0375
5 0.2640625 0.3640625 0.03203125 0.0609375
5 0.4734375 0.29375 0.034375 0.03046875
0 0.471875 0.33515625 0.03359375 0.02734375
0 0.0546875 0.446875 0.0359375 0.03203125
0 0.584375 0.67421875 0.03203125 0.028125
0 0.04765625 0.4984375 0.04140625 0.034375
0 0.5421875 0.740625 0.03359375 0.0359375
0 0.19375 0.46875 0.015625 0.06796875
3 0.67265625 0.25546875 0.040625 0.02734375
0 0.575 0.77109375 0.03359375 0.040625
5 0.53125 0.29375 0.040625 0.0296875
0 0.23671875 0.71953125 0.0234375 0.06015625
0 0.2109375 0.278125 0.0171875 0.06953125
0 0.246875 0.20390625 0.0203125 0.0734375
0 0.0109375 0.459375 0.0203125 0.03203125
5 0.24453125 0.00859375 0.0203125 0.0171875
0 0.7328125 0.93828125 0.03671875 0.0421875
5 0.95703125 0.50546875 0.0390625 0.02890625
0 0.13359375 0.628125 0.03359375 0.05546875
0 0.5671875 0.11953125 0.0359375 0.02890625
5 0.1171875 0.47265625 0.0484375 0.0390625
0 0.296875 0.6234375 0.02265625 0.08515625
0 0.26015625 0.63359375 0.02421875 0.07421875
0 0.8578125 0.2734375 0.04609375 0.0328125
0 0.15703125 0.00859375 0.01640625 0.0171875
0 0.1734375 0.98359375 0.01875 0.0328125
0 0.24921875 0.9875 0.03671875 0.02421875
0 0.12109375 0.8703125 0.03359375 0.0640625
0 0.359375 0.36875 0.03828125 0.0421875
5 0.76171875 0.9890625 0.0234375 0.021875
0 0.5203125 0.04296875 0.040625 0.03203125