0 0.37710322485707454 0.3988952299731842 0.026036710344286184 0.03143567029858776
0 0.5698661991659949 0.9850980328133406 0.02765377404661713 0.029803934373318696
0 0.3045338319281342 0.7756983945717888 0.02765377404661713 0.0331074309422494
0 0.7550770128683257 0.9935794812721293 0.02436508293962447 0.0128410374557415
5 0.448085358252186 0.33371798022528576 0.02765377404661713 0.03310743094224957
0 0.41974210344286256 0.32550128863937455 0.024474210344286363 0.031326409654926037
0 0.7794867358264838 0.9967700012605079 0.024419646641955416 0.006459997478984292
0 0.23756956513791122 0.911297404963349 0.027599210344286272 0.03154493094224975
0 0.34627732159169716 0.319584788387273 0.027599210344286272 0.031544930942249486
0 0.5810839521612199 0.9509051162471 0.02609127404661713 0.03299817029858758
0 0.4610094549868086 0.2574668366619032 0.024419646641955416 0.029763909654926035
0 0.3329365626060225 0.428539171306994 0.02765377404661713 0.0331074309422494
0 0.4719717476377473 0.1919893021330279 0.027762901451278844 0.03623243094224948
0 0.4805729321213179 0.14816824631682918 0.02765377404661713 0.03310743094224948
0 0.6719222285700897 0.8294450155104658 0.022748019237293703 0.02652964901126431
0 0.45547870680090724 0.29994391376542534 0.022748019237293703 0.02652964901126431
0 0.647539787463097 0.8230639755337087 0.022638891832631992 0.023404649011263955
0 0.7133706625055061 0.9878349027436112 0.02436508293962447 0.02433019451277758
0 0.4069816978152326 0.40643993220275726 0.024419646641955416 0.029763909654925945
0 0.8266767051564446 0.9314495479456539 0.02441964664195524 0.029763909654926125
0 0.6025993096956157 0.8082312971893494 0.022693455534962936 0.02496714901126431
0 0.8053919821982867 0.9245057792562207 0.02598214664195524 0.029873170298587583
0 0.4437897278522994 0.3669293179724697 0.02280258293962447 0.028092149011264313
0 0.7066097418169336 0.9300677283837004 0.02754464664195542 0.029982430942249394
0 0.6270908782072699 0.8177373371661062 0.022638891832631992 0.023404649011264312
0 0.6413022003471213 0.9122521616717384 0.022748019237293703 0.02652964901126431
0 0.8168577610542271 0.9627159734400219 0.02598214664195524 0.029873170298587583
0 0.6968155903656548 0.8950917948435609 0.02754464664195542 0.029982430942249748
0 0.402725695916316 0.03907211574289677 0.02732639183263199 0.023732430942249493
0 0.8518676781146027 0.9386664682442418 0.02441964664195524 0.029763909654926125
0 0.6062352303841883 0.8677155578330111 0.02441964664195524 0.029763909654926125
0 0.958182165500731 0.9702603116914089 0.02441964664195524 0.029763909654926125
0 0.6139162995288145 0.9917604371464357 0.024419646641955416 0.016479125707128617
0 0.6314534851935116 0.8757137281315988 0.02280258293962447 0.028092149011263955
0 0.4618725836574148 0.5053580334435945 0.027599210344286362 0.03154493094224957
0 0.4344891389222251 0.41303949346683755 0.024419646641955416 0.029763909654926125
0 0.30201892322046126 0.569776176502774 0.02765377404661713 0.0331074309422494
0 0.5220585384745874 0.08638379433935776 0.02765377404661713 0.03310743094224948
0 0.5126017591553107 0.5743701133971083 0.03837301923729371 0.027622255447881727
0 0.41563744600113395 0.3641813763865585 0.02452877404661713 0.03288890965492604
0 0.5669916811098276 0.8821169114196369 0.022748019237293703 0.02652964901126431
0 0.6649579551564446 0.9201410713266645 0.022638891832631992 0.023404649011264312
0 0.5812054593327959 0.798162528499916 0.022748019237293703 0.02652964901126431
0 0.3454092476377473 0.18313918999642737 0.02765377404661713 0.03310743094224948
0 0.6519023944493387 0.8810403664992015 0.024419646641955416 0.029763909654926125
0 0.8215601300213684 0.8741997766583307 0.024310519237293705 0.026638909654926123
0 0.594221358421822 0.9887338081235498 0.024419646641955416 0.022532383752900387
0 0.5956895999843015 0.9004898530055481 0.022693455534962936 0.02496714901126431
0 0.9149133151379113 0.9586618939907112 0.024310519237293705 0.026638909654926123
0 0.7409202544308053 0.9083073428660894 0.02280258293962447 0.028092149011264313
0 0.7991816769334763 0.9997419999615627 0.027544646641955595 0.0005160000768746897
0 0.48543414626343734 0.9122635973055647 0.04758432813030104 0.023590319309852247
0 0.38158236061443873 0.17008181512247816 0.02765377404661713 0.03310743094224948
0 0.8845636162263704 0.9822579311174765 0.02280258293962447 0.028092149011264313
0 0.649571057333363 0.9705017042463855 0.025982146641955417 0.029873170298587583
0 0.6716097484403555 0.9767188532576497 0.024419646641955416 0.029763909654926125
0 0.6905234395473481 0.9827174809815904 0.022748019237293703 0.02652964901126431
0 0.7743428788402421 0.9503909360611551 0.025982146641955417 0.029873170298587583
0 0.46401550324967894 0.968437187650639 0.049146828130301044 0.023699579953513704
0 0.9491444713985135 0.9932950760182415 0.027544646641955238 0.013409847963517052
0 0.42658981496827525 0.2761022221795141 0.02765377404661713 0.03310743094224957
0 0.4966246174074967 0.8756376824548587 0.04273313702330857 0.01857503737886681
0 0.9408855380960691 0.9659334446111298 0.02441964664195524 0.029763909654926125
5 0.2571305530721937 0.7349752055837676 0.027708337748947987 0.03466993094224939
0 0.8609078614170469 0.9743690214625504 0.02280258293962447 0.028092149011264313
0 0.6055209569705433 0.9588486562238568 0.02603671034428636 0.031435670298587584
0 0.4865601366447905 0.8998728579492266 0.04602182813030105 0.02348105866619008
0 0.9295189629609929 0.9082466307491593 0.02409226442797028 0.020388909654926124
0 0.6251340525240395 0.9625581642696284 0.02280258293962447 0.028092149011264313
0 0.5063889978073833 0.8428087569604908 0.04278770072563951 0.02013753737886681
0 0.6861608325611064 0.9247410900160979 0.024419646641955416 0.029763909654926125
0 0.9050670891845283 0.9887223724897234 0.02263889183263217 0.022555255020553132
0 0.7597520999843016 0.9119622205900303 0.025982146641955417 0.029873170298587583
0 0.5028646937236994 0.8534731053513365 0.04435020072563933 0.02024679802252862
0 0.5141097285700896 0.8184096905006305 0.04596726442797028 0.021918558666190434
0 0.04191474772256531 0.48612317029858776 0.05076389183263198 0.025371340597175517
0 0.5576861137792997 0.7941798688449899 0.02754464664195542 0.02998243094224957
0 0.8266246306543407 0.9925850638235332 0.04602182813030105 0.014829872352933648
0 0.5183334371002773 0.8054562224316157 0.04591270072563951 0.02035605866619008
0 0.7963542880960693 0.9558268350724193 0.02280258293962447 0.028092149011264313
0 0.6797024683184706 0.6951628506597596 0.050709328130301046 0.02380884059717552
0 0.5001489214911807 0.8649733340640132 0.04596726442797028 0.02191855866619008
0 0.5098041744864056 0.8290194085696452 0.04273313702330857 0.01857503737886681
0 0.47494307956588155 0.9466003924781019 0.049146828130301044 0.023699579953513704
0 0.8000075338349 0.7479979095780515 0.0507093281303014 0.02380884059717552
0 0.635228304338138 0.995595631330237 0.025982146641955417 0.008808737339526118
1 0.3442659984403555 0.9538287484105161 0.042862111795565115 0.06690327673520499
0 0.6192907910912941 0.9068162626604741 0.021130955534962935 0.0248578883676025
0 0.7133879875557643 0.722457324176656 0.04602182813030105 0.02348105866619026
0 0.4961657049868086 0.2599252011442922 0.02765377404661713 0.03310743094224948
0 0.7318007147750916 0.9372846486822881 0.022748019237293703 0.02652964901126431
0 0.4915105314726473 0.8854115202020427 0.04591270072563951 0.020356058666190436
0 0.7337650080590024 0.9893263469274125 0.024419646641955416 0.021347306145175084
0 0.7172917814726473 0.9011996832111635 0.024419646641955416 0.029763909654926125
0 0.7612153631463274 0.6860552844520006 0.049146828130301044 0.023699579953513704
0 0.7514956558820841 0.94333790672806 0.022748019237293703 0.02652964901126431
0 0.9853001930907272 0.7648515458519671 0.025545637023308386 0.01737317029858776
0 0.6587749317427998 0.998813466479531 0.022748019237293703 0.0023730670409381816
0 0.9287774076961826 0.9926668273171864 0.022748019237293703 0.014666345365627364
0 0.9706126997141491 0.8129230590935187 0.04122520072563951 0.020028276735205
0 0.9696355314726472 0.9188452771625336 0.013209328130301045 0.02118658514929379
0 0.6916444515282476 0.8362795235562374 0.01951389183263199 0.02318612772394104
0 0.8868676714911807 0.8920153433702925 0.022529764427970278 0.020279649011264313
0 0.8738518055192642 0.943321117255506 0.027544646641955238 0.029982430942249394
0 0.7848885092401287 0.9176166408886178 0.025982146641955417 0.029873170298587583
0 0.8404589521612198 0.969042383094948 0.022748019237293703 0.02652964901126431
0 0.9097967400028351 0.9014121227033878 0.022529764427970278 0.020279649011264313
0 0.04047873329459504 0.4673185399767569 0.04920139183263199 0.025262079953513705
0 0.10662208846673815 0.4867512370105498 0.05227182813030114 0.02391810124083733
0 0.46213554471949114 0.9815545466851463 0.04602182813030105 0.023481058666190435
0 0.8429266985330226 0.8834872953477639 0.028725200725639156 0.019154191585911206
0 0.8688170759376845 0.8884150959681826 0.021185519237293705 0.0264203883676025
0 0.9523934677703163 0.9160809100822546 0.028943455534962935 0.025404191585911208
0 0.8951638103285878 0.9510461359449394 0.02452877404661713 0.03288890965492612
0 0.6770660855563313 0.8874760367977892 0.02754464664195542 0.029982430942249394