3 0.5581710493660113 0.43841413105069427 0.1020379419114116 0.11428822930778501
0 0.44609617924014244 0.5003143447546472 0.040578378424238615 0.04259029172311415
5 0.47214181283925116 0.9370463828597166 0.058239475104890734 0.04974105042954165
0 0.5249306516457408 0.5382027691103352 0.04069677759440164 0.04415279172311415
5 0.49623881181356594 0.46500428652318976 0.04405857593472771 0.04744156603337366
5 0.4782952178322062 0.3834610374277009 0.04862767676456468 0.04612472749876275
5 0.252528052466289 0.9291021653105765 0.03577247925407558 0.0407821302577247
3 0.900280313463951 0.8220090445522485 0.07180506763635819 0.06445864767057934
0 0.8839611869138121 0.585529311965103 0.06342388257342364 0.03600609905006032
0 0.47620880911427355 0.5547628273417926 0.04394017676456467 0.04587906603337366
0 0.8342562622238401 0.6356012330414307 0.07291728174358666 0.03805992198083885
0 0.4580526501958483 0.4452174089789985 0.04010478174358649 0.03634029172311415
0 0.5763677101585364 0.2701587760077402 0.04502908008391256 0.03971095318850324
0 0.628502247076993 0.7117487324756038 0.07232528589277135 0.03024742198083885
0 0.5539184894033232 0.6074950016974807 0.08158188672260831 0.02917624491161739
0 0.42139125455017024 0.5490760713488989 0.04081517676456468 0.04571529172311415
0 0.7650210101492476 0.6353389614447046 0.07268048340326061 0.03493492198083885
5 0.5257379802797608 0.40431909204111366 0.050426975104890734 0.049331614653892686
5 0.7372386296504165 0.6733679059267808 0.07604228174358667 0.03822369629109836
0 0.6329781047553074 0.6321431196307336 0.07509508838228243 0.025723696291098365
0 0.13188400434967754 0.28255911521971944 0.0665488825734235 0.03616987336031983
0 0.9110797939674267 0.5973365931727674 0.05994368506293455 0.0311548247398008
0 0.25036282383691333 0.8755234639310956 0.038045374275053764 0.05023901741285428
0 0.8469688271609055 0.6629483050676981 0.0714731809137497 0.039540534825709094
0 0.4983779618089216 0.6524257213943273 0.08470688672260832 0.0293400192218769
3 0.5513784429370969 0.3329420590244269 0.06555506763635802 0.06413109905006031
5 0.29906043296512 0.8900905749669434 0.036364475104890735 0.0485946302577247
0 0.7691416703170727 0.5604208485998343 0.07533188672260849 0.028848696291098364
0 0.7935193213613355 0.27978832428957484 0.05307837842423861 0.04324538896415202
3 0.14539374915158548 0.7409581134106971 0.13058807178554283 0.0597578595655099
5 0.006213188587419385 0.16891709633652688 0.01242637717483877 0.049665807326946254
0 0.8324051452214707 0.22872711329915546 0.07542697510489091 0.05064180913596861
5 0.880354625300739 0.37639665140422496 0.06593357593472789 0.04858798620519007
5 0.6510526759161501 0.6708813930364819 0.08217388257342347 0.03698874491161739
0 0.05345193503971248 0.9068531083223146 0.05404888257342351 0.03551477611928178
0 0.30111891781827305 0.9553470827688596 0.047065176764564676 0.04604284034363317