0 0.30611780458309473 0.6101566554404568 0.03630112667090888 0.03187729139585791
0 0.7201268552673666 0.473268941157567 0.02999658267027261 0.027080697240056396
0 0.6277120885980486 0.49440932995563713 0.03630112667090888 0.03187729139585791
0 0.02703028859009443 0.5634761189125677 0.03628294533736345 0.03031479139585791
0 0.17765644991250404 0.6412993356343847 0.036282945337363426 0.03031479139585791
0 0.655084205283275 0.35724056656295655 0.03944430800445424 0.03349433847375849
0 0.7069541459261852 0.5312996294691698 0.03319430800445424 0.033385244317957155
0 0.8040484166136388 0.3765109435931991 0.03626476400381797 0.02875229139585782
0 0.39702680462286566 0.3156605872592378 0.03944430800445442 0.03349433847375849
5 0.588751227959911 0.2849758287378211 0.042605670671545325 0.03667388555165916
5 0.07239842727563901 0.4236499598219582 0.04262385200509069 0.038236385551659244
5 0.6749432666295471 0.26160078409555243 0.042605670671545325 0.03667388555165916
0 0.9155404472867748 0.3269182723277249 0.0363011266709087 0.03187729139585782
0 0.6933161705522325 0.830695657472347 0.02723520934118149 0.058276150162155815
0 0.8519159413192281 0.08901489773311437 0.030469297342454384 0.06770569724005644
0 0.5406837085853219 0.5896593745979058 0.031540901336727066 0.025545470779006863
0 0.7696199672979107 0.2474507349890569 0.044168170671545326 0.03670115909060954
0 0.7512099392107329 0.8898291497617092 0.025654528007635947 0.056686376623205345
0 0.6321417658736876 0.919245688721935 0.02569089067472703 0.05981137662320535
0 0.7129019645528689 0.8256672382354677 0.027271572008272394 0.06140115016215582
0 0.7170875026655 0.002470840505648675 0.03144999466899989 0.00494168101129735
0 0.7160189685710044 0.6920462146965175 0.020857940006363408 0.0472295560063543
0 0.6470582412078694 0.9127365901019069 0.025672709341181488 0.058248876623205346
0 0.7285445985439601 0.8910058660764892 0.030469297342454026 0.0677056972400564
0 0.6807792605426874 0.9012127090144745 0.025636346674090583 0.05512387662320535
0 0.6956502825430058 0.8986098603944462 0.02723520934118149 0.05827615016215546
0 0.5169360312301411 0.7509787041432106 0.0304329346753633 0.0645806972400564
0 0.6627468758752786 0.9069951047124036 0.024055665340545217 0.053534103084255234
0 0.7128196012094602 0.8998723514659925 0.03206816000954511 0.07085797077900687
0 0.9628512519494115 0.3557739293897396 0.037863626670909055 0.0319045649348082
3 0.24951053186668798 0.9774765689952932 0.08479317067154524 0.03741027110331814
0 0.614127562539824 0.923465584419864 0.0304329346753633 0.0645806972400564
0 0.5341342639242762 0.5483758555231824 0.0442227146721816 0.041388659090609535
0 0.7693450579249126 0.5395836879111562 0.04260567067154515 0.03667388555165907
0 0.8820541432606852 0.5196512431067317 0.04736589600572714 0.04300570616851011
0 0.7076023199793191 0.13996156331654566 0.02723520934118149 0.058276150162155774
0 0.8033238999840917 0.10314162744057491 0.027144302673454135 0.050463650162155774