5 0.813288059751471 0.4034815112190053 0.05048060124083733 0.05210794000636341
5 0.8782407064169468 0.28953664254459655 0.03946669158591121 0.02856135200509069
5 0.8658610387162492 0.3326144805458692 0.05105975544788173 0.038063621339908774
0 0.9095731978669722 0.45544290587209685 0.03979447351689629 0.033248852005090514
0 0.8518210460057162 0.5333957305458692 0.03979447351689629 0.03324885200509069
5 0.9097477965099193 0.3859661998727332 0.0445912341605581 0.03486589600572705
5 0.607957159479699 0.794616683243186 0.049868596045057244 0.08800907733927232
0 0.534245415935987 0.46449392592300354 0.04648151609154354 0.0395715773392725
5 0.4949440712283121 0.9372229012571853 0.031839861884498964 0.05345226400381797
0 0.5185932827641644 0.5208802859245945 0.04826253737886681 0.04271475867281786
0 0.47076207014303123 0.4792836792648213 0.04491901609154336 0.03955339600572696
0 0.30635427078312033 0.14006827995704746 0.04532320767745457 0.0676602146721816
0 0.6860199914500253 0.15828828457195893 0.03326025025210164 0.07376476400381797
5 0.6869341013177118 0.6922178419000955 0.03961951089576328 0.07539998933799978
0 0.767723095540854 0.05039342122855027 0.025589861884498966 0.053379538669636226
0 0.6211723435240417 0.6391206612428678 0.03326025025210164 0.07376476400381797
0 0.4617423492240249 0.5301285639322304 0.04826253737886681 0.04271475867281786
0 0.6333984639585155 0.4196257739099587 0.032713947033792934 0.06595226400381797
0 0.670412144900765 0.3926541939051862 0.02937042574646931 0.06279090133672716
0 0.5733796997085575 0.6974422385821402 0.035696835401395434 0.08628294533736351
0 0.25443332173251515 0.7932660052912291 0.04401207995351371 0.048910214672181596
0 0.6428238323761769 0.7871854439051862 0.041182010895763274 0.07541817067154515
0 0.1994673162846335 0.8313750799650016 0.05069912252816074 0.055232940006363404
3 0.7427566744859616 0.2957968278962775 0.05422831411407181 0.08337612133990877
5 0.5878471192508405 0.8924274745783223 0.04586951089576328 0.0754727146721816
5 0.6560118832486971 0.6878939685710044 0.04405563861970414 0.09418635200509069
5 0.54448524932057 0.9655291672501857 0.047574122528160775 0.05519657733927232