0 0.5572426961795567 0.5534049594309087 0.042754066033373485 0.04228034190105419
0 0.498792788332212 0.46379597277678164 0.04776911465389251 0.048721342889637496
0 0.4647763144514938 0.41372964718734984 0.034532130257724704 0.0341495069200823
0 0.4971062940979632 0.09434297722540594 0.05525406603337366 0.0427896778706093
0 0.6480236629357273 0.14510302810025838 0.07252345318850324 0.045052514828747635
3 0.026977500565826883 0.4250344920913346 0.05395500113165377 0.05305601581733086
0 0.628441587518558 0.6526290266173836 0.04431656603337366 0.04234400889724856
0 0.24579942164215457 0.14434161311841137 0.044480340343633 0.045469008897248565
0 0.5361998558359236 0.5979189633852415 0.050812227498762755 0.047286176882026076
0 0.4119821850982802 0.42445624155986195 0.04776911465389251 0.04872134288963732
0 0.4474792718238687 0.47602140015309935 0.04448034034363317 0.045469008897248565
0 0.18599405868574265 0.7946108685556188 0.07096095318850333 0.044988847832553344
0 0.6884473513133679 0.7125505132715108 0.04924972749876275 0.047222509885831696
5 0.44019347354203386 0.2580354041074321 0.07753850180902226 0.05149351581733086
0 0.4891444713943273 0.5288943907615592 0.04776911465389251 0.04872134288963732
0 0.7800372235420339 0.2441878324351519 0.06742651741285463 0.037049013840164416
0 0.8775982982818349 0.18252347916539122 0.06446529172311415 0.04004667984777566
0 0.5914395545018711 0.6744058675298547 0.04924972749876275 0.047222509885831696
0 0.5192148309598372 0.4013768858186434 0.049413501809022264 0.0503475098858317
0 0.5696353120766446 0.25743854342329764 0.06093085594746519 0.0321068458553869
0 0.5879183225920942 0.19120870695945086 0.08321529172311415 0.04081068380210837
0 0.11325475802905874 0.42727347133108795 0.08773901741285454 0.037876684790691506
0 0.7792836290145294 0.18419074992563791 0.06915279172311414 0.040237680836358834
0 0.09749363919129468 0.3710062252854206 0.07343085594746528 0.03261618182494201
0 0.5928626136378398 0.6026263680241462 0.04768722749876275 0.047158842889637495
0 0.8228676961795568 0.5425815700778622 0.05385534034363317 0.04585101087441501
3 0.019079791384429775 0.39491591057040376 0.03815958276885955 0.044543178859192525
5 0.534412705790495 0.5130173813700191 0.047769114653892684 0.04872134288963732
0 0.10167877091935751 0.5142787228139627 0.06939845318850328 0.04492518083635879
0 0.4398117774780782 0.7562036486702246 0.05237472749876275 0.04734984387822046
3 0.014235161126704986 0.4575432445627925 0.028470322253409973 0.03803851087441501
0 0.29557037030810207 0.22105135174970486 0.06347600180902227 0.05092051285158128
5 0.06505968170737822 0.960132392281615 0.042835953188503285 0.04384284190105418
0 0.8685177108788779 0.5789209766939333 0.0717798247398008 0.06061384783255317
5 0.8879305314348069 0.4167565577205726 0.0604328889641522 0.052355678859192525
5 0.6725799276350484 0.1823019391649537 0.08025406603337366 0.043808349809719614
0 0.10930092039895914 0.39859005581776835 0.08765713025772479 0.036314184790691505
0 0.9111854042293001 0.15153080574340622 0.05155585594746519 0.03172484387822054