0 0.8408873567556953 0.6744767702702286 0.030369461599340043 0.02516659997176518
0 0.6682849310497322 0.6394661914863251 0.024073997492717502 0.023240078925077866
0 0.9190902277636622 0.8693335149379695 0.03202288981258548 0.02838260523343692
0 0.8866090337152993 0.6911784228587121 0.03197742570596276 0.02682010523343692
0 0.3641490120076869 0.6942854101986426 0.03367631802583091 0.031598610495108835
0 0.9606101380302189 0.8756514043722735 0.02411946159934004 0.024802578925077513
0 0.6155667595004044 0.7307667546969745 0.03519335391920819 0.030127115756780752
0 0.80149589931299 0.7681133782050886 0.03363085391920819 0.030036110495108837
0 0.5585498813663013 0.754743310015116 0.03519335391920819 0.030127115756780752
0 0.7860634644358271 0.6666040861117138 0.03202288981258548 0.02838260523343692
0 0.6111400207831755 0.6322382494353027 0.03519335391920819 0.030127115756780752
0 0.9726829260351673 0.7008712122506638 0.03523881802583091 0.031689615756780753
0 0.46380201952953437 0.6345757522073129 0.030460389812585476 0.02829159997176518
0 0.47606868731793844 0.5736760495623596 0.03202288981258548 0.02838260523343692
0 0.19540737219510135 0.657939844568919 0.03519335391920828 0.030127115756780752
0 0.49501491561032607 0.6083163600715858 0.03349446159934022 0.025348610495108836
0 0.7908000917120004 0.8025870887425498 0.03519335391920819 0.030127115756780752
0 0.3906119427947218 0.20993279700211082 0.023466243731793845 0.05596157366340586
0 0.8015617469639921 0.850789370312581 0.03358538981258548 0.02847361049510866
0 0.4840439748606684 0.7137473127165392 0.028852425705962758 0.026638094710093263
0 0.76151340848419 0.8414374861399487 0.03202288981258548 0.02838260523343692
0 0.7019361685133199 0.7506157940889262 0.03523881802583091 0.031689615756780753
5 0.28737356334047043 0.7093118997458863 0.03997178213245363 0.03352513154179633
5 0.6797860353646519 0.8202989625330126 0.03519335391920819 0.030127115756780398
0 0.7214423379510766 0.8313043519673166 0.02407399749271768 0.023240078925077866
0 0.7377887519785571 0.8033991598457069 0.02568196159934022 0.024893584186749605
0 0.28156514720141895 0.9117543602833473 0.023375315518548413 0.05283657366340577
5 0.911036035364652 0.8337677412604462 0.03363085391920819 0.030036110495109014
4 0.7255435015828458 0.6506003835373477 0.04631271034569906 0.03701415258848364
0 0.3499119819202973 0.9555113365352369 0.02351170783841656 0.05752407366340577
0 0.7136739873970808 0.6179320967056446 0.030460389812585476 0.02829159997176518
0 0.5639096681176085 0.5904910942159831 0.038318353919208195 0.03030912628012441
0 0.4318713725908127 0.8237978759271887 0.029579851411925873 0.05163809471009344