0 0.4423444977605048 0.5049745699395481 0.04243293969514959 0.042678396005727134
3 0.05152964198152708 0.27360058465945486 0.054923849336070064 0.04126134667409058
5 0.11634157572474843 0.2783148093173189 0.04081589754067196 0.033285214672181596
0 0.5591911092950191 0.5622047199236399 0.04243293969514959 0.042678396005727134
0 0.4007973471947707 0.5296751252785026 0.04399543969514976 0.0426965773392725
5 0.10565860577897772 0.23469207865213706 0.04552157825883123 0.036464758672817864
0 0.45766497073133755 0.5571365066040939 0.04555793969514958 0.04271475867281786
0 0.7521502480550923 0.6958877345640048 0.042451120413308986 0.04580339600572714
0 0.8167621938985622 0.7349769592218688 0.039307939695149584 0.04264203333863605
0 0.5705553352909141 0.6230058599220489 0.04241475897699054 0.03955339600572714
0 0.62143203406125 0.6060087165818221 0.04555793969514958 0.04271475867281786
5 0.434150723560008 0.4363245672740481 0.04714771077238851 0.047420440006363404
0 0.33408098322436947 0.8523046506206384 0.03481133723582168 0.07539998933799978
0 0.6962002299047197 0.6449797625716407 0.04716589149054773 0.05054544000636341
0 0.2042758294371816 0.7397602919716831 0.03321247579950315 0.06913180800445425
0 0.0416324672152962 0.22918751332750026 0.02361930718159235 0.0315227200031817
0 0.7753671177810302 0.19643262722791394 0.03945338544042372 0.06764203333863614
0 0.6160825004909792 0.31702803258277656 0.04561248184962743 0.052089758672817864
0 0.6006008627128647 0.8296734832511401 0.044031801131468026 0.048946577339272324
5 0.22794110929501912 0.5660591626352742 0.033267017953980904 0.07850680800445424
0 0.24131222112412107 0.8190114399665924 0.042660198672140125 0.08174089600572713
3 0.2408734222321481 0.3573290526336833 0.04445904800821019 0.12238407733927241
0 0.27197447306902867 0.11401485729631988 0.02539997579950324 0.0690409013367271
3 0.07549438280814491 0.18270286465627322 0.07841589149054777 0.0509090666772722
2 0.3807091236347627 0.09090516864259202 0.054206752730474504 0.18181033728518403
5 0.9268983224050988 0.06577187854077851 0.04871930113146803 0.04900112133990879
0 0.6386412181972548 0.8706342905792767 0.047211343285945874 0.05835794000636341
5 0.4845531610156625 0.9036751519335031 0.04726588544042354 0.0677329400063634
0 0.5184252087292851 0.5868961845958214 0.04399543969514959 0.0426965773392725
5 0.16342110880403982 0.24261311931095558 0.05020907825883123 0.036519302673454226
3 0.1667915484991895 0.2003892566438647 0.06746021077238855 0.047656797342454114