3 0.846875 0.92421875 0.06796875 0.14296875
0 0.5875 0.29609375 0.03515625 0.0265625
0 0.52578125 0.25390625 0.0328125 0.0265625
0 0.05390625 0.51796875 0.03046875 0.02734375
3 0.44609375 0.24765625 0.04921875 0.03515625
0 0.7046875 0.29375 0.03125 0.02578125
5 0.46875 0.29453125 0.03984375 0.03125
5 0.7953125 0.3375 0.04453125 0.03046875
0 0.1125 0.44921875 0.0359375 0.03125
0 0.86640625 0.3453125 0.03359375 0.025
0 0.5859375 0.67421875 0.03359375 0.0296875
0 0.3984375 0.25625 0.028125 0.02421875
0 0.43359375 0.33671875 0.03125 0.02578125
3 0.31171875 0.128125 0.0265625 0.13359375
0 0.1203125 0.5453125 0.03828125 0.03359375
5 0.10390625 0.50234375 0.0484375 0.03671875
0 0.75078125 0.88515625 0.0359375 0.04296875
5 0.92109375 0.3390625 0.0453125 0.03046875
5 0.409375 0.29296875 0.0390625 0.02890625
0 0.5484375 0.74296875 0.034375 0.0359375
0 0.65078125 0.97578125 0.01875 0.0484375
0 0.04609375 0.46953125 0.03828125 0.03203125
0 0.56640625 0.11875 0.0328125 0.02890625
5 0.53046875 0.29921875 0.0390625 0.028125
3 0.70078125 0.34140625 0.096875 0.03515625
5 0.63515625 0.25546875 0.03984375 0.0265625
0 0.58203125 0.77265625 0.03515625 0.03671875
0 0.5171875 0.04140625 0.0421875 0.03203125
0 0.3140625 0.37578125 0.015625 0.06796875
0 0.75 0.92890625 0.028125 0.04140625
5 0.54765625 0.340625 0.04140625 0.03125
0 0.0140625 0.54296875 0.02734375 0.03671875
0 0.48046875 0.34140625 0.04375 0.03125
5 0.65546875 0.29453125 0.04296875 0.02890625
0 0.3703125 0.03203125 0.03046875 0.06328125
0 0.58203125 0.25859375 0.03828125 0.03046875
0 0.5546875 0.9328125 0.03671875 0.0484375
1 0.371875 0.6203125 0.06796875 0.11015625