0 0.1265625 0.40234375 0.03125 0.02109375
0 0.80390625 0.34140625 0.0328125 0.0203125
0 0.91171875 0.240625 0.03359375 0.01953125
0 0.615625 0.41796875 0.028125 0.02109375
0 0.425 0.34140625 0.028125 0.021875
0 0.934375 0.2734375 0.03046875 0.02265625
0 0.4265625 0.2359375 0.02734375 0.02109375
0 0.8125 0.23125 0.028125 0.02109375
0 0.18203125 0.3015625 0.02734375 0.0234375
0 0.98984375 0.27890625 0.0203125 0.02109375
0 0.2125 0.2265625 0.02890625 0.0234375
0 0.840625 0.3390625 0.0296875 0.0203125
0 0.053125 0.22734375 0.0296875 0.021875
0 0.54453125 0.37734375 0.0265625 0.02109375
0 0.28984375 0.22734375 0.03203125 0.025
0 0.0875 0.2296875 0.02578125 0.021875
0 0.815625 0.2765625 0.0296875 0.02109375
0 0.9859375 0.35078125 0.0265625 0.02265625
0 0.16953125 0.225 0.0296875 0.02265625
0 0.9140625 0.3625 0.03046875 0.02421875
0 0.7484375 0.22578125 0.0265625 0.02265625
0 0.3921875 0.41640625 0.028125 0.021875
0 0.59453125 0.30078125 0.0296875 0.025
0 0.4609375 0.3765625 0.0234375 0.0203125
0 0.61484375 0.68203125 0.01328125 0.05625
0 0.69453125 0.3765625 0.03046875 0.02109375
0 0.63125 0.6953125 0.01171875 0.0515625
0 0.63125 0.76796875 0.01171875 0.04921875
0 0.8671875 0.228125 0.0265625 0.0203125
0 0.7203125 0.43984375 0.02734375 0.02109375
0 0.25625 0.23046875 0.02109375 0.01953125
0 0.9578125 0.234375 0.03203125 0.0171875
0 0.8375 0.38046875 0.02890625 0.02109375
0 0.6984375 0.1734375 0.0234375 0.040625
0 0.6140625 0.76875 0.01171875 0.05
0 0.7765625 0.37890625 0.03359375 0.021875
0 0.5046875 0.4375 0.03203125 0.02265625
0 0.59296875 0.0109375 0.0109375 0.021875
0 0.61484375 0.02421875 0.02109375 0.04765625
0 0.66875 0.02890625 0.015625 0.05546875
0 0.7625 0.41171875 0.03515625 0.028125
1 0.65 0.71171875 0.0171875 0.0921875
1 0.65 0.8921875 0.01953125 0.115625
0 0.6484375 0.79921875 0.009375 0.04921875