3 0.0489245579459492 0.49387781667727226 0.0978491158918984 0.07320223734881744
3 0.05315772453610888 0.5339033800127267 0.10631544907221777 0.07311133068109026
3 0.7593302970862688 0.9335424900540884 0.08816916394474283 0.13291501989182314
0 0.46922887681192194 0.17202428206554243 0.039636326971401556 0.04573067067154524
3 0.35009649741492616 0.2519652260502704 0.07582891848667064 0.04927384134309047
3 0.2239480698443998 0.11130276869827127 0.045726572429473575 0.1394624893379998
0 0.9675868863548196 0.24585651213394835 0.029113415152690437 0.03155908267027261
0 0.02555952771060923 0.44368691267504506 0.04199605242559431 0.036392033338636054
0 0.08688108330100557 0.8612022240213172 0.03517196757828502 0.06753294533736351
5 0.22858906179931418 0.5046987800365892 0.03985946757828503 0.06758748933799978
0 0.4559800934721231 0.34390837273231517 0.040178460910325245 0.03324885200509069
0 0.5160899643649913 0.7762674340785873 0.03938123545613248 0.04260567067154515
0 0.09764272436693103 0.7197868833545444 0.028539330305381406 0.06277272000318171
0 0.48348462951768206 0.7446083540738148 0.038998598183228775 0.03791817067154533
3 0.6234063227193378 0.21839184675363238 0.08950878121376711 0.04474997334499946
0 0.4135365993911768 0.07831918805695193 0.03753169303247787 0.05819430800445433
0 0.5303115742171498 0.6786839094127691 0.04043355242559414 0.03637385200509069
0 0.07670743952932005 0.4302062153484993 0.04512105242559432 0.03642839600572696
0 0.22222813618564183 0.7071607087046347 0.033354376063015945 0.06438976400381798
3 0.4145440845089536 0.9731033346992259 0.03297173879011232 0.05379333060154821
0 0.23998933421908947 0.6236942280394528 0.027104376063015946 0.06431703866963616
0 0.19295329029762276 0.14613175469445328 0.022416876063015945 0.06426249466899989
0 0.19078707542509782 0.7857760573679075 0.03517196757828502 0.06753294533736351
0 0.5364000145438675 0.04846915073995118 0.04005091515269079 0.03168635200509068
3 0.2040339246955884 0.03912777669477143 0.03568215060882318 0.07378294533736345
0 0.14620828587638107 0.8720584553628168 0.038296967578285025 0.06756930800445424
0 0.574617749540958 0.12633106874599634 0.04174096091032524 0.03326703333863614
0 0.3318751057207809 0.9816104496936578 0.0313136439408634 0.03677910061268434
0 0.21746062997672402 0.6218680987030438 0.027104376063015946 0.06431703866963616
0 0.24797563014590188 0.15224594203531655 0.021779147274843248 0.056449994668999894
3 0.3576563557207809 0.9809610143618623 0.03781873545613248 0.038077971276275234
0 0.2604910898482792 0.008505032702089278 0.016517820303441687 0.011119313335454448
5 0.10135842935820252 0.9520817626909533 0.05181733363936129 0.08021475867281821