0 0.14538413064927352 0.1341096976422728 0.05063634667409058 0.05672484387822054
0 0.6131019592218687 0.8464650479834649 0.08635567067154515 0.03943918479069168
0 0.22585123862191114 0.3390465484405755 0.041206802673454224 0.05165534190105418
0 0.8750565192155054 0.9040361033441228 0.08795453333863605 0.042627851786885884
0 0.09227731198281897 0.13038251977166349 0.039571577339272454 0.04534167490485981
0 0.26168983597231943 0.21466597235685217 0.03797271467218159 0.04215300790866543
0 0.13765235196531977 0.2611987796574953 0.07856135200509069 0.04068334980971962
0 0.11940398066518187 0.015808025208870948 0.05494203866963625 0.024103344866803704
0 0.10410569732654577 0.05426568874502423 0.04743862133990877 0.05034750988583174
0 0.3743587272438223 0.6749415805695287 0.0973840773392725 0.04769735376405233
0 0.4157297092616396 0.5453150889724856 0.09289657200827221 0.0646938527754692
0 0.482887747891505 0.8192738538012334 0.08484771467218159 0.04406301779449713
0 0.256615601885778 0.8522614728511438 0.06633407200827239 0.06361151384016424
0 0.8356320345719588 0.7320364279449714 0.10363407733927232 0.04795202174882984