3 0.661772486196987 0.6069617179791985 0.05626936525911965 0.09253472958158007
0 0.6866537094116257 0.5544989168907394 0.028752291395857908 0.03691964664195542
0 0.3156712333576132 0.394692418789656 0.0393897824674041 0.020114092558271325
0 0.44245628124958813 0.04474200409153323 0.027135244317957153 0.033740082939624536
0 0.7229339029982343 0.707232047290626 0.028697744317956974 0.03379464664195542
5 0.5794671318982112 0.14627224383991422 0.03193183847375849 0.04015377404661713
0 0.5581860158250173 0.4049850449283733 0.02869774431795715 0.03379464664195542
0 0.8476026663909149 0.728675482955323 0.028725017856907443 0.03535714664195542
0 0.7078486452875966 0.6491293706116037 0.028725017856907443 0.03535714664195542
0 0.213709312902918 0.42014134129232705 0.05665910308425506 0.025401793283910835
0 0.8227605791349724 0.6490251884902858 0.027053423701106284 0.029052582939624472
0 0.5969080020285948 0.07061747941194393 0.030260244317957152 0.03384921034428625
0 0.8746618185816655 0.8457712137180294 0.02869774431795733 0.03379464664195524
0 0.9225467504037418 0.27500235673178763 0.05822160308425524 0.025456356986241692
0 0.8359833279171565 0.6899949288716389 0.02713524431795733 0.03374008293962447
0 0.2856252232113435 0.4199751609851076 0.05665910308425506 0.025401793283910835
0 0.6985048729664622 0.6064607209744235 0.027135244317957153 0.03374008293962447
0 0.4074672211827486 0.32425837850097006 0.059865923701106105 0.030198420688572546
0 0.8831834305943744 0.886123395206375 0.02713524431795733 0.03374008293962447
0 0.8603987211794533 0.7899850051878416 0.027080697240056396 0.03061508293962465
0 0.5282921899331605 0.2598461597191633 0.023982970779006862 0.03206845553496285
0 0.20703261890927244 0.44069937795281594 0.05665910308425506 0.025401793283910835
0 0.10353151785361218 0.5123238960089832 0.045667056006354435 0.02189484736759475
0 0.4823018055993174 0.1778074752355927 0.026998876623205346 0.02592758293962456
5 0.9424637840889618 0.2516367786014865 0.05663182954530477 0.023839293283910833