0 0.9038029686107751 0.4646383096621802 0.03155908267027243 0.02838260523343692
0 0.7937739879455934 0.44728493871431485 0.029978401336727068 0.02672909997176518
0 0.8012506806174567 0.40941321239183814 0.029978401336727245 0.02672909997176518
0 0.8441557959500479 0.417384607087814 0.03155908267027243 0.02838260523343692
0 0.8522217399347756 0.5304306386578451 0.029996582670272432 0.02829159997176518
0 0.3983444039624563 0.29995085224966517 0.029978401336727068 0.02672909997176518
0 0.8499603532781844 0.45602987813450147 0.030014764003817973 0.02985409997176518
0 0.8004416112746846 0.47894446239183813 0.029978401336727245 0.02672909997176518
0 0.8878421612826386 0.4254015044146258 0.0330852200031817 0.025348610495108836
0 0.9771131992759571 0.47985305696075714 0.03310340133672725 0.026911110495108838
0 0.04123243264641002 0.15172139469597584 0.030014764003818018 0.029854099971765136
0 0.29769951396404715 0.28236226287183097 0.03310340133672707 0.026911110495108838
0 0.35464894796309265 0.29271520492285347 0.029942038669636163 0.02360409997176518
0 0.1669211339513204 0.36855882615306745 0.029978401336727113 0.02672909997176518
0 0.40338643996659246 0.2697551180346808 0.029942038669636163 0.02360409997176518
0 0.19880857531031923 0.1812254261248326 0.03312158267027256 0.028473610495108836
0 0.9790296879376392 0.516708314853265 0.029978401336727245 0.02672909997176518
0 0.10995242393382124 0.4942343893637168 0.03313976400381802 0.030036110495108837
0 0.9259683226050482 0.508145385956422 0.0315227200031817 0.025257605233436918
0 0.3597455279678651 0.257831970707869 0.029960220003181704 0.02516659997176509
0 0.3696632312619578 0.5476680154320797 0.033139764003817976 0.030036110495108837
0 0.12157391331159191 0.16734566567207607 0.029996582670272564 0.028291599971765134
0 0.312722887929685 0.5365338233810573 0.02999658267027261 0.02829159997176518
0 0.23963083326704854 0.5025690760824804 0.017823846674090583 0.055688557878390374
0 0.16647404925209464 0.6085390840455752 0.017823846674090583 0.055688557878390374
0 0.29783642130809207 0.20341051024099502 0.029978401336727068 0.02672909997176518
5 0.07939550397836463 0.16410727360693617 0.039389764003818016 0.030400131541796237
0 0.2784115225970941 0.5290629576242765 0.02999658267027261 0.02829159997176518
0 0.317827463916322 0.6353353444277446 0.017860209341181488 0.05881355787839038
0 0.15583073464354652 0.17950403142885676 0.03310340133672716 0.026911110495108838
0 0.1984416645846856 0.6158734419098482 0.016170440006363317 0.04778505261671846
0 0.15241154925209463 0.6077200366905287 0.017823846674090583 0.055688557878390374
0 0.6254576032384135 0.7361213836079348 0.01780566534054522 0.05412605787839038
0 0.30305643925050385 0.6282207944418621 0.017823846674090583 0.055688557878390374
0 0.5500030698997773 0.7708156310476861 0.01626134667409058 0.05559755261671846
0 0.11729166191918554 0.602547418302912 0.017860209341181488 0.05881355787839038
0 0.22478708326704852 0.5017045260965978 0.019349984006999676 0.0526545631400623
0 0.33496951058245844 0.6402426523061349 0.017787484006999678 0.0525635578783902
2 0.31878833788196 0.8886878575819243 0.11315452800763595 0.06280237884037305
0 0.13595984591823101 0.6106707314429742 0.017787484006999678 0.05256355787839038
0 0.24636482797581927 0.19259483660582402 0.033139764003817976 0.030036110495108837
0 0.18069382729950156 0.25991186824644225 0.03470226400381797 0.030127115756780665
5 0.8510865012730937 0.4936208833961733 0.03782726400381797 0.03030912628012441
0 0.08140870591982188 0.5957667972844595 0.017769302673454224 0.05100105787839038
0 0.3537104199156857 0.6421159654461972 0.014517033338636142 0.03988154735504672
5 0.9323097766152296 0.4334639043722735 0.040952264003817976 0.030491136803468065
0 0.6258945025859582 0.6313883809770988 0.027271572008272394 0.06248458944842135
0 0.06255980327023017 0.46880247888272547 0.017896572008272348 0.06193855787839038
0 0.1852422305856401 0.6080686471856375 0.017860209341181443 0.05881355787839038
0 0.25538200791695836 0.6270076339608707 0.01787839067472685 0.0603760578783902
0 0.26938087324954935 0.6332954313159173 0.019404528007635945 0.057342063140062294
5 0.15366606126673035 0.4999075366905286 0.039389764003817974 0.03040013154179615