0 0.1484375 0.4234375 0.034375 0.02578125
0 0.12734375 0.57734375 0.03125 0.02265625
0 0.21875 0.53125 0.0328125 0.025
0 0.28828125 0.52421875 0.025 0.02265625
0 0.2078125 0.57109375 0.03515625 0.025
0 0.27421875 0.5671875 0.03046875 0.02421875
0 0.44296875 0.303125 0.03515625 0.02578125
5 0.72265625 0.31171875 0.0359375 0.03046875
5 0.6359375 0.31796875 0.0375 0.02890625
5 0.8828125 0.546875 0.03515625 0.025
0 0.8203125 0.325 0.0390625 0.02890625
0 0.9125 0.62421875 0.0359375 0.0265625
5 0.94375 0.5578125 0.03671875 0.025
0 0.9015625 0.590625 0.0296875 0.02421875
0 0.5828125 0.4421875 0.03125 0.02265625
5 0.83984375 0.6140625 0.03515625 0.0265625
0 0.6640625 0.95234375 0.01328125 0.0609375
0 0.9359375 0.053125 0.01328125 0.0625
0 0.64296875 0.878125 0.0140625 0.059375
0 0.6296875 0.87890625 0.01328125 0.05625
0 0.88359375 0.1953125 0.0125 0.046875
0 0.646875 0.9484375 0.0125 0.0546875
0 0.54375 0.95078125 0.0125 0.05625
0 0.62578125 0.94765625 0.01171875 0.05625
0 0.57578125 0.94609375 0.01171875 0.04921875
5 0.5828125 0.35390625 0.03828125 0.02734375
0 0.528125 0.94921875 0.01328125 0.05703125
0 0.56015625 0.94765625 0.0125 0.05546875
0 0.6109375 0.94609375 0.01328125 0.05546875
0 0.59609375 0.946875 0.01171875 0.05234375
0 0.62421875 0.87890625 0.01484375 0.0609375
0 0.8265625 0.04765625 0.02109375 0.05078125
0 0.33046875 0.60234375 0.03984375 0.02734375
0 0.4671875 0.75625 0.0140625 0.05703125
0 0.9328125 0.1890625 0.01640625 0.065625
0 0.33671875 0.56953125 0.03359375 0.02265625
3 0.1546875 0.94609375 0.0671875 0.090625
0 0.67265625 0.74453125 0.01484375 0.04765625
5 0.85078125 0.58046875 0.0359375 0.03203125
0 0.78359375 0.20625 0.01484375 0.05390625