5 0.3458495221327427 0.42983747311658255 0.058830792553055566 0.046442660462916764
0 0.04392465264170109 0.36415669933804623 0.0679512194147917 0.03594180810555194
0 0.18857339105510343 0.8698716600486321 0.04465918977951393 0.04110018899896417
0 0.2639734345580896 0.8561773411897132 0.043205792553055566 0.045714914391858485
0 0.4715755675355899 0.47166971629215704 0.04309668977951393 0.04102741439185813
0 0.3737881117041661 0.6743708771693585 0.03993532218833336 0.039319365177646406
0 0.7280821003049998 0.37177683994685884 0.08023301386770836 0.027149004962398672
0 0.28095448679788176 0.2610103904039248 0.0678057490500695 0.029691808105551852
0 0.9872811412425346 0.0889986889944548 0.024346689779513753 0.04015411910658786
0 0.06674521001239557 0.32455054383752824 0.07111258700597226 0.03764985731976358
0 0.966835475779965 0.39619260483405505 0.050472778685347205 0.022641287427387448
0 0.8967814681805206 0.18019942369297387 0.06181032218833345 0.04033820967712849
0 0.3719431627096873 0.24960631761606455 0.06769664627652779 0.025004308105551855
0 0.18780324563159698 0.29812293858467925 0.06468074905006946 0.029546258891340216
0 0.2847139600123955 0.3347026015287954 0.0865557490500695 0.030565103390822124
0 0.7310401800927773 0.5471043256788353 0.05556032218833344 0.04004711124870504
4 0.6926732367978817 0.28018649937631823 0.0981478656913195 0.05919952564056317
0 0.305318053952222 0.2895185341176186 0.07089438145888893 0.02827485731976358
0 0.09565211322277753 0.2922667367654337 0.056831881458888935 0.027619885855810898
0 0.15311258900274252 0.6461045202638797 0.04622168977951393 0.041172963606069854
0 0.4368752188461108 0.38324076302516935 0.07867051386770836 0.02707623035529281
0 0.9118557286297566 0.47340576819245594 0.07572735182361115 0.03474318114108108
3 0.68840788335875 0.06021860173368312 0.03528418977951393 0.04066354135632886
5 0.023322518333020577 0.30845035483856426 0.04433188145888891 0.027037688998963992
0 0.4783184896476733 0.34997665280992163 0.08335801386770836 0.027294554176610485
0 0.18991125949930532 0.2747582131917851 0.05853985182361114 0.03394266046291676
4 0.8957605627859373 0.3584699729071856 0.10846711664124982 0.03314644789030421
0 0.7964787696642007 0.7933843203021518 0.07114895459715279 0.03921235731976367
0 0.10916191404086747 0.6862907185684686 0.06511716014423614 0.04829625889134022
5 0.07526230556774262 0.529856627997928 0.06188305737069448 0.04346320967712849
0 0.835809560220486 0.07803330210518664 0.03982621941479181 0.03463186517764645
5 0.9370102378447214 0.9383608341558907 0.04629442496187508 0.04429796360606986