5 0.4099933525667618 0.5214459836199646 0.04913101282028158 0.05226387272903601
5 0.3637861325505512 0.5944847419549143 0.04742296360606986 0.04901132697140156
0 0.26754060277164965 0.13770819665632178 0.037358758891340216 0.06686850666795978
0 0.7225813213401182 0.0009339193805086743 0.022641287427387267 0.0018678387610173487
0 0.5473349948327135 0.43007207134221187 0.04066354135632881 0.0375636439408634
0 0.6810230599675787 0.08294236664080444 0.025077082712657628 0.07053564060688348
0 0.29280585256676184 0.5310119154425548 0.04586046360606986 0.04888378121376711
0 0.711855683003108 0.072642724366931 0.025295406533975395 0.07522314060688348
0 0.6812539607150949 0.7296739743669309 0.031254308105551944 0.06948332363742153
3 0.9377138999189467 0.26978956496411616 0.09429796360606986 0.05283769970043757
3 0.6626968990903772 0.016048607412016646 0.03332623035529281 0.03209721482403329
0 0.7099119617485522 0.6323845151235957 0.03212760339082212 0.08823332363742153
0 0.6845309720876344 0.6258952701245656 0.025295406533975395 0.07522314060688337
0 0.6897688213401182 0.0030862862750799303 0.024349336641598995 0.006172572550159861
0 0.2916263804836366 0.790275345139113 0.03961046360606986 0.04837359818322877
3 0.6388823701445544 0.770490164065429 0.0760660020669146 0.19610946757828493
3 0.8421806904512152 0.8838677825424013 0.061887877997927984 0.09221919303247787
0 0.6443831993425555 0.836194912398439 0.02769266046291676 0.059853232122152634
5 0.6038437824694979 0.9212234877028507 0.03833906203449331 0.054496052425594146
0 0.11087514826631688 0.6773920631764401 0.049422111248705033 0.05851387272903601
5 0.14785530314315315 0.007206851058166782 0.03866439371369372 0.014413702116333565
0 0.24236908912730773 0.8285404907469663 0.04629711124870504 0.05825878121376711
5 0.17365116832530877 0.9003036625676168 0.05305653349844604 0.06970646424430527
5 0.38829586518215564 0.8703298937716856 0.04110018899896399 0.0469386439408634