0 0.6693364139517801 0.46192169031930436 0.03157090456798421 0.03783996144333699
0 0.6826188274533342 0.0871627197766686 0.03321529172311397 0.03950259099298643
0 0.5097346053816384 0.19857748843669124 0.028200243102595123 0.032952202344038464
0 0.6268180433049937 0.4732690029346607 0.033297178878243724 0.041065090992986344
5 0.7560131411118587 0.27607622301587115 0.03642217887824373 0.04126535009228505
5 0.5725300130018404 0.5292674814968609 0.03658595318850324 0.04439035009228505
0 0.7031968368371301 0.5546005436507919 0.03650406603337366 0.04282785009228505
0 0.4362572410664301 0.38200935456810525 0.029926517412854636 0.03617733189368781
5 0.5179997274987628 0.01684183683093328 0.03650406603337366 0.03368367366186656
0 0.6938307236535757 0.3310128493263179 0.033215291723114146 0.03950259099298643
0 0.480417840343633 0.016430826651900474 0.033215291723114146 0.03286165330380095
0 0.3165069058111797 0.265831246917681 0.04629514586155707 0.021653756939830338
0 0.7619964682265087 0.18084406616832585 0.03674972749876275 0.047515350092285046
5 0.4193441372666714 0.6276618160114424 0.03995661465389251 0.04927810919158375
0 0.17394426956056114 0.29769941548541856 0.06224769448207601 0.02890505243632351
0 0.08659475576575118 0.36600692936507917 0.05895892017181652 0.025579793337024804
0 0.10869772783744706 0.2642546622462161 0.06208392017181654 0.02578005243632351
0 0.10272436680159913 0.3148053747692873 0.0559158073269463 0.026942034237726276
0 0.10140420624072104 0.3344868190937613 0.05254514586155699 0.02205427513842757
5 0.5777751922187685 0.7938806940199321 0.042917840343633176 0.04635336829088228
0 0.08268518373948383 0.38115106801402715 0.0621658073269463 0.027342552436323508
0 0.1815553736990041 0.2783987029623473 0.06224769448207601 0.02890505243632351
0 0.10898101085413385 0.2846172270210407 0.058958920171816497 0.025579793337024804
0 0.09194399705932392 0.34841891116648194 0.06052142017181654 0.025679922886674155
0 0.10905957598299625 0.3010735417958654 0.058877033016686744 0.024017293337024893
0 0.2674087437799636 0.46572991980435524 0.06224769448207601 0.02890505243632351
0 0.4647396879233554 0.2524126897009955 0.03494156603337366 0.0427277205426357
0 0.9092908700809594 0.1345629441768157 0.04793953301668665 0.0233163864894796
0 0.11236163839832516 0.2444230235972681 0.0620839201718165 0.02578005243632351
0 0.48297511080870537 0.34609283852897627 0.02647396879233561 0.02972707279438911
0 0.8307188127540132 0.11608185688445709 0.07055151741285463 0.0387807001845701
5 0.9232405054270668 0.08663658390549782 0.07343085594746554 0.03429345928386875
3 0.6421675678423958 0.04820964374307698 0.057219357756487635 0.08152940468807693
3 0.04880366519497552 0.7517429727021041 0.02259869629109834 0.07463905459579187
5 0.542997484734852 0.20506851789405545 0.04809666327441171 0.05602875693983034
5 0.7642074214150119 0.22303156616832584 0.04464411465389269 0.04957849784053163
0 0.877649123699004 0.23379098859357478 0.0622476944820761 0.02890505243632351