3 0.215625 0.67265625 0.1046875 0.09921875
3 0.47578125 0.59140625 0.103125 0.08203125
0 0.76875 0.46015625 0.03359375 0.0578125
5 0.7 0.6078125 0.03359375 0.08125
0 0.5234375 0.48125 0.03515625 0.034375
0 0.475 0.49140625 0.03203125 0.03203125
0 0.29296875 0.571875 0.0359375 0.0375
0 0.571875 0.56015625 0.0375 0.034375
0 0.9828125 0.015625 0.034375 0.03046875
0 0.084375 0.56875 0.0390625 0.0421875
0 0.3140625 0.609375 0.034375 0.03828125
5 0.41484375 0.51640625 0.0421875 0.04140625
5 0.4421875 0.5578125 0.04296875 0.040625
0 0.70390625 0.025 0.01640625 0.05
0 0.7015625 0.11953125 0.0171875 0.06953125
0 0.67265625 0.096875 0.0171875 0.06640625
0 0.5703125 0.4578125 0.03984375 0.03515625
0 0.58359375 0.50859375 0.0390625 0.03671875
3 0.64609375 0.03828125 0.02265625 0.0765625
0 0.2609375 0.16953125 0.03046875 0.0640625
0 0.1421875 0.6640625 0.03984375 0.046875
5 0.4953125 0.53125 0.0421875 0.04140625
0 0.534375 0.2015625 0.03671875 0.06875
3 0.36875 0.5875 0.05625 0.05390625
0 0.35234375 0.54375 0.03828125 0.0375
0 0.34921875 0.82890625 0.03671875 0.04453125
0 0.60078125 0.03515625 0.01953125 0.06875
5 0.6921875 0.27890625 0.04296875 0.03828125
0 0.31875 0.43359375 0.0390625 0.04375
0 0.653125 0.84140625 0.0265625 0.075
0 0.7140625 0.7609375 0.0265625 0.0796875
3 0.9109375 0.9515625 0.05625 0.096875
5 0.12734375 0.021875 0.0359375 0.040625
0 0.98203125 0.5078125 0.0359375 0.03203125
0 0.22421875 0.60859375 0.0421875 0.0421875
0 0.30390625 0.86875 0.0390625 0.0515625
5 0.45625 0.915625 0.03828125 0.0609375
0 0.51171875 0.34296875 0.05 0.05