0 0.6157179811425577 0.860728967538342 0.026273339923887917 0.03197742570596276
0 0.5455964821311408 0.8580873523363625 0.02308467292769336 0.030323997492717324
0 0.6908399979484715 0.7789501186336987 0.02783583992388792 0.03202288981258548
0 0.6225356669218323 0.7700130393250966 0.026146005931498982 0.028852425705962758
0 0.6978752010279518 0.6062938686336986 0.032587006920082116 0.03372178213245362
0 0.26681088483006016 0.537682890274804 0.0551968359695552 0.014091243731793846
0 0.7338710508376713 0.5272141223946223 0.026146005931498982 0.028852425705962758
0 0.7240145256659816 0.25204663783402853 0.022893671939110405 0.025636497492717503
0 0.7222994698482132 0.12178247631383059 0.02302100593149916 0.028761497492717548
0 0.33634213483006015 0.5356597375300947 0.0473843359695552 0.013863923198680439
0 0.7719347139167141 0.14842989284859348 0.023148339923887918 0.031886497492717505
0 0.6754020458575745 0.9471689212201234 0.029462006920082117 0.03363085391920819
0 0.644427843346748 0.3284931290585399 0.02302100593149916 0.028761497492717503
0 0.7822713305323477 0.002062981690853433 0.024519838935304607 0.004125963381706866
0 0.3044408774156864 0.571702537609237 0.053634335969555115 0.014045779625171307
0 0.6783333166550023 0.45391902639297294 0.026146005931499162 0.028852425705962758
5 0.7760239891255851 0.0289213749019048 0.02652800790866543 0.0382274257059629
0 0.449976142281615 0.1023949449727998 0.026273339923887917 0.03197742570596289
0 0.7781793967302393 0.0717764646353481 0.023021005931498983 0.028761497492717548
0 0.7699292035365908 0.19764864284859346 0.026273339923887917 0.03197742570596289
0 0.4399432731945236 0.27201712318604515 0.02302100593149916 0.028761497492717503
0 0.5855316403044487 0.10781456769662653 0.023021005931498983 0.028761497492717503
0 0.7713099728139626 0.10631058900852748 0.021585839923887917 0.031841033386094876
0 0.7662338591640786 0.25003785695521613 0.02302100593149916 0.028761497492717503
0 0.4360715152858582 0.3095853193459792 0.023021005931498983 0.028761497492717503
0 0.4321851699247629 0.36666203345260184 0.026273339923887917 0.03197742570596294
0 0.45715994809938343 0.23249998211981832 0.053634335969555025 0.014045779625171128
0 0.34291571737675525 0.14452627216983077 0.05669566897336074 0.012574207838416517
0 0.6410216590503479 0.41208687905853997 0.02321200692008212 0.03344899749271768
0 0.4577647845632301 0.21765623211981833 0.05369800296574958 0.01560827962517113
0 0.33170500886006754 0.3430547003830761 0.053634335969555115 0.014045779625171128
0 0.3411502875289796 0.20700354011651942 0.047384335969555116 0.013863923198680439
2 0.08838609038099836 0.35871811896290307 0.0483340237259962 0.1137729949854351
0 0.3324716714076376 0.36254048627645347 0.04419566897336073 0.012210494985435093
0 0.961810367035563 0.6017354346144655 0.025445668973360824 0.011664925705962937
0 0.962447036997507 0.5861104346144655 0.025509335969555024 0.013227425705962937
0 0.33769768228205255 0.31088705806320804 0.055196835969555116 0.014091243731793846
0 0.2750451960850359 0.6420066774218226 0.0505093359695552 0.013954851411925873
0 0.33940476232010863 0.32644386190327407 0.05675933596955511 0.014136707838416562
0 0.3453058883272823 0.12416830806320808 0.05832183596955511 0.01418217194503919
0 0.3471283734985347 0.19434441574334005 0.05044566897336082 0.012392351411925785
0 0.3463617109509646 0.17485862984996273 0.05675933596955511 0.014136707838416519
0 0.34673839574165616 0.08901205806320808 0.053634335969555115 0.01404577962517115
0 0.003259015285858157 0.6518663768804618 0.006518030571716314 0.015017246239076344
3 0.3950539485564939 0.6268099232651874 0.10347250988583179 0.04983016693047428