3 0.84921875 0.92265625 0.06875 0.14609375
0 0.5859375 0.671875 0.034375 0.03046875
0 0.27421875 0.73515625 0.028125 0.07109375
0 0.209375 0.86328125 0.0296875 0.0640625
3 0.365625 0.49140625 0.06328125 0.0390625
0 0.55 0.7421875 0.0328125 0.0328125
0 0.23359375 0.775 0.0296875 0.06875
0 0.65078125 0.5171875 0.034375 0.0265625
0 0.3171875 0.15859375 0.01484375 0.059375
0 0.7390625 0.9328125 0.034375 0.0375
0 0.5859375 0.76875 0.03125 0.0359375
0 0.2375 0.034375 0.0140625 0.0625
3 0.2046875 0.953125 0.04609375 0.08828125
0 0.1828125 0.16640625 0.015625 0.05859375
0 0.56484375 0.89609375 0.03203125 0.04375
5 0.29140625 0.63359375 0.0203125 0.08828125
0 0.65 0.95625 0.01640625 0.05859375
0 0.7515625 0.87734375 0.034375 0.040625
0 0.25859375 0.6703125 0.021875 0.06484375
0 0.1828125 0.1015625 0.01484375 0.05859375
3 0.209375 0.1203125 0.0234375 0.14609375
0 0.21640625 0.521875 0.0390625 0.03125
0 0.5171875 0.0421875 0.028125 0.025
0 0.690625 0.43984375 0.0375 0.0296875
0 0.040625 0.24765625 0.0359375 0.04453125
0 0.2140625 0.00546875 0.0125 0.0109375
0 0.23984375 0.146875 0.01875 0.07109375
0 0.18203125 0.01484375 0.015625 0.0296875
0 0.24453125 0.83984375 0.03203125 0.0640625
0 0.56015625 0.121875 0.03359375 0.0296875