3 0.8246008912186698 0.9159508330324092 0.1615688527754692 0.09310562626704133
3 0.6035640573006431 0.1269781948615111 0.07056185079830275 0.08320338544042354
0 0.11849015407025103 0.8508908551898025 0.03446784190105419 0.040815897540672094
0 0.5443336373386991 0.14226230639602544 0.0456600098858317 0.047129530054229284
0 0.6297937044879929 0.6147463604543597 0.03752917490485981 0.03927157825883114
3 0.9606377751716899 0.2814354533475222 0.05873301285158128 0.06126475292686617
0 0.7980422746773983 0.2828338060032419 0.07515650889724856 0.04261474687674198
0 0.7058442099252004 0.5894014476901814 0.04065417490485963 0.03928975897699054
0 0.5832634861598356 0.06903388465485664 0.037592841901054184 0.04083407825883121
0 0.7253144515222434 0.6293679175377563 0.04377917490485981 0.039307939695149764
0 0.7497029337649274 0.31849859523085344 0.07346667490485981 0.03948065651766246
0 0.026513490076987212 0.44244657523376907 0.03440417490485979 0.0392533975406721
0 0.07362454790910292 0.16843690349260032 0.06664367193911028 0.025381795081343927
0 0.803085329963694 0.8111133421075956 0.05015650889724874 0.04246930113146803
0 0.12754409087528998 0.36020222267624524 0.05621550790866543 0.03781816256778665
0 0.8570552469598883 0.8098644594958422 0.045405341901054184 0.040879530054229465
3 0.16182488486724123 0.15175846360105888 0.15978617688202618 0.049355626267041416
0 0.89727568175058 0.7241405829342134 0.06039367193911005 0.025345433645025395
0 0.21490080532347672 0.1340942406302261 0.061956171939110224 0.025354524004105095
0 0.6930046061983293 0.29081850194490755 0.07646434091247087 0.03637383723582168
0 0.8526582015222435 0.6301087818027451 0.05009284190105419 0.04090680113146803
0 0.09199922722540595 0.5037795058537325 0.034276840912471004 0.0361283975406721
0 0.8636526872249684 0.3027513962641257 0.08147017589344294 0.044213608313060516
5 0.6543267667687329 0.3195065833269968 0.08915534190105419 0.04113406010845857
0 0.18842187695857585 0.189422090064492 0.08714717292769344 0.03018746974937896
0 0.14109589079874027 0.12350619857394425 0.052390170950527094 0.020612481849627384
0 0.06650972627400381 0.11291361133812261 0.03533000494291587 0.02363748789975162
0 0.7560510928524563 0.3544815470262515 0.07203150889724856 0.04259656615858276