5 0.11828893506848712 0.5098452575415686 0.041197744317957155 0.035653276735205
0 0.5883753384770538 0.40050456444304805 0.036455697240056394 0.032200494804219916
0 0.61502361323382 0.4384362531789677 0.036455697240056394 0.032200494804219916
5 0.5723161416440344 0.6052848995923419 0.03963524431795697 0.03554401609154354
0 0.5945786996789837 0.4921457612247394 0.039580697240056396 0.032419016091543365
5 0.7044195296313256 0.6366227448810944 0.041197744317957155 0.035653276735205
0 0.40388374148187867 0.6435929187859785 0.038045470779006864 0.03387225544788173
5 0.6732803981368563 0.4983468487198218 0.04276024431795715 0.03576253737886681
5 0.6772706485438933 0.672073925823344 0.038018197240056395 0.03230975544788173
0 0.24419073620357762 0.3153307970141224 0.03807274431795715 0.03543475544788164
0 0.6262528084419865 0.025323338037722763 0.022965941558013726 0.050646676075445526
0 0.4458702386392096 0.38393941333809684 0.028588650162155817 0.028529191585911207
0 0.7306539362830078 0.029475606475054643 0.022938668019063257 0.058951212950109286
0 0.8381773263054845 0.9308047975952001 0.02376478246740419 0.020388909654926124
0 0.7043566688331374 0.23789566777757232 0.021157979707460584 0.0498578883676025
0 0.7733098514659926 0.6684793962381473 0.041197744317957155 0.035653276735205
0 0.6916732568998588 0.0284702993599109 0.02137616801906326 0.0569405987198218
0 0.7110954127440575 0.030912420337025053 0.02137616801906326 0.061824840674050106
0 0.6958328770302425 0.10037924228320445 0.026145488635914305 0.06737317029858776
0 0.16020151988879766 0.3438324914500252 0.03174092370110611 0.030310212873234654
0 0.8636057946488591 0.815103387940274 0.027680715096963838 0.06591993094224939
0 0.5951119025977878 0.022900319474340118 0.022938668019063257 0.045800638948680236
0 0.6612181436693341 0.02711098708742434 0.019650026785361163 0.052873627723940816
5 0.9725611980541305 0.25035283706775385 0.027626168019063257 0.06279493094224957
0 0.6760073465914334 0.029198010972637866 0.02126707386326192 0.05610788836760257
0 0.6114772422893623 0.023471260934200575 0.02137616801906326 0.04694252186840115
0 0.7174399066615681 0.7847488884444771 0.02439207386326192 0.05632640965492595
0 0.7415667479747003 0.5201018803987054 0.036728432629559826 0.047825494804219916
0 0.6756158344165687 0.096330880650807 0.024501168019063258 0.06257640965492603
0 0.6425363275167099 0.02469508933666779 0.019595479707460582 0.04939017867333558
0 0.5036123750016477 0.20511529080993612 0.024446620941162678 0.059451409654926034
0 0.735956307230761 0.9309301197550436 0.03807274431795715 0.03543475544788137
0 0.8137967094215117 0.8076622285374496 0.019540932629559648 0.046623627723940686