0 0.7129117169677082 0.07890625 0.03908234736759475 0.0453125
0 0.1636954892850448 0.3921875 0.07323909255827141 0.0390625
0 0.4953373588851582 0.42578125 0.03886409255827132 0.0390625
0 0.5825397477225653 0.484375 0.04215278366526398 0.04375
5 0.5926935085223385 0.4171875 0.04544147477225646 0.0484375
0 0.582805131750649 0.53671875 0.045277783665263985 0.04375
0 0.5308978913692959 0.54921875 0.046949411069925694 0.046875
0 0.5523438493513294 0.73828125 0.045277783665263985 0.04375
5 0.24821433302444254 0.3515625 0.08116071996293303 0.0421875
0 0.5468998588851581 0.42578125 0.038973219962933216 0.0421875
0 0.4863195121505356 0.503125 0.04220734736759475 0.0453125
0 0.35480658420556893 0.271875 0.0745833377489479 0.0328125
0 0.5112352105139223 0.6796875 0.04220734736759475 0.0453125
0 0.5408879610620765 0.47734375 0.04059028366526398 0.04375
0 0.5673463120578683 0.60859375 0.04382441106992552 0.046875
0 0.5596727105139223 0.6796875 0.05012897477225664 0.0484375
0 0.6670362217770316 0.08515625 0.03584821996293304 0.0421875
0 0.606041668874474 0.01640625 0.0370833377489479 0.0328125
5 0.5269122850160264 0.6140625 0.048511911069925695 0.046875
0 0.29801844790005055 0.70390625 0.04996528366526398 0.04375
0 0.2723661726723071 0.75234375 0.05799603847458741 0.05
0 0.6140649892002268 0.0671875 0.03886409255827132 0.0390625
0 0.6504365096186469 0.0125 0.035248019237293704 0.025
5 0.6952678599814666 0.02109375 0.04366071996293321 0.0421875
0 0.4977653774046617 0.003125 0.03303075480932342 0.00625
0 0.9595809412766286 0.6546875 0.0686061562606021 0.040625
5 0.12379724181693355 0.8828125 0.06084821996293308 0.0421875
5 0.1841890716765152 0.62109375 0.07362103847458741 0.05
5 0.11961810707105966 0.3828125 0.0876835384745874 0.05
5 0.2462053997219983 0.31640625 0.0938244110699257 0.046875
5 0.3606126401033515 0.30390625 0.07636409255827141 0.0390625
0 0.04585571405730134 0.440625 0.06246528366526396 0.04375