0 0.31875 0.45449024204327076 0.053125 0.01780566534054522
0 0.5734375 0.15276629941117822 0.0265625 0.03155908267027256
0 0.73203125 0.646017954766041 0.0328125 0.03163180800445424
0 0.64921875 0.07474184408813231 0.025 0.031540901336727115
0 0.65 0.216157184754905 0.025 0.025290901336727067
0 0.74140625 0.8734707927673135 0.03125 0.0347386266709087
0 0.78671875 0.9114980514401314 0.028125 0.03157726400381833
0 0.6421875 0.1340350280871778 0.025 0.028415901336727112
0 0.14921875 0.41579881735359 0.065625 0.019513616008908663
0 0.30859375 0.4160908133752253 0.05 0.017769302673454133
0 0.98203125 0.39970821813331203 0.0359375 0.014480670671545237
5 0.7828125 0.9536400981062677 0.0265625 0.04093408267027243
0 0.35546875 0.7822612533815887 0.046875 0.017732940006363405
0 0.784375 0.7349082794398132 0.028125 0.03782726400381797
0 0.6984375 0.45578330609481377 0.028125 0.031577264003817974
0 0.784375 0.8341270294398132 0.028125 0.03470226400381797
0 0.98203125 0.416114468133312 0.0359375 0.016043170671545325
0 0.30078125 0.34881240670749813 0.05625 0.017842028007636034
0 0.23125 0.41675333736472575 0.05625 0.016279528007635945
0 0.709375 0.9465355754296318 0.03125 0.0378636266709087
0 0.2140625 0.43295959269572587 0.05 0.014644302673454134
0 0.27734375 0.43682093670431643 0.053125 0.01780566534054522
0 0.3578125 0.7955697753819069 0.05625 0.014717028007635946
0 0.01953125 0.34085226666931806 0.034375 0.017587489337999786
0 0.734375 0.405420226766359 0.0234375 0.022147720003181704
0 0.7890625 0.7880878234404496 0.0296875 0.03784544533736334
3 0.53671875 0.23827653807286028 0.04375 0.0880090773392724
3 0.43671875 0.4832066827259518 0.1546875 0.03617495202099903
0 0.72265625 0.04669011676476822 0.034375 0.03789998933799978
0 0.7890625 0.9888839707192704 0.028125 0.022232058561459312
0 0.45 0.6232049740610881 0.028125 0.03470226400381797
0 0.45546875 0.7131123587284971 0.025 0.029978401336727068
0 0.4640625 0.834306106062997 0.028125 0.040952264003817976
0 0.4609375 0.8811447433959062 0.028125 0.031577264003817974
0 0.4796875 0.9352691693984514 0.05625 0.017842028007635947
0 0.3578125 0.9917209726885672 0.0703125 0.016558054622865727
0 0.35546875 0.8986675033815887 0.0578125 0.01942270934118149
0 0.35625 0.8627390940483615 0.059375 0.01944089067472703
0 0.35390625 0.8439618220480434 0.05 0.01620680267345449
0 0.3578125 0.8283822753819068 0.05625 0.016279528007635945
0 0.35234375 0.7236311407144977 0.0546875 0.017823846674090583
0 0.3515625 0.711122050047725 0.05 0.017769302673454133
0 0.35546875 0.6791362533815887 0.059375 0.01787839067472685
0 0.3515625 0.661903300047725 0.059375 0.01944089067472703
0 0.35390625 0.6439618220480432 0.05625 0.017842028007635947
0 0.35390625 0.6259930720480432 0.0421875 0.012990896005726959
0 0.471875 0.7515845127307242 0.053125 0.01780566534054522
0 0.471875 0.7687720127307244 0.0515625 0.017787484006999678
0 0.45234375 0.6794822460614063 0.025 0.031540901336727246
2 0.10546875 0.6285709900143175 0.0546875 0.11626134667409058
0 0.5953125 0.8506770880808144 0.025 0.031540901336727246