5 0.6616670527333776 0.8428945019205638 0.07347604135632882 0.03814180913596843
5 0.5435120581100611 0.9079695460185272 0.07881851282028159 0.05244997060135788
3 0.6930112520714238 0.7920656642904644 0.1635573858558109 0.06468437697836435
0 0.43083239144189134 0.5864519928754524 0.03939213978475227 0.04259029172311415
0 0.4880091906561031 0.5863158740376884 0.03939213978475244 0.042590291723113974
5 0.2808279675395205 0.9317943911118587 0.033142139784752264 0.042262743102595125
5 0.6048435878844535 0.43189172489677097 0.04266268899896399 0.04587906603337366
0 0.2744281102197569 0.9947436912027158 0.02921661910658786 0.010512617594568497
0 0.1543620525239806 0.2673147320213186 0.06708049214211717 0.034689260515449585
0 0.4547279638154668 0.5274012194697042 0.03612159057054054 0.039301517412854634
0 0.5487861788692788 0.5425116423550541 0.039537688998963996 0.04571529172311415
0 0.4513674075719418 0.8013300424004826 0.07125856989237604 0.023997421980838853
0 0.5224013072814915 0.6045645850281078 0.03782963978475227 0.042508404567984215
0 0.7874954603008101 0.6803269821328601 0.06039384449948208 0.024986711894930735
0 0.1929469778786027 0.9185740168470277 0.029871590570540583 0.03897396879233561
0 0.8036107276692057 0.4015845064431197 0.04542381596343468 0.03823034034363317
5 0.7861469760165759 0.7429088692879899 0.08604881596343468 0.04035940637700648
5 0.23880744148467253 0.8755543571906607 0.030162688998963995 0.04522396879233561
5 0.1933857795740138 0.875523379691898 0.025038541356328815 0.035603307326946165
3 0.07279295140947004 0.7070898829712583 0.08532106989237616 0.02473440637700648
0 0.2948263091435184 0.7993913268875075 0.06330052067816441 0.020462986205189892
0 0.5045824146012551 0.5331466084338562 0.040954639784752264 0.042672178878243726
5 0.018324006824425552 0.12783175090451115 0.03604881596343472 0.03773901741285455
0 0.8454921666681697 0.3599226288989284 0.0643193651776464 0.04233798620519007
5 0.8861256670824545 0.5132014371303859 0.05821491439185813 0.04513543758467105
3 0.03231577047327665 0.783089138964152 0.0646315409465533 0.04742827792830404