0 0.8203125 0.58671875 0.03203125 0.0234375
0 0.725 0.37421875 0.025 0.02265625
5 0.68125 0.4921875 0.03671875 0.053125
5 0.728125 0.31953125 0.03828125 0.02890625
0 0.6828125 0.584375 0.028125 0.046875
0 0.4578125 0.890625 0.0140625 0.0609375
0 0.8734375 0.340625 0.0296875 0.05078125
0 0.665625 0.95859375 0.0125 0.05625
0 0.64375 0.88046875 0.01328125 0.05859375
0 0.628125 0.95 0.01484375 0.05625
0 0.52890625 0.95078125 0.01328125 0.06015625
0 0.83046875 0.05546875 0.0234375 0.04765625
0 0.9375 0.05625 0.0171875 0.06171875
0 0.8265625 0.33046875 0.040625 0.02890625
0 0.91796875 0.14375 0.015625 0.065625
0 0.625 0.88046875 0.0125 0.05546875
0 0.5765625 0.94765625 0.0125 0.05234375
0 0.646875 0.9515625 0.01328125 0.0546875
0 0.54453125 0.9515625 0.01171875 0.0546875
0 0.56171875 0.94765625 0.0125 0.05546875
0 0.6109375 0.94765625 0.0125 0.053125
0 0.59609375 0.9484375 0.01484375 0.053125
0 0.675 0.75 0.0125 0.0453125
0 0.93515625 0.1921875 0.01484375 0.05859375
0 0.4703125 0.753125 0.015625 0.06171875
0 0.8875 0.20234375 0.0125 0.04375
3 0.15703125 0.9421875 0.07109375 0.09296875
0 0.7859375 0.20859375 0.01953125 0.05078125