1 0.585584312902918 0.42734375 0.08195911201270896 0.040625
0 0.30197870048317205 0.5609375 0.028561376623205438 0.025
0 0.07805205113179517 0.6671875 0.034865923701106104 0.028125
0 0.6174770154179802 0.5984375 0.033248876623205345 0.025
0 0.060299715093668646 0.5453125 0.031686376623205434 0.025
0 0.45968073741809834 0.10703125 0.016715941558013724 0.0625
0 0.7776139001588606 0.5078125 0.034811376623205346 0.025
0 0.8152872240221225 0.5625 0.03799092370110628 0.028125
0 0.6274352532464109 0.05 0.013509120941162679 0.0578125
0 0.6461988900158862 0.05078125 0.016715941558013724 0.0625
0 0.546117069399035 0.04609375 0.01509889448011279 0.059375
0 0.8238985649315129 0.51875 0.032013659090609534 0.04375
5 0.6793264046230874 0.51640625 0.04437729139585791 0.0359375
0 0.8940007848997407 0.4171875 0.028506829545304768 0.021875
5 0.7399753526739227 0.67890625 0.038045470779006864 0.03125
0 0.5618511635548364 0.05234375 0.013372753246410874 0.05
0 0.5790113900158861 0.05078125 0.016552300324311632 0.053125
5 0.9230254062446452 0.78203125 0.024855724025417913 0.08125
0 0.5265994561685102 0.046875 0.018305715096964013 0.0640625
0 0.5946227532464109 0.05 0.015126168019063257 0.0609375
0 0.6110562767853611 0.0515625 0.016770488635914304 0.065625
0 0.6282028664769357 0.04921875 0.016770488635914304 0.065625
0 0.6247290389602258 0.11875 0.016770488635914304 0.065625
0 0.644273925729701 0.11953125 0.01674321509696384 0.0640625
0 0.6647579752432338 0.03984375 0.019868215096963838 0.0640625
0 0.6786097897710046 0.2515625 0.016443206168510117 0.046875
0 0.4753075117678275 0.24140625 0.02000458279171564 0.071875
0 0.8335480746707455 0.66875 0.038045470779006864 0.03125
0 0.9507663969091542 0.9390625 0.021430715096963836 0.0640625
3 0.15878071063273708 0.05546875 0.07965231818121903 0.0875