0 0.72421875 0.765625 0.021875 0.08515625
0 0.39375 0.18046875 0.03984375 0.03125
0 0.7234375 0.94140625 0.02265625 0.08515625
0 0.20703125 0.2296875 0.04375 0.0359375
0 0.27734375 0.2984375 0.046875 0.03671875
0 0.17421875 0.17578125 0.03984375 0.03515625
0 0.14921875 0.06171875 0.04609375 0.0359375
0 0.51484375 0.07265625 0.046875 0.034375
0 0.10546875 0.1078125 0.04140625 0.0328125
0 0.2328125 0.171875 0.05078125 0.0375
0 0.33359375 0.1828125 0.04375 0.02890625
0 0.85859375 0.078125 0.04921875 0.040625
0 0.984375 0.2046875 0.03125 0.034375
0 0.884375 0.34453125 0.04921875 0.04375
0 0.95390625 0.27109375 0.04921875 0.0375
0 0.6921875 0.78125 0.0234375 0.09296875