3 0.4609375 0.3359375 0.08515625 0.04375
3 0.571875 0.19921875 0.05 0.0359375
3 0.84296875 0.921875 0.06796875 0.146875
0 0.51796875 0.2484375 0.03671875 0.03046875
5 0.609375 0.5046875 0.0390625 0.028125
0 0.45625 0.25234375 0.03515625 0.02734375
0 0.7328125 0.40234375 0.03046875 0.0234375
0 0.603125 0.253125 0.03828125 0.02890625
0 0.41171875 0.25703125 0.02734375 0.02265625
0 0.41640625 0.29375 0.0359375 0.028125
0 0.70078125 0.25859375 0.028125 0.025
0 0.58515625 0.671875 0.03359375 0.03046875
5 0.5625 0.3359375 0.0390625 0.028125
0 0.2328125 0.7671875 0.03046875 0.07109375
0 0.546875 0.740625 0.03359375 0.03359375
5 0.13203125 0.53203125 0.034375 0.03046875
0 0.5546875 0.2953125 0.03671875 0.02890625
0 0.27421875 0.7265625 0.02890625 0.0703125
0 0.51953125 0.04140625 0.03125 0.0265625
0 0.20703125 0.85390625 0.03203125 0.0640625
0 0.64765625 0.34140625 0.03984375 0.03046875
0 0.58203125 0.76875 0.03359375 0.03828125
0 0.68125 0.853125 0.03359375 0.0390625
0 0.02421875 0.5234375 0.0390625 0.0328125
0 0.11484375 0.446875 0.03828125 0.03046875
0 0.2640625 0.20859375 0.02578125 0.06796875
0 0.565625 0.11796875 0.0328125 0.028125
0 0.43984375 0.14140625 0.03203125 0.0515625
0 0.24453125 0.821875 0.028125 0.0640625
0 0.3171875 0.55703125 0.01640625 0.078125
0 0.73671875 0.934375 0.034375 0.040625
0 0.6109375 0.2890625 0.03671875 0.02890625
0 0.4953125 0.953125 0.01640625 0.0859375
0 0.09765625 0.546875 0.0359375 0.03125
0 0.25703125 0.6625 0.02265625 0.0640625
0 0.47265625 0.29296875 0.03671875 0.02890625
0 0.1578125 0.97265625 0.03359375 0.0546875
0 0.10078125 0.496875 0.046875 0.03828125
5 0.29140625 0.628125 0.02265625 0.07265625
3 0.19609375 0.9515625 0.053125 0.09609375
0 0.36484375 0.9765625 0.0421875 0.046875