0 0.865625 0.23046875 0.03828125 0.028125
3 0.9109375 0.94140625 0.0546875 0.11171875
5 0.79765625 0.71328125 0.034375 0.07421875
0 0.11875 0.50546875 0.03828125 0.0484375
0 0.56484375 0.5 0.03046875 0.0296875
0 0.5078125 0.525 0.040625 0.0390625
0 0.2578125 0.1703125 0.03046875 0.0625
3 0.94609375 0.31796875 0.090625 0.03671875
0 0.70703125 0.87265625 0.0203125 0.05703125
0 0.56640625 0.44765625 0.0375 0.0359375
0 0.5078125 0.47421875 0.03828125 0.0359375
0 0.6984375 0.02421875 0.015625 0.0484375
0 0.403125 0.5671875 0.03515625 0.0359375
5 0.44921875 0.5515625 0.04140625 0.0375
0 0.7328125 0.771875 0.0234375 0.06328125
0 0.9390625 0.228125 0.03125 0.025
0 0.3484375 0.81875 0.0359375 0.0453125
0 0.5640625 0.55390625 0.03984375 0.03515625
0 0.74921875 0.67265625 0.021875 0.08046875
0 0.7359375 0.6015625 0.0171875 0.08359375
0 0.86328125 0.2765625 0.0375 0.028125
0 0.30625 0.86640625 0.03984375 0.0515625
0 0.978125 0.01171875 0.03671875 0.02265625
0 0.64375 0.96875 0.0375 0.0625
5 0.12421875 0.0265625 0.03984375 0.0390625
5 0.23671875 0.93125 0.0390625 0.053125
5 0.453125 0.90625 0.03984375 0.04609375
5 0.6765625 0.9625 0.03671875 0.075
3 0.6953125 0.79375 0.06328125 0.1765625