3 0.04407143451145056 0.6814529298477756 0.08814286902290112 0.09728085969555131
3 0.1862317585277923 0.6747930474519924 0.10676521046687393 0.06670202174882985
3 0.5385208425733675 0.515298619618564 0.05878273677523325 0.07254084486680376
0 0.6260634291086044 0.19544371745111733 0.04004814732681172 0.04527800790866539
3 0.7818396611162759 0.6536421725077639 0.10068181043863902 0.09607118676785795
3 0.8615304922486665 0.18624376688027605 0.05207771046687384 0.06447367688202617
0 0.3313292398295921 0.3886074911399325 0.04142863680346807 0.04221667490485981
3 0.16919805005646973 0.06641020307948026 0.14921031570031093 0.09960736364988401
0 0.7997959166602964 0.9503871799221377 0.06909861049510901 0.03555018083635879
0 0.23862580033881842 0.366818721368269 0.047769642065139895 0.04403384288963732
0 0.8176428402954675 0.8994295163859845 0.06588260523343692 0.03386034684397003
5 0.8059575135071155 0.4008991744849303 0.04335515785015538 0.04853034190105419
0 0.6842465113703897 0.9174871552075583 0.07856461575678075 0.03749468281352506
0 0.2566631687970222 0.4067088923187961 0.04464464206513998 0.043906508897248564
0 0.9129377426721895 0.6347077831918984 0.04197466837349921 0.05159167490485963
0 0.782403290309585 0.9128725924697079 0.06744510523343691 0.03392401384016423
0 0.39164657159726735 0.5899736729648745 0.06366765785015546 0.04935801285158128
0 0.1272542027861277 0.16807086216700923 0.05273015785015547 0.04891234387822054
0 0.8550867162932432 0.56578668684222 0.038303636803468065 0.04208934091247087
0 0.2926182664203001 0.676778653193211 0.09335515785015547 0.05056768577927464
0 0.13836340592519122 0.7033836210642578 0.08434417889684287 0.05643568380210837
0 0.8608923113562723 0.9098059422794276 0.016717063140062292 0.019386669961944138
0 0.7161104323747248 0.8678837446371546 0.08655912628012441 0.04093801779449713
0 0.25082779564184393 0.9640412312541006 0.037848610495108834 0.03427684091247087
0 0.022264688457704452 0.6511924268820262 0.044529376915408904 0.04017401384016441
0 0.27122140855602717 0.7080140657407811 0.0790196420651399 0.045307182813525235
0 0.6885923771271705 0.88320765570185 0.07387711575678076 0.037303681824942106