5 0.29376678947255386 0.1120981735989794 0.03587179802252862 0.04489583774894799
0 0.6652833404219486 0.7506546650766409 0.054731058666190255 0.04711310217691818
0 0.3641510732451244 0.3426636381196169 0.055965776735205176 0.04248016587924912
0 0.5697248219846166 0.7017757101746502 0.05160605866619043 0.047003974772256464
0 0.023855986128194354 0.34397568929289407 0.04771197225638871 0.024166675497895973
0 0.7641835602556741 0.23906983513224125 0.07093521287323465 0.03365080290255769
3 0.9078782019774714 0.02239949537993565 0.0965579257464693 0.0447989907598713
0 0.045739926831750176 0.3935292559904498 0.07518567029858776 0.027564494009550255
0 0.7967961483318342 0.9206348044622021 0.04916947351689629 0.03444941106992587
0 0.4565624483711752 0.3028074752355927 0.03888753737886681 0.04344246515360961
0 0.04246709738243948 0.29544642005560035 0.0702796490112643 0.024275802902557687
0 0.2794754244859617 0.29418398730131023 0.06991901609154336 0.04140873920022683
0 0.9094960602556743 0.23399541081547165 0.06457595222957266 0.03187004809323426
0 0.8047168170409382 0.5844616914855107 0.05116901609154354 0.04075397477225664
5 0.12214924354371218 0.3261755756832304 0.07216993094224948 0.029017866604888455
5 0.7368997944162323 0.20573154547652753 0.08855975544788172 0.040501003628197016
0 0.1542079906937206 0.38038936052962075 0.08154493094224949 0.02934524881887359
0 0.00133363501340787 0.3745089266790223 0.00266727002681574 0.022857146641955418
3 0.10595616099230835 0.35713539900420815 0.11479447351689646 0.03674108656782167
0 0.29444948650634667 0.046609582854806535 0.038996798022528624 0.04500496515360969
0 0.8377138954049681 0.22403262297385645 0.07438799480421991 0.0384474303072194
0 0.6305787386000337 0.1993129090861911 0.0707166915859112 0.030525802902557686
5 0.01390006494725118 0.9147594152462769 0.02780012989450236 0.038973219962933216
0 0.15004075267476463 0.7631919368458233 0.06802873416055819 0.0366666754978958
0 0.8422278886965786 0.6275742852249084 0.06766810124083733 0.05379961179556503
5 0.888364833384583 0.46931535192246426 0.06744957995351371 0.050674611795565025
5 0.6468157437958137 0.23459564465822086 0.08510697351689647 0.035704376223535304
0 0.19329190604862978 0.24497765018533446 0.07573197351689646 0.03537699400955026