3 0.7963614854546309 0.9604890260612782 0.15663035352912935 0.07902194787744357
4 0.6564929180419876 0.3600126688722794 0.1116012734452168 0.0569089389258032
0 0.964579950410274 0.2517936628552997 0.04502908008391273 0.040203497840531635
5 0.537886473230791 0.26762730490033365 0.04069677759440164 0.04459060919158375
3 0.09334541306761017 0.12530848550203053 0.1018710759347277 0.05162066162790722
0 0.6097191261259316 0.6561169108527148 0.038897479254075586 0.0413654796419344
0 0.3567432170070136 0.2442434623661877 0.06389747925407559 0.04296755243632351
0 0.9014744539347589 0.3490203138427488 0.07159158008391273 0.04190570018457018
5 0.1961618371328825 0.17742979487818436 0.07893048340326048 0.03615634793281677
0 0.05289432136133555 0.3276126627076414 0.06534158008391258 0.04150518198597286
0 0.7607856412727786 0.5998540237449264 0.045147479254075584 0.04176599784053163
0 0.31639886907696163 0.43477882479697394 0.030729781743586492 0.03617733189368781
0 0.6545402543496776 0.33398109499815604 0.07592388257342364 0.037518588833518066
0 0.5738859406620118 0.11371056291989814 0.04394017676456467 0.046353368290882366
0 0.16282358318419027 0.4516287584809898 0.04526587842423861 0.04332849784053181
0 0.7770688790257166 0.8615320033868608 0.04850927759440147 0.04509125693983016
0 0.5151486354732085 0.19473122300664586 0.0355356809137497 0.03804022054263574
0 0.9720712964662261 0.3394135788021436 0.01702247925407576 0.03996366594684382
0 0.8595531827646272 0.6846877035714309 0.05307837842423879 0.04382914558877822
0 0.6851102124336215 0.635041749686233 0.04358497925407576 0.04166586829088246
0 0.1002708419067673 0.08571505937615384 0.06955548340326048 0.035555570634920805
0 0.4519974400373119 0.19931979102067304 0.047065176764564676 0.046553627390180985
0 0.013679839932421181 0.45285369216500565 0.027359679864842362 0.03637759099298634
0 0.7573576010303297 0.33428958050018653 0.06666728174358667 0.038480311535622216
0 0.7049840819347903 0.6732123781561481 0.04502908008391256 0.040203497840531635
0 0.1847740512401111 0.20339151758028845 0.07052598755244537 0.027843200184570094
0 0.33540470373426634 0.02855910317460404 0.044815592531467274 0.016866127390180986
5 0.20905292344057239 0.1523494517257296 0.07568708423309749 0.034393588833518104
5 0.4687211535198406 0.32050317858988686 0.039252676764564676 0.0460529796419344
0 0.5297457769697017 0.08497549120524316 0.04538427759440165 0.04489099784053165
0 0.07413866886718024 0.5134593275747511 0.03757177759440165 0.04439035009228505
0 0.6196729599580437 0.05855149598560515 0.03555899170163031 0.017827850092285068
0 0.15788578421916427 0.5478727028054637 0.02724958423309749 0.03128957279438911
0 0.8197416311003091 0.8681918160022171 0.04635478174358667 0.037178627390181164
5 0.07768452427040935 0.14550106955518666 0.07724958423309744 0.034493718383167414
0 0.0671488433566598 0.18093792180694004 0.07388778589277138 0.031168459283868754
5 0.8152526114032919 0.3576257533868608 0.08769017676456485 0.04915699568106326
3 0.9223025591142736 0.643961376458105 0.05873638257342364 0.036417163787375625