0 0.3252021840388164 0.31221192607271425 0.030087489337999783 0.036798369395056166
5 0.5471793707431328 0.6074120821415493 0.03012385200509069 0.03992336939505634
1 0.5684794693666348 0.2914840642637018 0.052598836012090366 0.09327151000193971
0 0.4921464254057694 0.5732604806243404 0.03012385200509069 0.03992336939505616
5 0.5455917881126312 0.8734356948686457 0.044277258672817864 0.048883781213766755
0 0.9707623214114964 0.6544769824605083 0.05806703866963616 0.026594193032477877
0 0.5239247787634955 0.7553713500193966 0.026853401336727246 0.027168277879787085
0 0.5150170200111358 0.12399380426176212 0.03326703333863605 0.04174096091032524
5 0.36264238076858624 0.7796703641042223 0.031722714672181594 0.04317591515269079
0 0.5290715240292714 0.2586079203228384 0.026980670671545325 0.038105777879787084
0 0.8804356713876338 0.47148939715415705 0.059647720003181345 0.028284238790112326
0 0.9650753954089509 0.6352805723087874 0.05806703866963616 0.026594193032477877
0 0.9566992740690423 0.5862053435206148 0.05023635733609098 0.024393964244305268
5 0.5610498720559974 0.45790628971789465 0.0348840773392725 0.04655600666795969
5 0.49960767345635804 0.9461718221396096 0.0785977146721816 0.0470022878817268
0 0.9549458700668151 0.5696715477629801 0.06119203866963616 0.026849284547746776
0 0.954754966064588 0.5532652977629802 0.05806703866963616 0.026594193032477877
5 0.5244611281030862 0.8014651000193966 0.03486589600572696 0.04499350666795969
0 0.7140476027211793 0.45946827396607903 0.06119203866963616 0.026849284547746776
5 0.47482837201622646 0.1581776145632642 0.034865896005727134 0.04499350666795978
5 0.2589104954646303 0.9839361907615138 0.07694430800445433 0.03212761847697223
0 0.12134631345476714 0.9035869987920521 0.06137385200509069 0.04247428454774678
0 0.13967014680135742 0.9960776456078534 0.06580681333545443 0.007844708784293174
0 0.2677945994589033 0.945981277130881 0.051835220003181706 0.02764651000193972
0 0.27312753679976665 0.9941402381861384 0.06431703866963616 0.011719523627723305
0 0.3991173247930851 0.962945120772182 0.06597044533736351 0.035044421820650484
0 0.38452756612026723 0.9164847089534712 0.05052725867281786 0.04939396424430527
0 0.38559007944776746 0.8736435047111059 0.03799089600572696 0.04524859818322895
0 0.2635150847787676 0.8465074356156119 0.058085220003181705 0.028156693032477875
3 0.6512968954487219 0.9023575335089766 0.052362478675999566 0.07295901000193936
0 0.7487771387253155 0.4927430306340389 0.07065794533736351 0.03542705909355419
0 0.9498492900620427 0.5341326604900767 0.061228401336727245 0.029974284547746775
0 0.9568992687380422 0.6033928435206148 0.05808522000318135 0.028156693032477875
0 0.9655771907025665 0.620564368066422 0.06884561859486701 0.03230205909355419
0 0.8971975520766783 0.6375448318516851 0.061228401336727245 0.029974284547746775
0 0.9028753874124508 0.655959992003406 0.06909544533736352 0.03529951333591956
0 0.973698773372839 0.6736733926122291 0.0526024532543218 0.029719193032477876
0 0.7761316214194507 0.6971275127561913 0.04240567600254543 0.0221937354561323