3 0.610852947286775 0.29997468671910726 0.07093066534054522 0.058041728964778015
0 0.4100802406110935 0.38036629910780934 0.03630112667090888 0.03376299480421992
0 0.7798114852800934 0.33733865688180903 0.03633748933799978 0.03688799480421991
0 0.8934109086171386 0.3020735102163332 0.039462489337999784 0.03710651609154336
5 0.3024115492520947 0.5768038925549764 0.044204533338636054 0.04212179802252862
5 0.18962283728518403 0.3411391801859448 0.042605670671545234 0.03888753737886681
0 0.3456273892823205 0.3513068658197714 0.039462489337999784 0.03710651609154336
5 0.24206658461968397 0.3288851986232767 0.039462489337999784 0.03710651609154336
0 0.19008536660568462 0.4355611695422832 0.03789998933799978 0.036997255447881724
0 0.5222722526257291 0.2647962934078262 0.039462489337999784 0.03710651609154336
0 0.5311150678708241 0.913649056649378 0.027253390674726853 0.06123243094224975
0 0.10021379726291232 0.5113202762310021 0.041024989337999786 0.037215776735205
0 0.2950364959420936 0.4055844564169469 0.039462489337999784 0.03710651609154336
0 0.3485063939370029 0.439314964210617 0.03630112667090888 0.03376299480421992
0 0.14571829595004776 0.35747972820847346 0.042605670671545234 0.03888753737886681
0 0.08947738661682048 0.3606318613802959 0.04142497867599957 0.07159077673520509
0 0.5139457492043695 0.913288423729657 0.028852253341817756 0.0644666915859112
0 0.06118820727245735 0.4437939226443762 0.042605670671545234 0.03888753737886681
0 0.07873878660091212 0.47847492524226637 0.041024989337999786 0.037215776735205
0 0.47802643053791505 0.9142389185338768 0.02400112133990877 0.05007640965492612
5 0.0990940032225051 0.8088126352655095 0.0335397533418178 0.0647944735168963
0 0.36454682789627746 0.7379492061648454 0.02243862133990877 0.04996714901126431
0 0.428644048536006 0.9317431288092216 0.027271572008272217 0.06279493094224939
0 0.41778891187941464 0.8583438336366846 0.0288704346753633 0.06602919158591121
0 0.5459769992043696 0.9110485805345915 0.02723520934118149 0.05966993094224939
0 0.46390938653727865 0.9199097643268324 0.025636346674090583 0.05643567029858758
0 0.4458951832034151 0.9250725117289423 0.025727253341817757 0.06424817029858758
0 0.013580147318591588 0.2505245238852135 0.027160294637183176 0.07082595222957302
0 0.03165305923777713 0.7011201035866257 0.020639764003818006 0.0295453883676025
0 0.40903098253505144 0.9401401368549933 0.028834072008272215 0.0629041915859112
0 0.19706207260504832 0.43975699664580536 0.03789998933799978 0.036997255447881724
0 0.49453267787241495 0.9044979317754287 0.02080339600572696 0.0436078883676025
0 0.06190746463241067 0.24780943328803798 0.022365896005727005 0.04371714901126431
0 0.4381286838797328 0.8545796952690822 0.027271572008272217 0.06279493094224975
0 0.571723528564641 0.7109721708796654 0.03513861600890884 0.0680287341605581
0 0.16662223663272885 0.23814522016270176 0.02718066534054513 0.05498243094224957
0 0.09412162265277338 0.09567885073663415 0.041297709341181446 0.06065327673520513