3 0.38671875 0.590625 0.06875 0.1046875
3 0.85078125 0.9234375 0.0671875 0.1453125
0 0.509375 0.259375 0.03515625 0.028125
0 0.28671875 0.2625 0.0265625 0.0625
1 0.64609375 0.21171875 0.06953125 0.0328125
0 0.5875 0.67421875 0.034375 0.03046875
0 0.2421875 0.759375 0.02734375 0.0671875
0 0.23828125 0.18515625 0.015625 0.06328125
0 0.4328125 0.13671875 0.0296875 0.04921875
0 0.08515625 0.5140625 0.034375 0.03046875
0 0.1875 0.484375 0.03828125 0.03046875
0 0.653125 0.9671875 0.01875 0.065625
0 0.3671875 0.01875 0.02421875 0.0375
0 0.56640625 0.11953125 0.0328125 0.02734375
0 0.5109375 0.2015625 0.03515625 0.02890625
0 0.296875 0.6328125 0.0203125 0.0609375
0 0.20078125 0.39296875 0.03515625 0.046875
0 0.75078125 0.8828125 0.03515625 0.0421875
0 0.184375 0.1828125 0.0171875 0.0640625
0 0.27734375 0.74609375 0.02578125 0.07890625
0 0.3515625 0.45234375 0.03671875 0.03203125
0 0.1796875 0.94296875 0.02890625 0.06171875
0 0.51875 0.04375 0.03046875 0.0265625
0 0.5515625 0.74375 0.03359375 0.03515625
0 0.58359375 0.771875 0.0328125 0.03984375
0 0.26328125 0.6671875 0.021875 0.075
0 0.5671875 0.896875 0.03203125 0.04375
0 0.21171875 0.86328125 0.028125 0.06015625
5 0.40625 0.49453125 0.04140625 0.0296875
0 0.7515625 0.92578125 0.02734375 0.040625
3 0.21171875 0.084375 0.02890625 0.1546875
0 0.24140625 0.09453125 0.01640625 0.08203125
5 0.21171875 0.93828125 0.03203125 0.07109375
0 0.1828125 0.10390625 0.01484375 0.07109375
5 0.24765625 0.8390625 0.03046875 0.0796875
5 0.18203125 0.0171875 0.0171875 0.034375
0 0.55078125 0.9234375 0.034375 0.04375