0 0.15224986387220538 0.38497334197963734 0.034556807181592354 0.031649989337999784
0 0.0971033007386847 0.30670343865372784 0.032976126463433134 0.02850680800445433
0 0.1932515928931624 0.314960286640683 0.03768180718159231 0.03168635200509069
0 0.03890498135864806 0.375353988661682 0.03295794574527389 0.02538180800445433
0 0.6739612374087722 0.3507757765754588 0.026698855386194254 0.02374658267027261
0 0.15280385489521495 0.34590175131286455 0.032976126463433085 0.02850680800445442
0 0.04105328863843628 0.3417329666613639 0.03767271682251274 0.03012385200509069
0 0.3501373971478885 0.2881330626193658 0.03774543969514967 0.04262385200509069
0 0.20917150868240286 0.23117563263845584 0.032994307181592394 0.03163180800445433
0 0.6369743218159236 0.30510928791377667 0.031413626463433174 0.02848862667090888
0 0.4404003454272452 0.6277308172740481 0.02218407220870695 0.05337953866963616
0 0.5001015565924172 0.4145217452657758 0.028288626463433175 0.02845226400381797
0 0.4169112858097659 0.21625751527691167 0.03624657220870695 0.05354317067154524
0 0.6332907856133743 0.3434359912476403 0.03452044574527378 0.025399989337999786
0 0.7526584091499411 0.3139201192314138 0.03769089754067192 0.03324885200509069
0 0.4292179266129426 0.720054677275639 0.025354524004105095 0.061228401336727245
0 0.4000071495837754 0.6680472819462298 0.023792024004105093 0.0612102200031817
0 0.811606162273199 0.2397917285566869 0.03299430718159222 0.03163180800445433
0 0.895564047517231 0.4357031178787783 0.028270445745273775 0.025327264003817972
0 0.4193555506404888 0.36780183394336624 0.0376727168225127 0.03012385200509069
0 0.4039578096174793 0.40704614727882066 0.031413626463433174 0.02848862667090888
0 0.9374692255049156 0.2523906312062786 0.023573855386194255 0.023710220003181702
0 0.7672355561996337 0.6708059185630503 0.017451120413308985 0.04551249466899989
0 0.7592487767345796 0.23805705323045928 0.031395445745273955 0.025363626670908877
0 0.3297491917382532 0.6782404419557748 0.022202252926866173 0.05650453866963616
0 0.860089114068597 0.24704060721677806 0.031395445745273774 0.025363626670908877
0 0.6736077551663614 0.5586064579090042 0.031395445745273955 0.025363626670908877
0 0.7016589905320302 0.27701101257164074 0.0376727168225127 0.03012385200509069
0 0.6702458849494443 0.3836337299093223 0.03455680718159222 0.031649989337999784
1 0.47001758421075956 0.07813025926959385 0.052326090162688035 0.13184998400699968
0 0.645368083916172 0.27063429057927674 0.03453862646343318 0.028524989337999785
0 0.782074761020094 0.6698519458943685 0.01903180113146803 0.04865567600254526
5 0.6924703428931623 0.30915135057291343 0.04710225897699054 0.03960794000636332
0 0.7726805385402404 0.39806785256209576 0.031413626463433174 0.02848862667090888
5 0.8351896288993199 0.3989030992202779 0.0376908975406721 0.03324885200509069
0 0.3052248729473917 0.3574103212921837 0.03770907825883123 0.03637385200509069
0 0.26009418012898405 0.38918757996500164 0.03769089754067192 0.03324885200509069
0 0.9788613190854492 0.25894007586732426 0.04227736182910178 0.03486589600572696
2 0.5935672938047978 0.90174847792014 0.11443520472226432 0.06538973734881744
0 0.9774918001495095 0.685548029201188 0.01907725292686635 0.05646817600254543
0 0.93067082142314 0.5610843785407785 0.023828385440423715 0.0674602200031817
0 0.8860400983541116 0.6787991372135964 0.022193162567786827 0.054942038669636165
0 0.8477133965587133 0.6714320798854598 0.020621572208707306 0.0533613573360908
0 0.8289815772768726 0.6747752558880051 0.019086343285945873 0.05803067600254543
0 0.8133202158405541 0.6687070692234596 0.019086343285945873 0.05803067600254543
0 0.797695215840554 0.6688888825589141 0.02064884328594587 0.058048857336090796
0 0.877618544295777 0.5742025438813236 0.0376727168225127 0.03012385200509069
0 0.6150049148072818 0.5577257579169583 0.032994307181592394 0.03163180800445424
0 0.6116349959929792 0.6499587112508219 0.01741475897699054 0.03926249466899989
0 0.6280912429679171 0.6583615572485948 0.019068162567786474 0.05490567600254544
0 0.6476043122497579 0.6550092905792768 0.019049981849627428 0.051780676002545434
0 0.6632338574292977 0.6556087272438222 0.01906816256778665 0.05490567600254544
0 0.6960963544042356 0.663820669239368 0.02061248184962743 0.0517988573360908
0 0.7085918092246958 0.6628939685710045 0.019049981849627428 0.051780676002545434
0 0.7103537762436003 0.5628666965706862 0.03143180718159222 0.031613626670908876
0 0.7508787822937245 0.5452064818985047 0.022156801131468028 0.04869203866963616
0 0.7641782130118837 0.5481769405633684 0.017442030054229285 0.04394999466899989
5 0.8330554780389983 0.5692519618873688 0.040797716822512695 0.030160214672181596