0 0.7171933066120479 0.3981440041052166 0.0505090773392725 0.044040891490547726
5 0.6282729732256869 0.789259883495516 0.043205654678545 0.08774543969514977
0 0.3309681893300456 0.02229159387512104 0.048910214672181596 0.04090680113146815
0 0.08361937997295579 0.19871878025062104 0.04736589600572701 0.042460210772388506
0 0.39972618531191006 0.15547627771653824 0.05210794000636341 0.04717498184962739
0 0.1403431893300456 0.023896042252673572 0.05993862133990877 0.047792084505347145
0 0.6971829879853643 0.10374910949141088 0.05688634667409058 0.055014752926866264
0 0.8570392459818645 0.12859859768575005 0.05059998400699968 0.051853391490547775
5 0.8774950072804115 0.3847122422995558 0.056868165340545215 0.05345225292686626
0 0.7425814685710044 0.7003195824622437 0.04651246801399935 0.10338862041330898
5 0.6219000826305017 0.2627701063681529 0.0631727093411815 0.058176114363184706