3 0.15971495576806366 0.7343710469205197 0.10564207386326192 0.05895318874502422
3 0.04096632467733609 0.6153093236122654 0.08193264935467218 0.06313135277546919
5 0.43641341802235856 0.40223107308079287 0.05084547970746058 0.05047484387822045
0 0.4790667479747004 0.5527284801911555 0.0381545649348082 0.03902800790866543
0 0.6644864561751008 0.8878980231573426 0.03511138555165907 0.043588173916276673
5 0.3862484078793841 0.8609813319780415 0.06013865909060954 0.04616934585538672
0 0.5322190215136506 0.5490013023205462 0.03810001785690744 0.03590300790866543
0 0.42994345536102657 0.5492652405712788 0.03494774431795715 0.03421317391627667
3 0.8547371294691699 0.6779460671121127 0.1648807061685101 0.05356003460041112
5 0.2334115543880919 0.7165349480993835 0.09448638555165915 0.0460075197716634
0 0.6187375795518953 0.9147443660469798 0.02869774431795715 0.03395850593149916
0 0.9520718254914102 0.6029367968461576 0.052053423701106286 0.03022601087441501
0 0.3664942045469524 0.20366092190192925 0.04451365909060954 0.04553267589344294
0 0.43048755723076104 0.9653531555903069 0.031795470779006865 0.032523339923887916
0 0.2667910702164045 0.7721655241831067 0.0694045649348082 0.04030134783255317
0 0.45614349107484153 0.4794965686321685 0.042951159090609536 0.045469008897248565
0 0.31486610593021946 0.7015055142972749 0.08324887662320543 0.02837435079830275
5 0.6086398307697113 0.9565326180241464 0.03343979139585791 0.037274506920082474
0 0.19277824066780444 0.3161330414833123 0.04752956493480816 0.039410009885831696
5 0.12007180317027592 0.6797763888215739 0.08502956493480815 0.04093801779449713
0 0.8511362114468113 0.25807923608547345 0.06778751785690744 0.03711268083635879
0 0.6612972264676402 0.9364310236516342 0.02869774431795715 0.03395850593149916
0 0.7124290783340793 0.8695499297734134 0.036755706168510115 0.04833934091247087
0 0.15061406006683947 0.271790133878658 0.05547843262955987 0.047540844866803676
5 0.992271500407037 0.13366287342417263 0.01011138555165907 0.04256950197716636
5 0.08949750771393303 0.41870889623594776 0.0601113855516592 0.0446068458553869
0 0.037050797488233055 0.6503700731179739 0.0677329707790068 0.033987680836358794
0 0.3400200645343617 0.7363925088600676 0.07398297077900687 0.034242348821136304
0 0.8077864427824203 0.9078219095074583 0.053861385551659424 0.04435217787060921