3 0.9109375 0.9421875 0.0546875 0.10859375
0 0.86875 0.2328125 0.040625 0.0296875
0 0.65078125 0.48984375 0.0171875 0.07421875
0 0.565625 0.50234375 0.03046875 0.03125
0 0.5078125 0.528125 0.040625 0.040625
5 0.8359375 0.46484375 0.0453125 0.03828125
0 0.2578125 0.171875 0.03046875 0.06328125
0 0.40390625 0.5703125 0.03671875 0.03671875
0 0.73359375 0.7703125 0.02265625 0.06640625
0 0.56796875 0.45 0.03828125 0.03984375
3 0.94765625 0.3203125 0.090625 0.03984375
0 0.5640625 0.55703125 0.04140625 0.0390625
0 0.3484375 0.8296875 0.03515625 0.04375
0 0.7265625 0.66953125 0.01875 0.06953125
3 0.69296875 0.82578125 0.05390625 0.16171875
0 0.75234375 0.6765625 0.02265625 0.0828125
5 0.846875 0.36015625 0.04296875 0.046875
0 0.70625 0.88046875 0.0203125 0.0578125
0 0.64140625 0.97109375 0.04296875 0.0578125
5 0.44921875 0.5546875 0.04296875 0.03984375
0 0.978125 0.0125 0.0375 0.025
5 0.653125 0.7203125 0.0234375 0.0765625
5 0.9796875 0.39375 0.0359375 0.0328125
5 0.240625 0.934375 0.03984375 0.0546875
0 0.30390625 0.86796875 0.0421875 0.04609375
5 0.4578125 0.9109375 0.040625 0.05859375
5 0.678125 0.9703125 0.025 0.059375
5 0.121875 0.0265625 0.0359375 0.0390625