0 0.9274762669619797 0.40268722012249436 0.0368782387412331 0.039462489337999784
0 0.76681697408638 0.5147952267663591 0.0319904796419344 0.036282945337363516
0 0.8935821283130316 0.3976088214512673 0.0351154796419344 0.036319308004454334
0 0.968982646511629 0.40473152546144864 0.0368782387412331 0.039462489337999784
0 0.5432538564138065 0.2787742687380422 0.03707849784053163 0.04258748933799979
0 0.5161475431801413 0.42834700739972426 0.0335529796419344 0.03630112667090888
0 0.4368455652362499 0.1776106633911337 0.03375323874123311 0.039426126670908876
0 0.5343084554263575 0.3340975680696786 0.03375323874123311 0.039426126670908876
0 0.9861236744278337 0.4510616327975394 0.027752651144332674 0.03949885200509069
0 0.8509032749815442 0.4259969034452221 0.03677810919158375 0.03789998933799978
0 0.5236503601144344 0.3870589360677696 0.03521560919158375 0.03788180800445433
0 0.8848975431801414 0.43263780211644925 0.0351154796419344 0.036319308004454244
0 0.8407551218346268 0.5234622494429949 0.028364831893687638 0.02843408267027243
0 0.7330730297619061 0.512060578095132 0.0335529796419344 0.03630112667090888
0 0.9321892550849038 0.6346002914544491 0.06838905459579188 0.019531797342454027
0 0.4561777537006278 0.11382088339431537 0.0288654796419344 0.036246582670272566
0 0.42162918028792984 0.28126237472149745 0.03551599784053163 0.04256930800445433
0 0.04598284237726239 0.5470022693348181 0.022876295496493216 0.01587953866963616
0 0.42759977559985296 0.22824646272277013 0.032090609191583755 0.03784544533736343
0 0.803836112735328 0.519909988104677 0.03002746144333699 0.030014764003817973
0 0.05331927128091627 0.3082033986712271 0.04485142504614252 0.0176965773392725
0 0.13478452652270356 0.5683329240133631 0.06223918414544118 0.021021572008272215
0 0.6668379580472511 0.46523048408654155 0.06848918414544122 0.02109429734245403
0 0.6717467011074207 0.4200088907542687 0.06380168414544123 0.021039753341817756
0 0.5529805074012557 0.22346006007317848 0.03707849784053163 0.04258748933799979
0 0.9332091394149151 0.7236082474538126 0.06203892504614252 0.017896572008272216
5 0.4214984862679977 0.8152373853834977 0.038640997840531634 0.042605670671545325
0 0.6718363386766345 0.4457719594207233 0.05901405459579188 0.01942270934118149
0 0.4474838741509785 0.11215838605981543 0.028765350092285046 0.034684082670272565
0 0.9932003419942788 0.41448833346590297 0.013599316011442398 0.036282945337363516
0 0.3951934955241798 0.4534822727164068 0.031890350092285046 0.034720445337363515
3 0.817893822480622 0.7636418067711316 0.1257404796419344 0.03737382535009015
0 0.5820696252307126 0.09264641207826912 0.03395349784053181 0.0425511266709089
0 0.5518041548357353 0.9603964387332697 0.053164572794389284 0.025599984006999678
5 0.27413333050018657 0.7815152713637713 0.06892927513842757 0.052326116008908664
5 0.21654207356035626 0.7355664246896808 0.06912953423772628 0.05545111600890866
5 0.08209841995201353 0.6598386240054088 0.08148983189368778 0.029052248010817648
5 0.16763779688076919 0.5328045040181355 0.0810893136950905 0.02280224801081765
5 0.7443190152639365 0.6144588720957683 0.07171431369509058 0.02269316000954511
5 0.8332394177925451 0.7107349827736769 0.07806444324473993 0.024328385343726742
0 0.9844475589885576 0.7938758414624031 0.031104882022884795 0.025727253341817757
0 0.7028009461701753 0.697507182089405 0.07846496144333699 0.03057838534372692
0 0.8526822277870079 0.624307134110404 0.07181444324473958 0.02425566000954511
0 0.5475453423772624 0.5528384774029058 0.04937823874123311 0.039607940006363404
0 0.15986846236618774 0.3750192760184537 0.07670220234403846 0.02743520401018138
0 0.053479957585825764 0.2863465800047725 0.04525194324473982 0.023946577339272503
0 0.055934329115910605 0.2637357833386361 0.049839313695090495 0.02243862133990877
0 0.4000521738095248 0.40747942938413406 0.0368782387412331 0.039462489337999784
0 0.41262322254522055 0.36000499271958847 0.044991127390180984 0.04424089600572696
0 0.4649426819859729 0.06786349339590622 0.037278756939830335 0.04571248933799978
0 0.4745889898209672 0.02347769406426977 0.0523029796419344 0.03651930267345423
0 0.5725234469453676 0.1385947114099056 0.040203497840531635 0.04262385200509069