0 0.236681286240311 0.39468997303829684 0.03441457279438911 0.02767846091032524
0 0.6906771738095248 0.45739571987349487 0.03617733189368764 0.03093100666795969
0 0.3978993884920644 0.4000784589534712 0.03617733189368781 0.030931006667959872
0 0.1476886374123303 0.40063734197431106 0.03607720234403846 0.029368506667959694
0 0.8520047000276865 0.5008741371522174 0.02650194324473958 0.02547823212215263
0 0.5233604634459219 0.39322216532186854 0.032852072794389106 0.027550915152690793
0 0.5111290900609106 0.9801570997052866 0.019429922886674333 0.03968580058942663
0 0.5954051580749378 0.9353457635050975 0.019329793337024982 0.05908795757634522
0 0.5973669787098584 0.9855858466008278 0.021092552436323686 0.02882830679834427
0 0.2077609515688461 0.5982774875821644 0.031089313695090492 0.02429836939505616
0 0.4101976457364366 0.9749037604609816 0.017867422886674155 0.05019247907803681
0 0.2937206330933936 0.49649146016141915 0.03890181369509058 0.02493609818322895
0 0.04557422732558254 0.4443717533339798 0.032952202344038464 0.02911341515269079
5 0.30099530767811083 0.3432069634953991 0.03920220234403846 0.02962359818322886
0 0.49608508096161186 0.9791925187959313 0.017567034237726275 0.041614962408137404
0 0.2519009777870079 0.6321899730382968 0.026401813695090492 0.023915732122152634
5 0.9105495828165384 0.4442572174575988 0.03940246144333699 0.03274859818322895
0 0.462972192312664 0.9742101175831342 0.024117422886674334 0.05157976483373154
0 0.4294285070874887 0.9757009214461974 0.017266645588778218 0.04859815710760529
0 0.20525201110188346 0.3408316494008751 0.04338905459579188 0.022193735456132478
0 0.16163241902916287 0.3271678910659254 0.04010336829088237 0.04368609818322877
0 0.07849375616463797 0.6063774168196806 0.04262759099298643 0.034566189698497854
0 0.23622380397748302 0.22989402046292132 0.02079216378737554 0.057653003333979845
0 0.1801170990125509 0.06988142061270249 0.036717552436323506 0.06361596091032524
0 0.07734255243632353 0.06693215060882315 0.02109255243632351 0.06234050333397989
0 0.13527257325581446 0.20688734197431105 0.015303627390180985 0.04477036606107632
0 0.08371007325581445 0.20267833197237137 0.026080441085271477 0.06741064060688347
5 0.12099812461240382 0.28732427000387933 0.030968200184570138 0.07091827787978708
5 0.3737666833702488 0.6056111107702424 0.033331736581764734 0.08354582363742154
0 0.5761068406792195 0.8039841932016557 0.024718200184570095 0.07040809484924893
0 0.3729119895072001 0.7741857675879833 0.015203497840531632 0.043207866061076315
0 0.4299606307770418 0.912514686074654 0.02119268198597286 0.06390300333398002
0 0.41194181600221713 0.9102666598618567 0.01826794108527139 0.06677291181871077
0 0.39267947870985853 0.9760597244757658 0.021392941085271476 0.047880551048468334
0 0.44598495141196254 0.9751348887949615 0.020992422886674335 0.049730222410077116
0 0.47854712753783935 0.9781003921289415 0.01696625693983016 0.04379921574211707
0 0.5297789605112613 0.9801092378116852 0.020992422886674154 0.03978152437662956
0 0.5619604048357352 0.982134058948622 0.02421755243632351 0.03573188210275582