3 0.19222594517081487 0.12100754916551863 0.08130303262324476 0.16037066016782514
3 0.1313427722803025 0.4923749089184253 0.08698534684397004 0.0704560551888033
2 0.7020346156642313 0.4969338609790846 0.13653967787060922 0.06330732863402008
0 0.46369365174751725 0.6866162806946793 0.03864600593149916 0.03096658008391273
3 0.264998894790254 0.27222558443359013 0.050949687756441084 0.10355197510489074
0 0.5897123236866275 0.7021443470816374 0.03389483893530461 0.029048882573423463
5 0.3933082144853678 0.5939919954266079 0.046042011862998146 0.05956517676456467
3 0.6079052722803024 0.45626316201870304 0.06740767589344294 0.048722765146846925
5 0.44291557813525184 0.7344268186620432 0.040335839923887916 0.03420997925407558
3 0.8117625123572896 0.029289955384651567 0.07665002471457924 0.058579910769303134
0 0.22316278813481433 0.9571818475058447 0.028918178859192522 0.059825285892771515
0 0.08787525106294528 0.7911093294592126 0.03928267589344294 0.04659158008391273
0 0.5107158903788107 0.6289804568345441 0.035521005931499164 0.030729781743586492
5 0.590177897298893 0.6558729983263929 0.04346083992388792 0.034446777594401644
5 0.5171223992760593 0.670812759324055 0.040399506920082116 0.03577247925407558
5 0.14316629304054915 0.5902204130676102 0.05159167490485981 0.04285127344521662
5 0.8788571008354837 0.4130054564103368 0.04346083992388792 0.034446777594401644
0 0.08396770657670241 0.5798166319487236 0.03896434091247101 0.03877908008391255
0 0.2688507480600147 0.36675683443359014 0.03280718281352524 0.07881208423309741
0 0.1532973908359213 0.26188192551516487 0.030862680836358836 0.06931868506293437
0 0.0709291957022875 0.5290829261398647 0.04371550790866539 0.04069677759440164
0 0.9610488128122127 0.6222844454126747 0.046713173916276676 0.03780857593472771
0 0.27422126935173397 0.8639753765501389 0.024867348821136392 0.07509508838228243
0 0.5362544708739774 0.21718992924014247 0.03740184091247105 0.03866068091374952
0 0.2374203118236294 0.6724157611981548 0.02467634783255317 0.07040758838228242
0 0.30446718486505364 0.8561978427319599 0.02837435079830275 0.08470688672260848
0 0.5857079842198502 0.27691920413525173 0.03402217292769336 0.03217388257342346
0 0.576054388895936 0.616976441687697 0.037019838935304604 0.029285680913749522
0 0.2340035627750316 0.28084356783685055 0.03229784684397004 0.0663120842330974
5 0.28346498227986494 0.6869509352634271 0.03567751482874755 0.07279888257342346
5 0.7715698187437117 0.6648541441725636 0.04352450692008212 0.036009277594401645
0 0.9537973869187695 0.5789488425082453 0.035521005931499164 0.03072978174358667
0 0.5653862139538952 0.18206864542196347 0.03603034190105418 0.04322978174358649
0 0.14279758402956982 0.3888471672167951 0.039728344866803676 0.057529080083912554
0 0.03830503809763326 0.5746564578834512 0.024774506920082217 0.03458848755244546
0 0.700220175893443 0.007119880074623797 0.042407675893442943 0.014239760149247594
0 0.6301529343707621 0.8291678657529694 0.03714717292769336 0.0324106809137497
0 0.3385053093521715 0.6530010651375583 0.043299013840164415 0.06870337842423861
5 0.1435045326604258 0.5408240643123656 0.05347250988583174 0.05078217261537965
0 0.1398410914067626 0.02780292344057238 0.024647172927693452 0.03146348755244536
0 0.21058467292769345 0.013822011198154788 0.027517504942915848 0.02545028589277141
0 0.30277742049341655 0.3916142018601666 0.034560683802108375 0.08361798340326052
0 0.9928413811972353 0.3965614723823764 0.014317237605529342 0.03686138257342346
0 0.5904630346747732 0.9128925929324524 0.04046317391627667 0.037334979254075765