0 0.39162785962118923 0.6826877549800969 0.04527800790866543 0.03928267589344294
0 0.11506406513494638 0.8827063651327588 0.05816000988583174 0.04916701186299832
0 0.21513434380385843 0.7506207184025195 0.05015650889724856 0.044161176882026254
0 0.36072407502077813 0.8457634165390839 0.048466674904859806 0.0409725098858317
0 0.20804740258737628 0.8669314679082278 0.045405341901054184 0.042407675893442943
0 0.342638625401339 0.9932592045623551 0.04802100593149898 0.013481590875289839
0 0.25375383342373514 0.8014948103035737 0.051719008897248564 0.044224843878220454
0 0.4015639337277463 0.7269152574515548 0.05340884288963732 0.04741351087441501
0 0.6406555390118543 0.23660988691876966 0.044190351786885886 0.08915534190105419
0 0.7826361560845985 0.4779418355496256 0.044190351786885886 0.08915534190105419
0 0.9534580616749053 0.933301792089147 0.022031508897248385 0.04301517095052709