0 0.4734375 0.42734375 0.034375 0.028125
0 0.41015625 0.95390625 0.01484375 0.059375
0 0.48125 0.5546875 0.03828125 0.028125
5 0.6734375 0.5515625 0.034375 0.0265625
5 0.6875 0.39921875 0.0359375 0.02890625
0 0.90390625 0.159375 0.0125 0.05703125
0 0.42578125 0.82265625 0.015625 0.06328125
0 0.2453125 0.7703125 0.01796875 0.06484375
0 0.6296875 0.8265625 0.01171875 0.04765625
0 0.5765625 0.9515625 0.01640625 0.06171875
0 0.59296875 0.95546875 0.01796875 0.0640625
0 0.7484375 0.29765625 0.02109375 0.05234375
0 0.79921875 0.14296875 0.0296875 0.05703125
0 0.878125 0.20078125 0.01953125 0.07109375
0 0.84921875 0.28984375 0.01484375 0.0546875
0 0.9015625 0.29296875 0.01328125 0.06484375
0 0.784375 0.41640625 0.0375 0.0328125
0 0.825 0.41171875 0.0390625 0.0453125
0 0.82421875 0.46015625 0.0359375 0.03671875
5 0.88046875 0.3328125 0.0234375 0.06953125
5 0.94765625 0.5578125 0.04921875 0.028125
5 0.9078125 0.0359375 0.02109375 0.071875
5 0.98671875 0.66171875 0.0265625 0.03203125