0 0.72734375 0.459375 0.03359375 0.02734375
0 0.928125 0.55546875 0.0265625 0.021875
5 0.7171875 0.29609375 0.03359375 0.02734375
0 0.97109375 0.52578125 0.03125 0.02421875
0 0.67734375 0.73359375 0.0109375 0.04453125
0 0.771875 0.46015625 0.03671875 0.02578125
0 0.678125 0.46640625 0.0328125 0.02734375
0 0.65546875 0.9421875 0.0125 0.05859375
0 0.6296875 0.871875 0.01484375 0.06015625
5 0.746875 0.35078125 0.04375 0.028125
0 0.809375 0.55234375 0.0375 0.0265625
0 0.553125 0.953125 0.0125 0.05859375
0 0.6046875 0.940625 0.01328125 0.05546875
0 0.53828125 0.9484375 0.0125 0.0578125
0 0.65078125 0.87109375 0.01484375 0.0609375
0 0.875 0.165625 0.0125 0.04296875
0 0.58515625 0.93984375 0.01171875 0.05
0 0.56953125 0.946875 0.0125 0.0578125
0 0.80859375 0.02421875 0.01796875 0.04609375
0 0.6390625 0.93828125 0.0125 0.0578125
0 0.61796875 0.93984375 0.0125 0.0578125
0 0.47265625 0.75546875 0.01640625 0.06171875
5 0.87890625 0.36953125 0.02421875 0.07109375
0 0.81328125 0.2984375 0.0390625 0.0265625
0 0.67578125 0.940625 0.01328125 0.0609375
0 0.921875 0.025 0.0140625 0.05
0 0.77265625 0.1828125 0.01484375 0.0546875
5 0.3125 0.5421875 0.040625 0.03359375
5 0.7671875 0.29453125 0.0421875 0.03359375
5 0.92265625 0.1546875 0.01953125 0.0703125
5 0.7078125 0.515625 0.0453125 0.0359375
0 0.6609375 0.55703125 0.0359375 0.03203125
0 0.43046875 0.3109375 0.03984375 0.03359375
3 0.159375 0.9703125 0.07109375 0.059375