3 0.84921875 0.9296875 0.0640625 0.13359375
0 0.55703125 0.48984375 0.034375 0.0265625
0 0.58671875 0.6765625 0.03359375 0.03046875
0 0.2765625 0.725 0.02578125 0.06328125
0 0.3140625 0.45234375 0.0265625 0.02421875
5 0.40234375 0.45 0.0421875 0.03046875
0 0.2984375 0.64296875 0.0234375 0.06796875
0 0.2125 0.4703125 0.0390625 0.0328125
0 0.13828125 0.43359375 0.0375 0.0375
0 0.0953125 0.5015625 0.0359375 0.03046875
0 0.55 0.74609375 0.03359375 0.0359375
0 0.565625 0.121875 0.034375 0.028125
0 0.30546875 0.2109375 0.0203125 0.05859375
0 0.2421875 0.16015625 0.0171875 0.06875
0 0.13125 0.10390625 0.02734375 0.06484375
0 0.58359375 0.77421875 0.0328125 0.0375
0 0.22109375 0.35234375 0.03203125 0.05078125
0 0.178125 0.04453125 0.015625 0.059375
0 0.75234375 0.8890625 0.034375 0.04375
0 0.25546875 0.69609375 0.025 0.06875
3 0.17890625 0.16796875 0.02890625 0.10703125
0 0.23984375 0.04453125 0.0140625 0.0734375
0 0.521875 0.04453125 0.03125 0.0265625
0 0.0109375 0.4859375 0.02109375 0.03203125
0 0.37265625 0.0203125 0.0203125 0.040625
0 0.65 0.93671875 0.015625 0.0671875
5 0.44765625 0.15703125 0.0265625 0.040625
3 0.21171875 0.0796875 0.02109375 0.08046875
0 0.64296875 0.296875 0.0375 0.02734375
3 0.23359375 0.86328125 0.0515625 0.121875
5 0.16640625 0.975 0.03359375 0.05
0 0.7515625 0.928125 0.02734375 0.04140625
0 0.55703125 0.94296875 0.040625 0.05859375
0 0.2203125 0.81484375 0.03125 0.07578125