3 0.6732906797960909 0.6163134056338997 0.08323370031656907 0.1223386083130606
3 0.2471734268265901 0.9505136052879983 0.08884720282385157 0.09897278942400334
3 0.3300000178801817 0.4690282977136226 0.07172188730530316 0.04884656615858276
3 0.9177584306540207 0.45448206790709866 0.0673071719450391 0.058194295081344015
3 0.7383410859725196 0.033196899485579565 0.0485571719450391 0.058085210772388526
0 0.45902124280735707 0.6884918909013725 0.04006271034569906 0.03460225897699054
0 0.63364184342786 0.43486341773414805 0.043233174452321596 0.03618293969514959
4 0.7398105900626477 0.6206059958947834 0.05304609514371954 0.10497839149054773
0 0.01928983841329506 0.4750318162567787 0.011755853919208258 0.028188632513557365
5 0.26423731089969493 0.24915161406859712 0.049528638558944314 0.03778180113146812
0 0.8518656238444539 0.7938849354917372 0.03950042069139812 0.06896816861791084
0 0.8525846893630025 0.8454428903121973 0.04106292069139812 0.06897725897699054
0 0.5440133906040083 0.3343589028052293 0.03206835391920819 0.028306807181592397
0 0.5077148070722642 0.7512646016737612 0.03863660266556703 0.03928066861791084
5 0.8144421801918025 0.7694525620533662 0.049375525864247295 0.08621021077238851
0 0.8109929197669612 0.7045997216942865 0.03467652837152997 0.0642533975406721
0 0.3789781093294846 0.13890043617910824 0.04157974623907634 0.033048849336070066
0 0.5710702649106808 0.8078736708574059 0.040290030878812465 0.04241475897699019
0 0.532497161387184 0.9318469811622563 0.04212531551854841 0.05179884933607006
0 0.7035462003165691 0.12594748086766874 0.025392456584775402 0.06732385538619426
0 0.3415766446941365 0.9205817073545429 0.04355142319868044 0.04712043969514994
0 0.40549749373179383 0.05703735782208118 0.03372178213245362 0.03144089754067199
0 0.4821297853646519 0.7847038155694076 0.040380959092057724 0.045539758976990544
0 0.8769829472805611 0.9322889053393121 0.042125315518548236 0.05179884933607006
0 0.7698701631030436 0.6067207578968359 0.034949313011266095 0.07362839754067192
0 0.6889501543940619 0.21490998691779292 0.03444920783841639 0.05644089754067192
0 0.8994573408540706 0.9261707155459664 0.040699207838416386 0.056477258976990186
0 0.6779347833860949 0.024253170661014282 0.027744566772189748 0.040779536104353496
5 0.7324979144231918 0.12767815251064168 0.03343227711788863 0.07518180718159236
0 0.34907690762626026 0.9635868187908614 0.03569345909205772 0.04551248789975162
5 0.7582337003165691 0.12626564343545538 0.030079956584775403 0.06735112646343314
5 0.7137358910662268 0.01977474891984549 0.030596782132453627 0.031422716822512735
3 0.5922957102126849 0.9730774604287031 0.03440374373179385 0.05384507914259373