0 0.4183309487984939 0.9810622723011795 0.0348477146721816 0.037875455397641034
3 0.36038406401177214 0.09717549452321665 0.08056020401018138 0.07731866943775674
3 0.2762448740054088 0.04786816481890322 0.13061474801081766 0.08346102084968253
0 0.42663051340704206 0.5551985946815012 0.04271475867281786 0.04654003087881229
0 0.5139305187380422 0.5405570846523714 0.0426965773392725 0.04497753087881229
0 0.16676571208622332 0.6397935888755135 0.07232953333863609 0.041153848904643374
5 0.47050723539940603 0.5002443217202476 0.04903748400699968 0.05297188730530315
5 0.4444345367202248 0.40732939601428475 0.052162484006999674 0.05306281551854841
0 0.2833815947644501 0.7283141827655919 0.06913180800445433 0.03481292069139794
0 0.6818527207192704 0.4072086902209323 0.04740225867281787 0.04667642319868044
0 0.4739145934118145 0.5917187678801816 0.04585794000636341 0.048193459092057724
0 0.8794758921069044 0.8128235073888334 0.06593408267027243 0.028471992478152686
0 0.5286020934118145 0.5933100116119755 0.04273294000636341 0.04810253087881229
5 0.5833741461250398 0.9377563450772126 0.03648294000636341 0.047920674452321774
0 0.035806066080496295 0.5938098359725196 0.05823067067154523 0.0376196719450391
0 0.8842810234324954 0.7559513817620128 0.07696248933799979 0.03660274122451135
0 0.04952366808558697 0.6316962808788125 0.07392839600572701 0.044324313011265916
0 0.09479980541849609 0.6298897399708702 0.07394657733927246 0.04588681301126592
0 0.2095499120384982 0.2895950120741939 0.0505090773392725 0.04520485141192578
3 0.8196281774347227 0.7704708713371715 0.1161886213399086 0.05180184389007838
0 0.9076741647835401 0.8870566292547302 0.0738193080044546 0.03494931301126627
5 0.7847355567711316 0.7921041789381611 0.07069430800445442 0.034858384798020836
0 0.7746333034293137 0.729331394298425 0.07378294533736351 0.03182431301126591
5 0.18758728942549577 0.6841346222616084 0.08488407733927246 0.04620506175762475
0 0.18002549669795312 0.23562892610167432 0.05837612133990881 0.05011967194503919
0 0.7479446287794038 0.8519505403792168 0.07545453333863605 0.04124477711788863
5 0.2711719487587231 0.6857857019659217 0.09115225867281787 0.047949418184115446
0 0.9441378287714496 0.7990852678136746 0.039353401336727246 0.026136602665567034
0 0.8781186460454979 0.3605934176553901 0.055087489337999784 0.03596624373179384
5 0.10585329471672497 0.3717051669304743 0.05526930267345422 0.05159124373179384
0 0.5668775367997666 0.9882431122324785 0.04264203333863605 0.023513775535042924