0 0.15479662048231796 0.7410318284506723 0.04655600666795978 0.03564799498543501
5 0.9825329295516262 0.38671329994612824 0.03493414089674758 0.06257420783841657
0 0.48364128954871666 0.10058530251991775 0.037786784547746775 0.0618922462390763
0 0.5870676312331636 0.575128312944759 0.04563123545613248 0.04341503087881229
0 0.532954087142519 0.5805683192129651 0.0453761439408634 0.04029003087881229
0 0.46538420774552325 0.4975452190546806 0.04043355242559432 0.03702863855894449
0 0.47187319486864565 0.5483946652146147 0.043558552425594324 0.03711956677218975
0 0.5381999544115433 0.482517264119258 0.04719373545613248 0.04346049498543501
0 0.7822049169888585 0.5309249865391509 0.04563123545613248 0.04341503087881229
0 0.15519536214736823 0.6981767387172289 0.04343100666795978 0.035557066772189574
0 0.6555307177474629 0.5545179477427796 0.0469386439408634 0.040335494985435004
0 0.592233621231224 0.523838597584495 0.0487562354561323 0.04350595909205772
0 0.7191788874420815 0.4940183684341776 0.0469386439408634 0.040335494985435004
0 0.5898889686655469 0.7911026539318435 0.04288887272903601 0.04801160266556703
0 0.7254127830499348 0.5417428145941117 0.04901132697140156 0.04663095909205772
0 0.07247871487252495 0.6396535333860949 0.04343100666795978 0.03555706677218975
0 0.5217616245652039 0.5389347486798517 0.0453761439408634 0.04029003087881229
0 0.13054630638779402 0.6444607053311341 0.04199605242559432 0.03707410266556703
0 0.3252379556194913 0.36564669820499807 0.03399210485118864 0.0726933539192082
0 0.7086725957673329 0.27937920691397966 0.04263378121376693 0.04488660266556703
0 0.26767990244499096 0.5580411351937321 0.030739559093554015 0.07103992570596293
5 0.46788706759768167 0.5950423446815012 0.05031873545613248 0.04355142319868044
0 0.07592245032865741 0.6818410333860949 0.04330346091032524 0.03399456677218975
5 0.6532508695642341 0.5170406797960909 0.04875623545613248 0.04350595909205772
5 0.3022781719898283 0.5426805596460538 0.03852010818516849 0.08997178213245363
5 0.8615431489418333 0.08975808042922925 0.03871155575957417 0.05412521034569897
5 0.3406881281890478 0.20164403417751764 0.04751247091226496 0.08555706677218974
5 0.2845012563780957 0.39174018527287435 0.050350428488610266 0.10122753087881228
0 0.7593104534934595 0.25045623653915083 0.04977660151720862 0.056005959092057724
5 0.08906005017887621 0.7282075680258309 0.056441189698497915 0.04217077962517131
5 0.6095658028846362 0.1728360387298642 0.047416876063016034 0.06529003087881238
0 0.7605357927620104 0.9433735107540457 0.04180460485118864 0.07292067445232178
0 0.39370194469946773 0.07770408049573627 0.04349465060882318 0.07452863855894434
5 0.2823796154813481 0.7190240993003547 0.03462983363936125 0.0805058539192082