0 0.07306337272208288 0.556126003628197 0.03350348423243057 0.0308333377489479
0 0.16933765425722172 0.6189112350238756 0.031868249050069464 0.02765377404661713
0 0.1274047273954856 0.6065005150609425 0.031868249050069464 0.02765377404661713
0 0.19995383425308985 0.512862131665831 0.03186824905006942 0.02765377404661713
0 0.17644294586034676 0.5487897079820335 0.031868249050069464 0.02765377404661713
0 0.18038491024114536 0.5809846490890261 0.030305749050069462 0.027599210344286185
0 0.12517073337940926 0.5681101376562807 0.031904616641250036 0.02921627404661713
0 0.7219690789347564 0.7938046630536603 0.03506598423243048 0.030887901451278666
0 0.6053998279848258 0.7631498853788461 0.03183188145888884 0.02609127404661713
0 0.08307349914697867 0.5963516995445131 0.033430749050069465 0.027708337748947896
0 0.05220666527513847 0.5116121117955651 0.031868249050069464 0.02765377404661713
0 0.5960059909788535 0.7972247850160263 0.031868249050069505 0.02765377404661713
0 0.009551612272847003 0.5364831370233085 0.019103224545694006 0.02921627404661713
0 0.5610685997363187 0.7530010698624167 0.031868249050069505 0.02765377404661713
0 0.44507023176388855 0.32829619182478276 0.023111498100139016 0.05388889183263199
0 0.6597963872553814 0.777559614960426 0.03343074905006951 0.027708337748947896
0 0.9042886568226727 0.9221454617798667 0.031904616641249814 0.02921627404661713
0 0.009188589571423407 0.5005183551721432 0.018377179142846815 0.029161710344286364
0 0.00962500066559009 0.4630183551721432 0.01925000133118018 0.029161710344286364
0 0.7488023762374645 0.883876591546781 0.03506598423243048 0.03088790145127902
5 0.8670795975521173 0.9083359329239261 0.04135235182361115 0.03266865626060209
0 0.8692844092912149 0.5784574599657681 0.03506598423243048 0.030887901451278843
0 0.5525832992994786 0.7816345013507624 0.03179551386770836 0.02452877404661713
0 0.0740277670987496 0.4810987217770316 0.02554551386770836 0.024310519237293705
0 0.7102678595199646 0.8262352171373444 0.03499324905006951 0.02776290145127902
0 0.7398878500206593 0.5614286726723071 0.023147865691319502 0.055451391832631994
0 0.6144527453472566 0.5085715127835078 0.03502961664125 0.029325401451278665
0 0.824319361038576 0.461168267044677 0.02314786569131968 0.055451391832631994
0 0.670411804617812 0.5230358060674185 0.031868249050069505 0.02765377404661713
0 0.8249830165300687 0.902956462960993 0.03186824905006915 0.027653774046616775
0 0.7053498490707287 0.5336384893698629 0.02874324905006951 0.027544646641955238
0 0.674247279066597 0.42543411976974943 0.023220600873680653 0.05857639183263199
0 0.37762881183600666 0.3032664207733905 0.021512630508958352 0.05227182813030114
0 0.7546952324294788 0.5635095278444502 0.023075130508958354 0.05232639183263199
0 0.7908444058727422 0.8915998115097142 0.03499324905006951 0.02776290145127902
0 0.8725386554914927 0.4722347418169335 0.02478310087368065 0.058630955534962934
0 0.6517461914919437 0.8546851101511026 0.03183188145888884 0.02609127404661713
0 0.7916886989944788 0.452209929295729 0.019877395326597203 0.04909226442797028
0 0.7013461479889577 0.8736186486256899 0.03350348423243048 0.0308333377489479
0 0.688182492497465 0.4313939430907271 0.023147865691319502 0.055451391832631994
0 0.8540068610385759 0.46220497738896327 0.02314786569131968 0.055451391832631994
2 0.698107578837847 0.17293660234655428 0.11715243882958326 0.06966271397248333
0 0.6588404846136802 0.41551348274644084 0.021403527735416716 0.04758432813030104
0 0.9075494351267703 0.4797124251193778 0.023111498100139016 0.05388889183263199
5 0.12915037177215233 0.5315005150609424 0.034993249050069467 0.027762901451278844
0 0.6393092346136802 0.4148314364673052 0.01653418977951393 0.039608137023308565
0 0.43486530927055556 0.027695991099143346 0.020894381458888844 0.025709328130301135
0 0.8032619786297566 0.4588691570632104 0.02143989532659738 0.049146828130301044
0 0.9147962778323258 0.6050670891845285 0.02314786569131968 0.05545139183263181
5 0.04186727089847173 0.5863120114327454 0.044513719414791694 0.03434028366526398
0 0.7225211249062844 0.434156844542006 0.024637630508958352 0.05238095553496276
0 0.735711455928333 0.4385268860118183 0.02478310087368065 0.058630955534962934
5 0.8257344310427079 0.5683359263005041 0.04298758700597247 0.03584821996293321