0 0.25005964528423646 0.49817880931499053 0.03641716378737554 0.05758700692008212
0 0.40396589528423643 0.504450008440138 0.0349152205426357 0.0341495069200823
0 0.5404762893318553 0.6110567885919249 0.04322836829088246 0.04228034190105419
0 0.16994705043373873 0.26932695604522977 0.04967862739018099 0.0456600098858317
0 0.4516128508674774 0.5432061023183585 0.05144138648947951 0.04884867688202625
0 0.08361832665190047 0.23526102076024666 0.04937823874123302 0.04097250988583179
3 0.42337814080841624 0.054849256462971674 0.0563687183831675 0.07710101087441493
0 0.5855279734772963 0.5925269644853678 0.048316386489479515 0.04872134288963732
0 0.5865607449150962 0.6497492154739509 0.048316386489479515 0.048721342889637496
5 0.22685028763381226 0.3836560528891998 0.05067992288667415 0.0612850098858317
0 0.23721278455149325 0.6864282258168932 0.037218200184570095 0.0700870069200823
0 0.6805214959948304 0.6747266522418089 0.046553627390180985 0.04553267589344294
0 0.7146881400424492 0.777163244142863 0.048316386489479515 0.04872134288963732
0 0.7893374005260239 0.2601004195420144 0.04669332973421945 0.07203150889724856
0 0.4657544964562558 0.49365177129171933 0.04645349784053181 0.043970175893442945
3 0.23348130552786772 0.9157801447902539 0.09112325262089369 0.13306185079830257
0 0.5194511929401979 0.5357875331547174 0.048116127390180986 0.04559634288963732
0 0.6342077004983372 0.6885053093521715 0.04322836829088228 0.04228034190105419
0 0.4143014204226641 0.4531740099230127 0.04977875693983034 0.047222509885831696
0 0.1352311775193779 0.762168372052841 0.04699371838316742 0.07671900889724856
0 0.17727538248431002 0.607223545474826 0.042706736581764694 0.08277800790866544
5 0.49989086212624445 0.5843377796946763 0.04977875693983016 0.047222509885831696
0 0.38957392582133493 0.5579105894667773 0.04977875693983034 0.047222509885831696
0 0.6809975670911765 0.4350593157779622 0.05184190468807692 0.05509867688202626
0 0.16569063310261883 0.8002241289729233 0.04190570018457014 0.07027800790866542
0 0.16182635102436094 0.8971946294672147 0.043267941085271475 0.06721667490485998
0 0.42410122918050897 0.15357325794584645 0.03978199568106326 0.08577567391627663
0 0.3674402190014763 0.13324882908665395 0.034193329734219444 0.07152217292769344
0 0.5061102976559615 0.047254273763177236 0.037779404688076924 0.05452567391627661
3 0.39346010333148757 0.04501400003718105 0.04745479333702489 0.059595175893442966
0 0.524636034090068 0.8704636220900219 0.045391645588778215 0.051719008897248384
5 0.16171213680324667 0.6911847099995625 0.04719397748246603 0.07984400889724856
0 0.10670206662975117 0.583982363649884 0.04080427513842757 0.05309050790866543
0 0.5523814998523416 0.9264244620139099 0.052042163787375625 0.05822367688202625
5 0.9573840985511257 0.15572062015003674 0.04821625693983052 0.04715884288963732
5 0.3986557225544458 0.9295600963868594 0.052442681985972864 0.0644736768820259
0 0.3953952382798077 0.1492704185162502 0.03751858883351815 0.07477450692008221
3 0.4610981863049095 0.04072043087353988 0.040303627390180986 0.04527800790866541