0 0.09731934714445872 0.6185141900063633 0.036415732122152565 0.025399989337999786
0 0.9248067472942398 0.58209290945254 0.03329073212215263 0.025363626670908877
0 0.18752963002521567 0.6718579133513629 0.035108323637421626 0.028506808004454244
1 0.33472375229520973 0.6009834340388164 0.0875636439408634 0.040044292011453916
0 0.651719933658758 0.6023304947485417 0.031600686364518 0.023782945337363515
0 0.4150013125967119 0.5613311353834977 0.03485323212215263 0.02538180800445424
0 0.10181565744596081 0.5779800966740906 0.030038186364518004 0.023764764003817974
0 0.2394270988114487 0.6287533506922262 0.03329073212215254 0.025363626670908877
0 0.05246949062628016 0.5375999973344999 0.019228232122152567 0.025199994668999894
5 0.9460594782084446 0.7181485881205854 0.03411965060882309 0.07376476400381797
5 0.68835867744984 0.6878321900859051 0.03979582363742153 0.02856135200509069
5 0.7736424732074747 0.6903855727641319 0.03979582363742153 0.02856135200509069
0 0.9601217203325367 0.7948019947883126 0.024904147274843424 0.056486357336090795
0 0.9979815548657361 0.9576747121259942 0.004036890268527671 0.05953863200190881
0 0.6971611398579775 0.2602162674251776 0.014508781213767108 0.04387726933481808
0 0.5539539184866706 0.05483732940799657 0.018654147274843425 0.056413632001908985
0 0.9438110651817858 0.8149054094525401 0.017633781213766752 0.04391363200190881
0 0.6567597962166765 0.12862082208781414 0.020216647274843246 0.05643181333545444
0 0.8420732219995266 0.8020139634388588 0.021651601517208973 0.05488749466899989
0 0.5697702371231224 0.05736289274345101 0.017091647274843247 0.05639545066836356
0 0.6379460233378592 0.12762139608526882 0.021779147274843248 0.056449994668999894
0 0.654272782880757 0.05990718475490503 0.018654147274843248 0.056413632001909006
0 0.9777074462457715 0.9050582421228125 0.01839905575957417 0.05328863200190881
0 0.6051815786383915 0.06089697274822352 0.01839905575957417 0.05328863200190901
0 0.6200891015172088 0.061850945416905244 0.01839905575957417 0.05328863200190901
0 0.4907995695545357 0.24688792206395158 0.022289330305381404 0.06269999466899989
0 0.8972703892782494 0.9618798594445858 0.029081464244305265 0.05029090133672724
0 0.8715060172981193 0.6844997467774949 0.042920823637421536 0.028597714672181595
0 0.675175214244305 0.057808882757768534 0.018654147274843425 0.056413632001909006
5 0.9838136671580365 0.9841242927275428 0.017506235456132658 0.03175141454491452
0 0.5863678057595741 0.059897546745678175 0.01839905575957417 0.05328863200190899
0 0.6363678057595742 0.060479349419132425 0.022161784547746775 0.06113749466899989
3 0.16358401000193967 0.05341699602163537 0.07771015394280303 0.09144316000954503
0 0.5352039184866706 0.054619153405451225 0.020216647274843423 0.05643181333545444
0 0.9932065766815373 0.8295951654598579 0.013586846636925286 0.056486357336090975