3 0.31015625 0.5359375 0.07890625 0.03984375
5 0.6453125 0.31796875 0.03828125 0.02734375
5 0.2453125 0.4171875 0.03671875 0.028125
0 0.60703125 0.4765625 0.03515625 0.0265625
5 0.7203125 0.3078125 0.034375 0.028125
0 0.33984375 0.57890625 0.0328125 0.025
5 0.68671875 0.4796875 0.0375 0.0265625
0 0.43984375 0.31484375 0.03515625 0.0265625
0 0.81640625 0.5375 0.028125 0.02421875
0 0.82578125 0.60625 0.0328125 0.028125
0 0.6703125 0.9484375 0.0140625 0.05703125
0 0.615625 0.946875 0.0140625 0.05625
0 0.56484375 0.9515625 0.0140625 0.0609375
0 0.63125 0.9484375 0.01328125 0.05859375
0 0.928125 0.0390625 0.01484375 0.06015625
0 0.55 0.95390625 0.0140625 0.06015625
5 0.94765625 0.746875 0.01875 0.06171875
5 0.88359375 0.31015625 0.0265625 0.06484375
0 0.678125 0.7390625 0.01328125 0.046875
0 0.64765625 0.878125 0.01484375 0.06015625
0 0.928125 0.17734375 0.0171875 0.06171875
0 0.6515625 0.946875 0.01328125 0.059375
0 0.53359375 0.95859375 0.01484375 0.05703125
0 0.6015625 0.946875 0.0140625 0.0515625
0 0.7328125 0.4703125 0.03203125 0.02578125
0 0.778125 0.196875 0.0140625 0.05390625
0 0.81484375 0.3171875 0.03828125 0.0265625
0 0.58203125 0.946875 0.0125 0.046875
0 0.62734375 0.8796875 0.0140625 0.05625
1 0.0234375 0.646875 0.04609375 0.04296875
5 0.90546875 0.1078125 0.015625 0.0734375
0 0.87890625 0.1828125 0.01640625 0.0453125
0 0.47265625 0.76484375 0.01875 0.07109375
0 0.82109375 0.040625 0.02734375 0.05
3 0.1640625 0.9578125 0.071875 0.084375