0 0.9868001476698047 0.3984375 0.026399704660390454 0.0359375
3 0.10785537939276582 0.36640625 0.08176923658176469 0.08125
3 0.056504828036176444 0.284375 0.08497338217054298 0.13125
0 0.5682910340808427 0.41953125 0.048015997840531635 0.0421875
0 0.5583233536360294 0.5078125 0.046453497840531634 0.0421875
0 0.6398005845145814 0.1578125 0.043668459283868796 0.071875
5 0.515726041020673 0.46484375 0.054766645588778216 0.05
5 0.4220866625507579 0.4421875 0.05652940468807692 0.053125
0 0.7337787268641571 0.27109375 0.0387807001845701 0.06875
0 0.43413128932263 0.67890625 0.04841651603912887 0.0484375
0 0.6072324205703223 0.46640625 0.05134125693983034 0.0453125
0 0.8491717057308993 0.86484375 0.03233044108527139 0.065625
0 0.6114681400332239 0.5203125 0.04957849784053163 0.0421875
5 0.9589031469730542 0.565625 0.0476154796419344 0.0359375
0 0.5861773318936878 0.028125 0.04110466378737563 0.05625
0 0.7933722887043212 0.871875 0.03928134793281686 0.0765625
0 0.6244283035160577 0.03984375 0.04689358883351815 0.0734375
0 0.624988310455888 0.08515625 0.04689358883351815 0.0734375
0 0.2915924244278337 0.21015625 0.04851664558877822 0.05
3 0.8040105976190496 0.80625 0.05740958667404996 0.115625
0 0.9250926580749377 0.89140625 0.0391812183831675 0.075
5 0.82363268275194 0.77109375 0.037318329734219446 0.0703125
0 0.7606320350036933 0.76328125 0.035956088833518154 0.0734375
5 0.684802203885198 0.17734375 0.050719495681063265 0.084375
0 0.23588384253414593 0.18203125 0.053804922886674156 0.059375
0 0.881285694010707 0.73203125 0.04543121838316751 0.075
5 0.690890320016612 0.26015625 0.05268251387966068 0.090625
0 0.8393146468161706 0.93046875 0.027503238741233105 0.0390625
0 0.39762899212809383 0.87734375 0.03944203423772628 0.0546875
5 0.36837736505167984 0.10390625 0.053504534237726276 0.0546875
0 0.9981218291159106 0.54765625 0.003756341768178828 0.0421875