5 0.11409331142842039 0.5434909367187635 0.050392456584775314 0.07000866311182748
5 0.22860913783402853 0.7497170918674959 0.05102895407749282 0.09188366311182747
0 0.04114051088705968 0.2536024131118273 0.029034282132453626 0.03288809471009326
0 0.4314148552393565 0.47667224694564114 0.04502299498543501 0.0462981473268119
0 0.42435486150756263 0.5310412285297896 0.046585494985435 0.04638915258848364
0 0.133856859791703 0.1870057182887946 0.04162521034569897 0.036741136803468064
0 0.46139420876285336 0.6028476100715858 0.049710494985435005 0.046571163111827296
0 0.23384690413136458 0.8924506234375269 0.04106292069139794 0.07102513154179632
0 0.8552207651102017 0.6500451886437277 0.046858279625171306 0.05576415258848364
0 0.39991715116186366 0.5640511496047118 0.04493206677218975 0.0431731473268119
0 0.4867555731069029 0.5111984363658276 0.04336956677218975 0.04308214206513981
0 0.018767237298985474 0.42512109734092923 0.03753447459797095 0.046116136803468065
0 0.6601452604913483 0.4422572625188951 0.035557066772189574 0.042627115756780756
0 0.5637533644770636 0.8772322310194511 0.04359688730530316 0.05089464206513981
5 0.20706309527673367 0.8447187787274337 0.041153848904643374 0.07415013154179632
5 0.17427727131190096 0.19640310509226264 0.036755853919208284 0.030218121018452494
0 0.7803537750728247 0.26457114925177605 0.0410174565847754 0.06946263154179615
5 0.10718304803407823 0.26997013673288095 0.04640363855894436 0.04013915258848364
5 0.22900760609728632 0.6284413313441521 0.04308006175762476 0.08674113680346807
5 0.17066052632646586 0.24001659719975485 0.04792067445232169 0.03866765785015547
0 0.5991536553850058 0.9246833546687396 0.046949207838416385 0.05888915258848364
0 0.4759029896416657 0.5614336547957965 0.048238923198680436 0.04960515785015538
5 0.19295644583072963 0.6302544603256995 0.03830163354437941 0.0833431210184525
5 0.939573313869196 0.14471992278812498 0.04975595909205808 0.0481336631118273
5 0.4414177117323542 0.9397560758707186 0.05512542069139794 0.07184417889684269
5 0.2137102488793728 0.9390148102974647 0.049148205331134065 0.08085515785015537
0 0.19788197506018937 0.7299282366340589 0.04280727711788872 0.07736613680346807