0 0.30575984842842346 0.0010937301297341245 0.020894696856846907 0.002187460259468249
0 0.3459546629441161 0.085734081040708 0.02318494292790545 0.02888889183263197
0 0.3277076230355293 0.002274284213418133 0.021040246071058633 0.004548568426836266
0 0.34811432237357554 0.04809767178488086 0.02474744292790545 0.028943455534962838
0 0.2991738622821623 0.13979658766412997 0.02296661910658786 0.02420139183263199
0 0.07644052956950458 0.0787127878416152 0.023112168320799587 0.02732639183263199
0 0.25059296712072654 0.17201137613871734 0.023112168320799587 0.02732639183263199
0 0.5879433413946009 0.6610440719702153 0.0215496683207995 0.027271828130301046
0 0.6239684627775004 0.3256497197932971 0.024820217535011225 0.030505955534962846
0 0.7103039532669877 0.012414387529053722 0.021476893713693813 0.024828775058107443
0 0.28544734842842345 0.001448394194884687 0.020894696856846907 0.002896788389769374
0 0.3423267028527029 0.17585064955236226 0.021549668320799586 0.027271828130301136
0 0.38202921174404303 0.23863090254758718 0.02140411910658786 0.024146828130301046
0 0.32382279776646966 0.04738090917100913 0.019987168320799588 0.02721726442797027
0 0.24009846112487052 0.0014583178786820965 0.020821922249741043 0.002916635757364193
0 0.6743793775836433 0.21511895836055173 0.023112168320799497 0.02732639183263199
0 0.10051157630251695 0.04109373675315608 0.02140411910658786 0.024146828130301123
0 0.3136965887085138 0.2331919235989794 0.021258569892376223 0.021021828130301134
0 0.03410748035529287 0.07706100780454832 0.021549668320799575 0.027271828130301136
0 0.5341504456139926 0.44694685563547926 0.040299668320799495 0.027926592558271325
0 0.11741659408519725 0.16883679083684008 0.021549668320799586 0.027271828130301136
0 0.5879881133156196 0.22517849383991423 0.0215496683207995 0.027271828130301046
0 0.36157116252983135 0.23621523067788833 0.02296661910658786 0.02420139183263199
0 0.6169588691020786 0.9479984349469067 0.024820217535011225 0.030505955534962936
0 0.707641333746115 0.1396179613557766 0.024892992142117088 0.03206845553496285
0 0.2604109611248705 0.001103653813531534 0.020821922249741043 0.002207307627063068
0 0.050081390818209594 0.13440971633473603 0.021549668320799586 0.027271828130301136
0 0.1256207382131757 0.04256446751586239 0.021476893713693723 0.025709328130301124
0 0.30351029776646965 0.04809023730131025 0.021549668320799586 0.027271828130301122
0 0.28014772642635144 0.08411950653860394 0.023112168320799587 0.02732639183263199
0 0.376391333746115 0.15118546624991802 0.021476893713693723 0.025709328130301135
0 0.6467081418516669 0.20904257315134167 0.023257717535011223 0.030451391832631992
0 0.34381427419282107 0.14058527214770056 0.02140411910658786 0.024146828130301133
0 0.6996169720831252 0.23614822097442345 0.0215496683207995 0.027271828130301136
0 0.030370358353220883 0.16483382631620258 0.013518844499482008 0.022311509618646853
0 0.138619505995856 0.17044393085537352 0.021549668320799586 0.027271828130301136
0 0.29225392824559704 0.17603418802694967 0.021476893713693723 0.025709328130301135
0 0.16603387655018595 0.1374032523622527 0.021549668320799586 0.027271828130301136
0 0.5659120219165095 0.49044139529119307 0.027945217535011224 0.03061508293962447
0 0.14756851282028158 0.043363075683230404 0.02140411910658786 0.024146828130301123
0 0.20435366790651482 0.1704960053574776 0.021476893713693723 0.025709328130301135
0 0.5956167543387171 0.7585911945655537 0.023257717535011223 0.030451391832631992
0 0.23109595037150354 0.13982635871552218 0.023112168320799497 0.02732639183263199
0 0.21036176530148093 0.08107884129232704 0.021476893713693723 0.025709328130301135
0 0.19217253742738744 0.04337051016680102 0.021549668320799586 0.027271828130301122
0 0.16884635339082216 0.0801810294040947 0.021476893713693723 0.025709328130301135
0 0.738957646194893 0.0391442462021669 0.02162244292790554 0.028834328130301123
0 0.1348802299410081 0.22456843566469695 0.02296661910658786 0.02420139183263199
0 0.14092471463952716 0.13593252159954639 0.02140411910658786 0.024146828130301133
1 0.4708070754739474 0.33021571262172095 0.0902996683207995 0.02967263103285873
1 0.6481186304791274 0.10491806834201825 0.03445208271265763 0.06984127404661714
0 0.3388057506191725 0.2346626543616857 0.021258569892376133 0.021021828130301134
0 0.39653039764263515 0.0026363827621393053 0.02118579528527027 0.0052727655242786105
0 0.2346896772121397 0.08257685390619876 0.021476893713693723 0.025709328130301135
0 0.09156256947809138 0.1681745919252992 0.021549668320799586 0.027271828130301136
0 0.2926028387085138 0.23392853358044596 0.021331344499482086 0.022584328130301135
0 0.7345356275836432 0.21301825582081374 0.024820217535011225 0.030505955534962846
0 0.12427871608726923 0.0809548449205241 0.021549668320799586 0.027271828130301136
0 0.31643629094204406 0.1744072006408214 0.02140411910658786 0.024146828130301133
0 0.5726372109154735 0.5340277041842005 0.023184942927905537 0.02888889183263199
0 0.6107922981762453 0.832400716798072 0.024820217535011225 0.030505955534962936
0 0.37149401033908225 0.0022916423807861517 0.021113020678164496 0.0045832847615723035
0 0.5893580223307943 0.3385961530957413 0.024820217535011225 0.03050595553496276
0 0.07938143899896401 0.041049096734622634 0.02140411910658786 0.024146828130301133
0 0.7053125463187276 0.08961796135577658 0.023112168320799497 0.02732639183263197
0 0.25215331306795064 0.13830849873405565 0.021476893713693723 0.025709328130301135
0 0.32326202564056317 0.08574400472450541 0.021549668320799586 0.027271828130301136
0 0.11975819003242132 0.13510663158101294 0.02140411910658786 0.024146828130301133
0 0.3006421629441161 0.08731642840830282 0.021549668320799586 0.027271828130301136
0 0.27722608767505647 0.13899797949676193 0.018133569892376224 0.020912700725639423
0 0.05654325248119937 0.03793402041842005 0.01984161910658786 0.02409226442797028
5 0.7386515851938571 0.08297609175566319 0.021695217535011226 0.030396828130301135
0 0.2155736501238345 0.041770804631838174 0.02140411910658786 0.024146828130301133
0 0.17182365012383452 0.04329858829710214 0.021549668320799586 0.027271828130301122
0 0.14380996608726923 0.08027279864138841 0.021549668320799586 0.027271828130301136
0 0.5905415709258335 0.09519089347709449 0.024820217535011225 0.030505955534962846
0 0.23752142473094037 0.042569412799206195 0.021549668320799586 0.027271828130301136
0 0.45147907092583345 0.10004706298454065 0.0443321968568469 0.014027783665263981
0 0.05289386765884581 0.07718749337657804 0.02005994292790545 0.028779764427970277
0 0.07589902812176252 0.13429066524627692 0.021476893713693723 0.025709328130301135
0 0.9699401265501859 0.10933022751302737 0.03888271753501158 0.030997028855940557
0 0.09550305272886839 0.13517111896714123 0.021331344499481996 0.022584328130301135
0 0.03552227708830522 0.040233130399886595 0.021476893713693723 0.025709328130301135
0 0.18482241790651482 0.17117805163661332 0.021476893713693723 0.025709328130301135
0 0.3195591368892682 0.14064975953382883 0.01984161910658786 0.02409226442797028
0 0.031258616211103735 0.1335019807627063 0.015008569892376145 0.02080357332097771
0 0.4054667117440431 0.23781244701262433 0.0215496683207995 0.027271828130301136
0 0.7447774607105858 0.13049593249983604 0.024820217535011225 0.030505955534962846
0 0.4444692456567738 0.15115569519852579 0.04425942224974104 0.012465283665263982
0 0.6455972520669147 0.16839029130017624 0.021695217535011226 0.030396828130301135
0 0.4479410020669146 0.1752925996450295 0.041134422249741044 0.012356156260602269
0 0.18723678846084474 0.13901039238078616 0.02140411910658786 0.024146828130301133
0 0.45489086124870504 0.038891308175217236 0.04752997146395259 0.015699411069925673
0 0.4454859361034799 0.13938238149619492 0.042696922249740865 0.012410719962933126
0 0.25436647642635146 0.08501980762706307 0.021549668320799586 0.027271828130301136
0 0.4434889425136207 0.16371025890085664 0.044259422249740867 0.012465283665263982
0 0.06851036724456103 0.2276686430137583 0.02111302067816445 0.017896828130301044
0 0.4465925177826803 0.11273803594269864 0.04440497146395259 0.015590283665263983
0 0.25730738585581087 0.047356116520070504 0.021476893713693723 0.025709328130301135
0 0.4429281703877142 0.20207335445435293 0.0443321968568469 0.014027783665263981
0 0.07121368217453845 0.16810267005560034 0.023112168320799587 0.02732639183263199
0 0.09608094148016337 0.08037449156247951 0.02140411910658786 0.024146828130301133
0 0.26803517824559703 0.17687992541307793 0.021476893713693723 0.025709328130301135
0 0.028974832298372964 0.2188764855720297 0.011665246071058576 0.016006945916315997
0 0.9748866457806085 0.4041615778758471 0.050226708438783164 0.014246038474587408
0 0.7072174946233165 0.04651280209994945 0.023112168320799497 0.02732639183263198
0 0.4439084735308674 0.18951879075202208 0.041134422249740864 0.012356156260602269
0 0.20520553846084474 0.13838290980398132 0.021549668320799586 0.027271828130301136
0 0.7378575266740205 0.16673353286265574 0.021695217535011226 0.030396828130301135
0 0.4138270595532939 0.004707314250485026 0.024529119106587772 0.009414628500970051
0 0.7036109592628437 0.1874924661651 0.021695217535011226 0.030396828130301135
0 0.16369228060296187 0.17113341161807985 0.021549668320799586 0.027271828130301136
0 0.38165899234700496 0.4154935029104069 0.049165246071058634 0.01731647477225664
0 0.44976886765884583 0.06332831298454066 0.04604024607105863 0.017207347367594817
0 0.046250069478091384 0.16975693929289404 0.023039393713693724 0.02576389183263199
0 0.6766481989237615 0.17982629910472456 0.021695217535011226 0.030396828130301135
0 0.4154473715877872 0.04887643258465406 0.04127997146395277 0.015481156260602248
0 0.441166617244561 0.2146552000078492 0.042696922249740865 0.012410719962933126
0 0.28148974855225795 0.04572912913394223 0.021476893713693723 0.025709328130301124
0 0.45430866439185813 0.02639130817521724 0.04760274607105863 0.017261911069925674
0 0.18461690260503388 0.08276039238078615 0.021549668320799586 0.027271828130301136
0 0.21271832382131758 0.0011681411996597988 0.022311647642635178 0.0023362823993195976
0 0.08885925454811397 0.22774056488345723 0.024456344499481995 0.022693455534962846
0 0.22793671712072655 0.17280254982251475 0.021549668320799586 0.027271828130301136
5 0.34887414764263514 0.0035094019994329983 0.02587329528527027 0.0070188039988659965
0 0.17045804921421173 0.0003422511811263528 0.02216609842842345 0.0006845023622527056
0 0.04797954342324347 0.22369047114405943 0.024310795285270293 0.019568455534962847
0 0.11296884263745519 0.22455107749732894 0.025946069892376133 0.021185519237293705
0 0.15668245533390227 0.22224204383206497 0.02431079528527027 0.01956845553496276
0 0.2681657648871962 0.23008677096657423 0.02609161910658786 0.024310519237293705