0 0.478125 0.15351222022560762 0.0296875 0.035757717535011314
0 0.41484375 0.11192834181339487 0.0296875 0.035757717535011314
0 0.20078125 0.8187734629868973 0.0265625 0.032487168320799495
0 0.32265625 0.5630970436326403 0.0265625 0.032487168320799495
5 0.140625 0.8809502853604728 0.03125 0.04364299214211727
0 0.3375 0.1256869348651348 0.034375 0.03753854135632886
0 0.18125 0.9181206455757206 0.0265625 0.030924668320799497
0 0.4015625 0.16879692597379464 0.028125 0.03412244292790545
0 0.64296875 0.45052199917593966 0.0484375 0.024131012820281583
0 0.3671875 0.46024171733012353 0.0390625 0.039319365177646406
0 0.234375 0.6422088089341214 0.0265625 0.032487168320799495
0 0.16171875 0.7612178281645438 0.028125 0.03568494292790554
0 0.25 0.48757481286306276 0.0265625 0.0293621683207995
0 0.7140625 0.46127325455262314 0.0546875 0.024422111248705036
0 0.28984375 0.20290656038186344 0.0296875 0.035757717535011314
0 0.34140625 0.26456749834737014 0.03125 0.03583049214211718
0 0.1453125 0.8369819615391553 0.0265625 0.032487168320799495
0 0.50546875 0.6967699146012551 0.0265625 0.030924668320799497
0 0.184375 0.6617250963615089 0.025 0.03241439371369381
0 0.12890625 0.9166523449137667 0.028125 0.032559942927905185
0 0.5140625 0.6612134042621729 0.028125 0.03568494292790554
0 0.48125 0.7330541710113959 0.05625 0.026057385855810723
0 0.4703125 0.864032343261137 0.03125 0.03739299214211726
0 0.15546875 0.8036964265929673 0.028125 0.03568494292790518
0 0.58203125 0.8103914588530682 0.0578125 0.026130160462916763
0 0.72265625 0.35696674421354097 0.053125 0.024349336641599172
0 0.17109375 0.7146874305219086 0.0296875 0.03419521753501122
0 0.5890625 0.7780327231210917 0.0484375 0.024131012820281583
0 0.4796875 0.7479706956185017 0.0546875 0.025984611248705037
0 0.58125 0.840896596156621 0.05625 0.026057385855811077
0 0.9921875 0.39910062448778055 0.015625 0.02260274607105863
0 0.61171875 0.6597899913180568 0.0546875 0.024422111248705036
0 0.62109375 0.6445095936754217 0.0515625 0.02427656203449331
0 0.04296875 0.2909674483045889 0.0234375 0.01827911910658786
0 0.57578125 0.8614638072814916 0.059375 0.02620293507002245
0 0.58359375 0.7907874342459623 0.0515625 0.02271406203449331
0 0.6109375 0.6754513786216098 0.0546875 0.024422111248705036
2 0.8625 0.6692034168775667 0.0609375 0.11846320967712849
0 0.56640625 0.8947129549241268 0.0546875 0.02442211124870468
0 0.62421875 0.6256140444612099 0.040625 0.020642139784752267
0 0.5828125 0.8251988215495152 0.0578125 0.026130160462916763
5 0.478125 0.8199184702256076 0.03125 0.04364299214211727
0 0.0484375 0.2743064871797184 0.0296875 0.020132717535011314
0 0.44140625 0.9099099234925951 0.059375 0.02932793507002245
0 0.60546875 0.7085185897464802 0.0578125 0.02769266046291676
0 0.6 0.7212733008713508 0.0546875 0.024422111248705036
0 0.52734375 0.6043448201017732 0.0328125 0.03746576674922295
0 0.68125 0.4198327713018462 0.05625 0.0244948858558109
3 0.69765625 0.38781863792723464 0.1015625 0.05473034946188075