0 0.9859375 0.5109375 0.028125 0.028125
3 0.91015625 0.9421875 0.0546875 0.1078125
3 0.946875 0.3234375 0.08828125 0.0375
0 0.08984375 0.75078125 0.0359375 0.04453125
0 0.66640625 0.02265625 0.01640625 0.0453125
0 0.2546875 0.175 0.03125 0.0640625
0 0.5453125 0.5109375 0.02890625 0.03125
5 0.328125 0.60859375 0.040625 0.040625
3 0.6359375 0.1046875 0.0234375 0.11015625
0 0.70078125 0.1890625 0.01953125 0.0703125
0 0.67265625 0.2453125 0.01796875 0.06484375
0 0.7515625 0.67734375 0.02265625 0.08359375
0 0.725 0.67109375 0.01875 0.06953125
0 0.73203125 0.775 0.02421875 0.06640625
0 0.7046875 0.88046875 0.021875 0.0578125
0 0.3484375 0.83046875 0.03515625 0.0453125
0 0.43984375 0.55859375 0.04140625 0.0421875
0 0.6984375 0.05234375 0.01796875 0.0765625
0 0.921875 0.15703125 0.03984375 0.04375
5 0.12265625 0.028125 0.03984375 0.040625
0 0.3015625 0.86953125 0.04296875 0.05546875
5 0.2359375 0.93515625 0.0421875 0.05546875
5 0.45234375 0.9109375 0.0375 0.04765625
5 0.6359375 0.98203125 0.021875 0.0359375
5 0.67421875 0.97109375 0.03046875 0.05703125
3 0.69375 0.80859375 0.06796875 0.16640625
0 0.9765625 0.015625 0.034375 0.03125