0 0.4267364248647663 0.4601822912372646 0.025733323637421535 0.029763909654925945
4 0.4732933340984033 0.23117748827105747 0.03364141848667046 0.05051345222957302
0 0.34357194912070943 0.8116905248936197 0.025733323637421625 0.029763909654926125
0 0.3296067201633589 0.33609494519220745 0.025605777879787083 0.028201409654926034
0 0.3056569741255586 0.9372096949401059 0.03105855242559432 0.037904191585911205
0 0.2850919613693672 0.17140973231897277 0.028985869395056162 0.031544930942249486
0 0.2927773024255943 0.05620534939925185 0.027423369395056164 0.03143567029858776
0 0.2882007280392666 0.25707408070981846 0.022225686364518004 0.0248578883676025
0 0.28619194682549964 0.2134333413534802 0.029113415152690704 0.03310743094224948
0 0.29947384151526907 0.024048413261222257 0.02394768303053816 0.007888909654926024
0 0.53976168078382 0.7314177888914761 0.055293277879787085 0.030277361884498966
0 0.5026925022952098 0.629396466983734 0.052040732122152634 0.02849634059717552
0 0.4707904742462448 0.1339036505238736 0.025733323637421535 0.029763909654926035
0 0.05833685335337655 0.5338504761147865 0.030962957576345353 0.01770095222957302
0 0.4668992971347604 0.3907492302252858 0.027550915152690793 0.03299817029858776
5 0.28644678046486094 0.2926837987788332 0.02767846091032524 0.03456067029858776
0 0.4682706074362625 0.35045201215627103 0.022225686364518004 0.0248578883676025
0 0.4642524003189591 0.4534841770069772 0.022608323637421535 0.0295453883676025
0 0.06546369820262551 0.5545453883676025 0.04190045757634535 0.018465776735204997
0 0.05364922441542267 0.5715854228964778 0.015210411818710811 0.015045845792955603
0 0.07789966744790047 0.6307636809422495 0.05322059484924897 0.02391810124083733