0 0.41015625 0.24921875 0.034375 0.0265625
3 0.8453125 0.92421875 0.06875 0.14375
0 0.66640625 0.53046875 0.0375 0.02890625
5 0.9265625 0.4484375 0.04296875 0.02890625
0 0.584375 0.6765625 0.034375 0.03046875
0 0.2640625 0.32734375 0.02578125 0.0609375
3 0.2109375 0.2109375 0.0328125 0.18671875
0 0.2359375 0.75703125 0.028125 0.0671875
0 0.546875 0.74453125 0.03359375 0.034375
0 0.65078125 0.96875 0.01875 0.06171875
0 0.58046875 0.771875 0.03515625 0.03984375
0 0.73046875 0.915625 0.02734375 0.0421875
0 0.184375 0.3546875 0.0171875 0.065625
0 0.75078125 0.8875 0.034375 0.0421875
0 0.17265625 0.9421875 0.03046875 0.0640625
0 0.29296875 0.6328125 0.01875 0.06484375
5 0.884375 0.50078125 0.03984375 0.02734375
0 0.25859375 0.65390625 0.01953125 0.0734375
0 0.56328125 0.89921875 0.03203125 0.04375
0 0.51796875 0.04296875 0.0296875 0.0265625
0 0.2078125 0.86171875 0.02890625 0.06328125
0 0.2734375 0.73203125 0.0265625 0.07734375
3 0.940625 0.32265625 0.0796875 0.03125
0 0.5640625 0.11875 0.03359375 0.02734375
3 0.2375 0.015625 0.02265625 0.03046875
5 0.1796875 0.01953125 0.01640625 0.0390625
0 0.2375 0.1375 0.01328125 0.05234375
5 0.2046875 0.94140625 0.0359375 0.08046875
0 0.18515625 0.1875 0.0171875 0.06796875
5 0.2453125 0.8296875 0.0296875 0.06875
0 0.54921875 0.94609375 0.03515625 0.0453125