3 0.10050304287559957 0.1046301284636113 0.15364423658176474 0.09423659849212936
3 0.811601229180509 0.06416945570139046 0.0631589389258032 0.11273373732333322
5 0.6232072486157241 0.4582105645611124 0.03375323874123311 0.04179652073518518
5 0.7985391132059785 0.5104586953337978 0.05885336829088246 0.045546237323333114
3 0.7054504472591347 0.532586556502594 0.0548062183831675 0.07937443317629622
0 0.7946862345791799 0.17052676244032564 0.03365310919158375 0.040234020735185096
0 0.7878168684477659 0.2534759634770849 0.0319904796419344 0.03853481969842587
0 0.641060872923586 0.7130156417524087 0.038340609191583754 0.04064412384546294
0 0.7159046907807297 0.40581900494745515 0.026802331893687813 0.03031221658814811
0 0.31357952961424773 0.36799212502324136 0.03677810919158375 0.04050742280870363
0 0.5656276812200056 0.592985397219029 0.045952850092285044 0.03820262902925915
0 0.6593902822351414 0.20877720108324205 0.03375323874123311 0.0417965207351851
5 0.4091018692229582 0.8412943410457416 0.04352875693983034 0.0488667269557407
0 0.44782081508859173 0.6856403718656955 0.0630402205426357 0.038143840433610875
0 0.6863811836840158 0.09066218812375133 0.03541586829088246 0.043495721771944364
0 0.6490757410575849 0.30911895367514014 0.03365310919158375 0.040234020735185186
0 0.7746975023163518 0.33697196866088114 0.0335529796419344 0.038671520735185184
5 0.7386736713455146 0.026268205984214393 0.03385336829088246 0.043359020735185126
0 0.1589327999723134 0.41725797610726884 0.04302810919158366 0.0410542269557407
5 0.36879704426910076 0.827729418519862 0.04186612739018099 0.047167525918981566
5 0.499969096243999 0.9265688767666678 0.04665375693983016 0.04914012902925933
0 0.5650026133628621 0.893688734777918 0.04146560919158375 0.04091752591898157
4 0.2898173504060521 0.6660584781335193 0.10915375693983034 0.054608170499629335
0 0.4607447123754129 0.8476523563143065 0.04332849784053181 0.045741726955740705
5 0.5606038124676981 0.804733541516853 0.04196625693983034 0.04873002591898157
0 0.23970193862126132 0.40553037271416714 0.039903109191583755 0.04078082488222208
0 0.6519249290605373 0.5434843917524088 0.0335529796419344 0.038671520735185184
0 0.07332266040051477 0.7712318680960187 0.0597149614433371 0.03474543836009243
0 0.7000512623385011 0.010194322172153436 0.036978368290882455 0.020388644344306872
0 0.2936840276116629 0.6905800245048617 0.07367733189368782 0.03441324769092589
5 0.6107516116648191 0.6768238635243531 0.038540868290882456 0.04376912384546294
0 0.9228567951919514 0.4374327155033352 0.036978368290882455 0.04363242280870363
0 0.8543861998800283 0.39059596319426093 0.036978368290882455 0.04363242280870363
5 0.30336061382428736 0.7456680656924081 0.07251535009228505 0.04052654665416657
0 0.43639675201181005 0.9002790703105564 0.04332849784053163 0.045741726955740344
0 0.1313944925987444 0.20447430358138918 0.045952850092285044 0.03820262902925915
0 0.061766705740124474 0.39390724194148163 0.05250323874123301 0.043436933176296225
0 0.38964166795865396 0.8903859519317138 0.033352720542635696 0.03554652073518483
0 0.21632379781284508 0.3702859398206949 0.046153109191583754 0.04132762902925915
0 0.7667222069767421 0.7160053577749089 0.07327681369509058 0.028163247690925885
5 0.8852626534606844 0.7452547774260665 0.07367733189368764 0.03441324769092589
0 0.9062829595976358 0.5748349706871314 0.0694904796419344 0.041815644580647945
0 0.8912716240033202 0.7121005248341685 0.06868944324473994 0.029315644580648125
0 0.3491179950719797 0.9529734262955565 0.03683866594684391 0.017206623845462586
0 0.08769455737356902 0.20752068261064832 0.04731509099298643 0.035214330066018464
0 0.6023605158914707 0.7956422140427328 0.04010336829088246 0.043905824882222076
5 0.757938689857879 0.7439642624403257 0.07826470234403846 0.033260850801203466
3 0.7692905066352885 0.42134696866088117 0.05208173658176456 0.08535103110277778
3 0.017306960211332035 0.44719762874643526 0.03461392042266407 0.03501884043361105