0 0.47878901527316187 0.6510605247600616 0.0335529796419344 0.03648297077900686
0 0.5533825092561822 0.3516548141273246 0.0335529796419344 0.03648297077900686
5 0.21120099707456452 0.6619742999205698 0.0368782387412331 0.03966251785690744
0 0.3638160549095589 0.7037918327950109 0.0368782387412331 0.03966251785690744
0 0.3045049182631957 0.3872140332814783 0.03687823874123301 0.03966251785690744
0 0.7005333212532296 0.11341270008602082 0.03884125693983016 0.04593979139585782
0 0.3823948766242139 0.6574253474055075 0.03687823874123293 0.03966251785690744
0 0.5796551125876697 0.38007014042621845 0.02846496144333699 0.030151150162155815
0 0.6410899537375396 0.7122183928618504 0.048176684145441226 0.021130706168510115
5 0.5342670596899208 0.6134144744357501 0.04186612739018099 0.04443183847375849
0 0.3546122331949039 0.7499946769508122 0.038640997840531634 0.04281479139585791
0 0.8456878161683259 0.7343995357204055 0.06253957279438929 0.026063668019063256
0 0.8551221753599094 0.696776804795129 0.05941457279438893 0.02600912094116268
0 0.8508456855389422 0.7148001018730297 0.05941457279438893 0.02600912094116268
0 0.8590482117571042 0.6842222577172283 0.057952202344038285 0.02754434740221221
5 0.4207972401347342 0.7035775986233235 0.04402940468807692 0.053834112012708955
0 0.8744822470745646 0.6503966826361504 0.06097707279438893 0.02603639448011279
0 0.774483444638241 0.7130115052815963 0.06586483189368782 0.029243215096963836
0 0.8832960425710578 0.6346353149413988 0.05941457279438893 0.02600912094116268
5 0.20081540716131227 0.7144407808458462 0.038640997840531724 0.04281479139585791
0 0.3581623280454017 0.9746810312528833 0.031589961443337165 0.030205697240056395
0 0.891178393743077 0.6212313340161222 0.05951470234403829 0.027571620941162677
0 0.7857911844592083 0.6948654772784192 0.06586483189368782 0.029243215096963836
0 0.8642060811277208 0.6646228238698525 0.05462694324473958 0.024364800324311632
0 0.08517991518087677 0.6922675462671218 0.05961483189368779 0.02913412094116268
5 0.04005957742709283 0.7874806347408804 0.05003957279438913 0.025845479707460584
5 0.5652550462716855 0.5317144610430694 0.05134125693983034 0.046157979707460585
5 0.48299325879475685 0.5245662086074375 0.05027940468807692 0.053943206168510116
0 0.18591229796972858 0.752158969157449 0.04176599784053172 0.04286933847375849
5 0.02501303015411486 0.8316397378251354 0.05002606030822972 0.034039809252765355
0 0.8444862615725339 0.7531495357204055 0.06772772054263569 0.0339579886359143
0 0.7267432587947569 0.5203115365311844 0.07427810919158376 0.03875458279171564