0 0.14910766563020322 0.5445148877319456 0.040954639784752264 0.0438136439408634
0 0.18562736248705008 0.5599484401575399 0.04258991439185813 0.04550368969849785
0 0.04765217348808608 0.5051019592433352 0.04266268899896401 0.04706618969849785
0 0.5628620663732102 0.8724791016863866 0.03648546360606986 0.04811850666795969
0 0.49115823262709524 0.7031872256233707 0.03633991439185813 0.04499350666795969
0 0.9817552299410082 0.5511446883698637 0.036489540117983665 0.032844193032477875
0 0.45246606782095233 0.8082096944096037 0.03804796360606986 0.04824605242559414
0 0.4734292311793532 0.7569978807741217 0.03804796360606986 0.04824605242559432
0 0.03686237675507373 0.540800343182259 0.025111315963434723 0.03785068636451801
0 0.10577719664744989 0.5666610836393613 0.03939213978475227 0.04368609818322895
0 0.2818066956139925 0.4860801186461501 0.036194365177646404 0.041868506667959694
0 0.2093131114535928 0.46693176379496143 0.03277826674922304 0.03536341515269079
0 0.5213486927185085 0.6161494822913305 0.036194365177646404 0.041868506667959694
0 0.3141654313459689 0.4957260566776581 0.037756865177646405 0.04199605242559432
0 0.9989983879227256 0.5845151688250263 0.0020032241545489883 0.022353232122152632
0 0.9724616207592177 0.8179974774595384 0.05507675848156453 0.027901601517208618
0 0.364026344290085 0.5970811336490597 0.06210189371369372 0.029974284547746775
0 0.5964493542148824 0.7748227227484327 0.03961046360606986 0.04837359818322895
0 0.5383929133538917 0.9319658009277824 0.03633991439185813 0.04499350666796005
0 0.244869621792675 0.4783952933417385 0.03939213978475227 0.04368609818322895
0 0.13593773159363795 0.5792407030344175 0.037684090570540583 0.04043355242559432
0 0.06255373552257938 0.5576848253044115 0.03136131596343472 0.03836086939505616
0 0.5098868078961549 0.6541278433514368 0.03790241439185813 0.04512105242559432
0 0.5824810535529287 0.8258272422932702 0.03626713978475227 0.04343100666796005
0 0.6201907611631425 0.6997110235070372 0.036194365177646404 0.041868506667959694
0 0.027376060791639012 0.5042251143940863 0.009340766749223007 0.03345022878817261
0 0.5271129650493027 0.9738504119878886 0.036194365177646404 0.04186850666796005
0 0.5109418081055519 0.10863987123122398 0.03419521753501122 0.032365960910325245
0 0.4099233109965268 0.9308182759229331 0.03961046360606986 0.04837359818322895
0 0.9244672305601807 0.5486576750339441 0.05741439371369381 0.029591647274843248
0 0.35470700227180235 0.6142208362244352 0.05741439371369372 0.029591647274843424
0 0.6465477458616615 0.6139169157809106 0.03321491439185813 0.044738415152690794
0 0.36506015136217956 0.5691474522855114 0.06380994292790536 0.033226830305381407
0 0.21303096277750036 0.36294576546195145 0.060393844499482 0.026721738790112325
0 0.5082024532624784 0.9992977247052867 0.04237159057054072 0.001404550589426634
0 0.3744522679875681 0.553570249710136 0.0652996683207995 0.031791876063016034
5 0.6703254243166556 0.2555143554794085 0.042735463606069855 0.04862868969849785
5 0.81246157444049 0.3161484507876994 0.0646832382131759 0.0519768303053814
5 0.8656807737785364 0.37263743791082177 0.06155823821317554 0.051721738790112326
5 0.9726135163349383 0.46463323246050836 0.05477296733012338 0.043367104851188644
5 0.8844800853987449 0.5757464624566289 0.07489299214211727 0.03724465060882309
5 0.3156486945805353 0.39389248970819624 0.06849744292790545 0.03360946757828494
5 0.24436654590444284 0.2837842950087285 0.07645549214211708 0.03737219636645772
0 0.08758354487098553 0.1760360836393613 0.060903266749223015 0.03765923879011233
0 0.37934301343945415 0.3243769572864813 0.07184076674922295 0.0385520590935541
0 0.1262929420993359 0.33874324879205203 0.07630994292790545 0.03424719636645772
0 0.14245728949430206 0.251338843641301 0.06857021753501132 0.03517196757828502
3 0.26465762117350244 0.23485245849442923 0.13059933664159917 0.06358375212603189
0 0.5075686749358281 0.4873867535031578 0.07093323821317572 0.05248701333591956
0 0.8753876834128835 0.7314384820014663 0.08121576674922296 0.039317333639361254
0 0.9713787336605526 0.8373374088230866 0.052508569892376046 0.024521510001939716
0 0.9686368773742462 0.8620185444290003 0.05272689371369381 0.029209010001939716
0 0.6336689102535198 0.6548927310833824 0.04586046360606986 0.04888378121376693
0 0.4219117346940099 0.887434937741644 0.049203787427387444 0.05382637272903636
0 0.34929391025351975 0.631679403193897 0.07027826674922304 0.03842451333591956
0 0.340047342842343 0.6503816057692726 0.08739299214211708 0.03826501666989941
0 0.11712991955914465 0.5263389725792548 0.03626713978475227 0.043431006667959696