3 0.21743023912558507 0.06819758340790485 0.09326452174882985 0.10987375269929237
0 0.044071063194961076 0.49547936597668396 0.041962006920082215 0.03589087842423862
3 0.4274273912558508 0.5496055618367879 0.07547484387822045 0.055564760997662076
0 0.09978255232054616 0.5514226352727158 0.04039950692008221 0.03577247925407558
3 0.6816321412186698 0.9465379161911098 0.05885502965749527 0.10692416761778034
0 0.73245047228249 0.5836900996036591 0.04527800790866543 0.04081517676456468
0 0.4480542035365908 0.2549442572726845 0.04247134288963732 0.048390878424238615
0 0.42460743327063566 0.3495580176456467 0.04052684091247087 0.038897479254075586
0 0.4748421966165086 0.28988794233561893 0.04078150889724856 0.045147479254075584
0 0.8145798813700191 0.6259619552073808 0.03896434091247088 0.03877908008391255
0 0.8538333823586022 0.6242344344614564 0.04377917490485998 0.042259277594401644
0 0.5647363902672676 0.564712188811134 0.04371550790866543 0.04069677759440164
0 0.36776330080049036 0.9753150342423862 0.04202567391627667 0.03745337842423879
5 0.7835977727002319 0.3477651776129792 0.050376684790691684 0.08948947510489073
0 0.7314795157801497 0.3767297045826809 0.037049013840164416 0.06822978174358649
0 0.8192235493919776 0.2235114614311582 0.04186384783255335 0.07170997925407559
0 0.7147775636520717 0.940484551263333 0.027674013840164415 0.06751938672260849
0 0.3359177346025987 0.8914010529137183 0.0403995069200823 0.03577247925407576
0 0.317126491597043 0.06399718071325688 0.037911176882026075 0.05116068091374957
0 0.7072342494685273 0.4524750657854801 0.03405134783255335 0.07111798340326043
0 0.8382454634224225 0.23749145105819594 0.036921679847775835 0.0651047817435865
0 0.7690378655898693 0.30120948632626743 0.03861151384016459 0.06834818091374953
5 0.7345143324723329 0.456109551263333 0.03586851581733086 0.07748638257342347
0 0.6442315947924416 0.7870267419253448 0.04017401384016441 0.06846658008391274
4 0.5573840770723065 0.07201520333328107 0.036667011862998145 0.058854781743586534
0 0.5843260596977389 0.9494074201398022 0.03092634783255317 0.07088118506293455
5 0.4352518201150433 0.4922074589323585 0.048148339923887916 0.034801975104890734
3 0.08759420600804874 0.21587529896502597 0.10031301779449715 0.09171574855010745
0 0.004820833232360879 0.4113402417016302 0.009641666464721758 0.029664189212119395
4 0.616663576578015 0.07885812179947597 0.03921900889724857 0.04502908008391256
0 0.6613488161235296 0.9246810298927087 0.025729511862998145 0.05802598755244546
0 0.7110623146406547 0.9355010533379253 0.027674013840164415 0.06751938672260849
5 0.8651846482131141 0.15332993861064131 0.05305601581733086 0.07878877344521676