0 0.24208580707890892 0.06185307082080845 0.024474210344286186 0.031052578925077734
0 0.17219989301375832 0.06795958667641118 0.024419646641955416 0.029490078925077733
0 0.21694939782308173 0.06430323663405887 0.022857146641955418 0.029399073663405884
0 0.19574652041842003 0.0661996656014889 0.024419646641955416 0.029490078925077733
0 0.26442210934849436 0.11716990237672213 0.026036710344286274 0.031143584186749607
0 0.06537697413928434 0.07817747888272544 0.02592758293962456 0.028018584186749584
0 0.24006695009266724 0.11966557082080845 0.022857146641955418 0.029399073663405863
0 0.2654563304925538 0.15480641026922987 0.022857146641955418 0.029399073663405863
5 0.6231844626217209 0.49190865202378625 0.04338790145127884 0.03683214206513998
0 0.5731348442027339 0.6025052468044667 0.02609127404661713 0.032706084186749605
0 0.7337151909373565 0.689359046649175 0.02603671034428636 0.031143584186749607
0 0.10390376079977319 0.07337585779368574 0.024310519237293705 0.026365078925077733
0 0.1790971898410482 0.25154563140062186 0.024365082939624562 0.02792757892507769
0 0.22423856425048502 0.21425002872743368 0.022748019237293703 0.02627407366340595
0 0.06993052096657422 0.26162701571442837 0.022857146641955393 0.02939907366340595
0 0.5596750341286001 0.5171746915569123 0.02765377404661713 0.03279708944842134
0 0.22449153539454447 0.2518410339891055 0.022857146641955418 0.029399073663405863
0 0.6603273093563435 0.5715730361964184 0.025982146641955417 0.029581084186749606
0 0.2450222902038679 0.24677410239083955 0.02280258293962456 0.02783657366340586
0 0.2203992908368401 0.12243425504991032 0.022857146641955418 0.029399073663405863
0 0.6142310701561168 0.6362123888696066 0.024419646641955416 0.02949007892507769
0 0.15096973375793118 0.07063726564384121 0.022857146641955418 0.029399073663405884
0 0.006537687478795497 0.1778897815700311 0.013075374957590993 0.030779563140062204
0 0.022596707897215546 0.13753009207925734 0.022748019237293693 0.02627407366340586
0 0.6616567186969887 0.2420752519955514 0.02609127404661713 0.032706084186749605
0 0.09392358167368017 0.22466534200867017 0.022857146641955418 0.02939907366340595
0 0.2003124801297341 0.15962344190984817 0.025982146641955417 0.029581084186749606
0 0.6042707383976186 0.7420983678229194 0.02765377404661713 0.03279708944842134
0 0.08961059310642557 0.16883257096198281 0.022748019237293703 0.02627407366340586
0 0.022110579859581647 0.263538855233437 0.02280258293962455 0.02783657366340595
0 0.04680304501319134 0.2289664341585147 0.02280258293962454 0.02783657366340595
0 0.6297172379342825 0.21516414150044255 0.022857146641955418 0.029399073663405863
0 0.04800095726424336 0.26191544205102246 0.022857146641955393 0.029399073663405863
0 0.30325394165514674 0.21572079444186204 0.022748019237293703 0.02627407366340595
0 0.2954835924734534 0.3037290286568465 0.024310519237293705 0.026365078925077688
0 0.7097196410300237 0.7936447282474409 0.02765377404661713 0.03279708944842134
0 0.3213739698781151 0.30210561547443204 0.022748019237293703 0.02627407366340595
0 0.06450146570176385 0.1705014867752332 0.022748019237293703 0.02627407366340586
0 0.59704108095589 0.7025353388837241 0.02765377404661713 0.03279708944842134
0 0.2723660402038679 0.24836669447009693 0.022857146641955418 0.02939907366340595
0 0.04301833530187725 0.13558816048099137 0.02280258293962456 0.02783657366340586
5 0.5809002149839737 0.6491450283744978 0.027762901451278844 0.035922089448421346
0 0.06878717241785304 0.2271155078219206 0.02280258293962456 0.02783657366340586
0 0.6355083586307042 0.5873499546405048 0.022748019237293703 0.026274073663405773
0 0.24763636951529538 0.30642211817585513 0.022638891832631992 0.02314907366340595
0 0.13434768503172478 0.2552019814429742 0.022748019237293703 0.02627407366340586
0 0.13201634791574898 0.1650397130271227 0.022857146641955418 0.029399073663405863
0 0.1794890594411616 0.21790637876978597 0.022857146641955418 0.029399073663405863
0 0.6230828359348495 0.04646734940706778 0.022584328130301045 0.021586573663405884
0 0.27355402877112256 0.3040174549934406 0.022638891832631992 0.02314907366340595
0 0.555076814165667 0.5591801810335687 0.027708337748947896 0.034359589448421345
0 0.15745036833416903 0.22131980510638005 0.022857146641955418 0.02939907366340595
0 0.5705332108924404 0.20623719155691234 0.022857146641955418 0.02939907366340595
0 0.6042708046318381 0.24890980994452888 0.02452877404661713 0.03261507892507769
0 0.6329166490042082 0.1683801467621144 0.02765377404661713 0.03279708944842143
0 0.6032093016366133 0.21205455205202112 0.02609127404661713 0.032706084186749605
0 0.07114579138499426 0.3164965262377721 0.024310519237293705 0.026365078925077688
0 0.6260143737764646 0.11944211782291925 0.022857146641955418 0.029399073663405863
0 0.2280232739617991 0.307628302404957 0.022693455534962846 0.02471157366340595
0 0.24466019165514674 0.2123080971291677 0.021185519237293705 0.026183068401734032
0 0.17593003902274157 0.1629003603539345 0.022857146641955418 0.029399073663405904
0 0.7469815388531055 0.8474823597892371 0.022857146641955418 0.029399073663405773
0 0.10899799936702781 0.12925413147120907 0.022857146641955418 0.029399073663405863
0 0.06497518085537354 0.1345184841443973 0.022748019237293703 0.02627407366340586
0 0.20465275054815418 0.21467496295653557 0.02107639183263199 0.023058068401734032
0 0.6189656662577672 0.8368949283321456 0.02609127404661713 0.032706084186749605
0 0.24266367123672666 0.15739308397498808 0.022857146641955418 0.029399073663405904
5 0.6150519817741966 0.7920451599162941 0.027762901451278844 0.035922089448421526
0 0.15550841161807985 0.16484229195220043 0.02280258293962456 0.02783657366340586
0 0.6302331039061988 0.26764439939295037 0.022857146641955418 0.029399073663405863
0 0.007131681762422806 0.232668286831703 0.014263363524845613 0.02939907366340595
0 0.4291566988267229 0.3764902364222974 0.050927582939624474 0.029474668373499213
0 0.576981618334169 0.24575471786527156 0.024474210344286363 0.03105257892507769
0 0.0893576219623661 0.13124156570031092 0.02280258293962456 0.02783657366340586
0 0.2828744981859015 0.05953170762427653 0.022748019237293703 0.026274073663405884
0 0.2697966009109739 0.2098579313159173 0.022748019237293703 0.02627407366340586
0 0.7681893615411111 0.9575321939759867 0.02765377404661713 0.03279708944842134
0 0.644191388667771 0.6301289888413718 0.02609127404661713 0.032706084186749605
0 0.004040170055600339 0.1394265210466874 0.008080340111200677 0.025728042093374804
5 0.6552752878416153 0.11096946516384845 0.02452877404661713 0.032615078925077735
0 0.48873259546867825 0.35177793373499167 0.05109127404661713 0.03416216837349921
0 0.32756943929289406 0.05743785758192423 0.02765377404661713 0.03279708944842143
0 0.04561505644593671 0.17331567363517103 0.022857146641955407 0.029399073663405904
0 0.8845634837579311 0.11336423599877435 0.04338790145127902 0.03683214206513994
0 0.13332587677168953 0.1275397130271227 0.022748019237293703 0.02627407366340586
0 0.15369294047402038 0.12716028142885674 0.022857146641955418 0.029399073663405863
0 0.36777528784161523 0.09422449701622823 0.04909226442797028 0.02157116311182732
0 0.34026037913394225 0.2992914286144942 0.024419646641955416 0.02949007892507769
0 0.3047767800370669 0.06002453128768241 0.021185519237293705 0.026183068401734032
0 0.11392605762706307 0.2571439130412402 0.024419646641955416 0.02949007892507769
0 0.021666635757364196 0.23141659997176514 0.022693455534962836 0.024711573663405862
0 0.19846972713450922 0.12272268138650447 0.022857146641955418 0.029399073663405863
0 0.22221476198089957 0.16011626557325404 0.022857146641955418 0.029399073663405863
0 0.3705431345762379 0.1718867654320797 0.045912700725639334 0.01982665258848364
0 0.37837050354337903 0.26158630226378266 0.04278770072563942 0.019644642065139984
0 0.1562226850317248 0.25647605510638005 0.022748019237293703 0.02627407366340595
0 0.9204265395708957 0.409017641218094 0.05221726442797028 0.02175317363517095
0 0.021314460892440427 0.17424884207925734 0.022857146641955407 0.029399073663405863
0 0.0034325348463903156 0.08386676578501555 0.006865069692780631 0.0239835315700311
0 0.6047395082678845 0.5941691020379037 0.022857146641955418 0.029399073663405773
0 0.08699150227743468 0.49042684990117796 0.049146828130301135 0.023133663111827296
1 0.37404012369164663 0.4304273075254545 0.0902083377489479 0.03799979991529536
0 0.3710069260460501 0.1586055154320797 0.045858137023308564 0.01826415258848364
0 0.13314977278067275 0.22225297355046642 0.022857146641955418 0.02939907366340595
0 0.09107883466890507 0.26129308674699836 0.022857146641955418 0.029399073663405863
0 0.20762892840830283 0.3087889840032229 0.022638891832631992 0.02314907366340595
0 0.3754464001853345 0.23323378910960302 0.04278770072563942 0.019644642065139894
0 0.24891363811961692 0.4043513839608706 0.05383432813030113 0.02340667889684287
0 0.8447469824919868 0.35685663076533736 0.03804563702330839 0.01780912628012441
0 0.3643848706964218 0.3930715206937515 0.041170637023308566 0.017991136803468068
0 0.024228640566687616 0.45916987364928846 0.04845728113337523 0.023497684158514786
0 0.37720730762706306 0.27247829963294673 0.04429563702330856 0.01817314732681181
0 0.3747023557202973 0.20970528384793113 0.045858137023308564 0.01826415258848364
0 0.2070063911148418 0.4387039971574026 0.03966270072563942 0.019462631541796328
0 0.3644493911996598 0.12221298912372047 0.04596726442797028 0.02138915258848364
0 0.6617856934692453 0.19354674673387956 0.02452877404661713 0.032615078925077735
0 0.6205381892928941 0.07450134414539593 0.02280258293962447 0.027836573663405906
0 0.4343154247801058 0.40810425746898477 0.050709328130301046 0.023224668373499215
0 0.37131446089244047 0.19463402069375155 0.04273313702330857 0.018082142065139938
0 0.17489581787868208 0.12526385246142674 0.01967758293962456 0.027654563140062205
0 0.3764632631620259 0.2489497943712749 0.04273313702330857 0.018082142065139983
0 0.11078618865992185 0.16771739199455277 0.022857146641955418 0.029399073663405904
0 0.11345483167368017 0.22580290777956832 0.022748019237293703 0.02627407366340595
0 0.007461536618079845 0.3212225526167185 0.01492307323615969 0.019933068401734033
0 0.026341722873339985 0.3217153762801244 0.025873019237293692 0.026456084186749607
0 0.0057638719623661055 0.266216534200867 0.011527743924732211 0.029308068401734035
0 0.3742931279528159 0.22142403384793113 0.045858137023308564 0.01826415258848364
5 0.739050053998866 0.3796655282333235 0.05534226442797028 0.021935184158514698
0 0.05525291815668378 0.43534523677523324 0.04278770072563942 0.019644642065139807
0 0.01909225118112635 0.08096157366340588 0.024255955534962837 0.024802578925077735
0 0.6623412541763513 0.1552199941030436 0.033958337748947895 0.03472361049510884
0 0.3642237019067658 0.0838407338620486 0.042842264427970275 0.02120714206513994
5 0.2601364026324052 0.06055588133003472 0.022857146641955418 0.029399073663405884
0 0.1282316382044349 0.0716614393495994 0.022748019237293703 0.026274073663405884
0 0.08420881969278063 0.07692579202278763 0.02754464664195542 0.029672089448421434
0 0.03865078303229178 0.081317889434304 0.024365082939624562 0.027927578925077735
0 0.20169887613871734 0.25442770769486367 0.02452877404661713 0.03261507892507769
0 0.05077872768266341 0.31687595783603806 0.02409226442797028 0.02011507892507769
0 0.09245779619431768 0.31147509727034206 0.025709328130301135 0.021768584186749606