0 0.046875 0.16875 0.0484375 0.0390625
0 0.0171875 0.22578125 0.034375 0.0375
0 0.72421875 0.9421875 0.02421875 0.0859375
0 0.72578125 0.7671875 0.021875 0.0859375
0 0.1109375 0.16796875 0.03828125 0.0328125
0 0.6140625 0.3328125 0.040625 0.0375
0 0.39375 0.1796875 0.04140625 0.0328125
0 0.17578125 0.17578125 0.03984375 0.034375
0 0.696875 0.78671875 0.0265625 0.103125
5 0.80390625 0.35625 0.0609375 0.04609375
0 0.90234375 0.015625 0.05 0.03125
0 0.98515625 0.20234375 0.02890625 0.03828125
5 0.25703125 0.33671875 0.05390625 0.0359375
0 0.334375 0.18359375 0.03984375 0.034375
0 0.3 0.0203125 0.04921875 0.03984375
0 0.23359375 0.17265625 0.0515625 0.0359375
0 0.0140625 0.09609375 0.028125 0.040625
5 0.09453125 0.06171875 0.05078125 0.04375