0 0.159375 0.4375 0.0265625 0.01953125
0 0.3328125 0.42890625 0.0203125 0.01796875
0 0.0515625 0.2640625 0.028125 0.021875
0 0.11171875 0.43203125 0.02890625 0.0203125
0 0.61953125 0.29921875 0.02890625 0.02421875
0 0.01015625 0.26796875 0.0203125 0.0203125
0 0.36875 0.32578125 0.0296875 0.0234375
0 0.984375 0.28125 0.03125 0.021875
0 0.18203125 0.33515625 0.02890625 0.0234375
0 0.4203125 0.2875 0.0296875 0.0234375
0 0.21328125 0.43125 0.02734375 0.021875
0 0.3890625 0.421875 0.03046875 0.02265625
0 0.0265625 0.44375 0.03046875 0.0234375
0 0.53203125 0.3828125 0.0265625 0.02109375
0 0.53046875 0.44609375 0.02890625 0.021875
0 0.7890625 0.29375 0.03046875 0.021875
0 0.50625 0.4171875 0.0296875 0.01953125
0 0.18671875 0.2984375 0.03125 0.021875
0 0.67265625 0.78515625 0.01328125 0.05390625
0 0.16875 0.253125 0.0296875 0.02265625
0 0.5 0.31015625 0.02578125 0.0203125
0 0.209375 0.25234375 0.02890625 0.02265625
0 0.28203125 0.32734375 0.03046875 0.0234375
5 0.69140625 0.265625 0.03515625 0.02421875
5 0.2921875 0.253125 0.03203125 0.021875
0 0.25 0.25234375 0.0203125 0.01796875
0 0.23828125 0.284375 0.02265625 0.0203125
0 0.99140625 0.215625 0.01640625 0.02265625
0 0.6640625 0.0640625 0.0125 0.04921875
5 0.06484375 0.29765625 0.028125 0.0234375
4 0.275 0.43203125 0.04140625 0.0265625
0 0.590625 0.0375 0.0109375 0.0546875
0 0.2921875 0.46171875 0.0265625 0.02109375
0 0.4421875 0.4515625 0.03359375 0.02265625
0 0.5328125 0.18828125 0.0203125 0.04765625