0 0.6606711581423168 0.43324379150621584 0.0430287341605581 0.035320557370694415
0 0.5751217882120461 0.5040271105604172 0.0430287341605581 0.035320557370694415
0 0.2812186049240081 0.4322371506449308 0.0430287341605581 0.035320557370694415
0 0.4398787848578515 0.7035523722439241 0.0430287341605581 0.035320557370694415
0 0.21665408832826158 0.6169745201359724 0.03990373416055819 0.035247822188333444
5 0.7964504849937374 0.5170038085080563 0.046372255447881726 0.03851829255305574
5 0.716506622857137 0.6419115831093409 0.0414662341605581 0.03528418977951393
0 0.1645120701430313 0.4897749340799307 0.04470049480421991 0.03691942496187508
5 0.7547003915465702 0.621672471502084 0.04880884059717552 0.05105466014423623
5 0.8589772541873739 0.3502170052214243 0.046372255447881726 0.03851829255305557
0 0.7235424987394923 0.38462575997107706 0.03488845222957302 0.03045121941479163
0 0.442761300368317 0.05803919728204898 0.034057925746469306 0.06319098423243057
0 0.8920900389683506 0.29073355565826464 0.04324725544788137 0.03844555737069442
5 0.8277990379599445 0.5834652631052091 0.0542611651028075 0.062101262917777865
0 0.8136765537993863 0.6175675061713548 0.04793475544788173 0.03855466014423605
0 0.4270270397246554 0.05923802137024341 0.033948665102807495 0.06162848423243057
0 0.5458534493795814 0.038528090708785184 0.03329310124083733 0.05225348423243058
0 0.5910627705310189 0.23129812537805608 0.028387079953513705 0.049019381458888844
5 0.8585341298176278 0.16631413069638962 0.03729218639013112 0.06482621941479172
0 0.5078071461612728 0.04546776852045182 0.032386165102807674 0.06159211664125003
0 0.5369758400929724 0.10953092173083379 0.03572968639013112 0.06478985182361115
0 0.32093630480779256 0.31187075246854196 0.0356204257464694 0.06322735182361114
0 0.40994880036831705 0.057275477867257285 0.0319491225281606 0.055342116641250036
0 0.7935447342374328 0.7376072492375008 0.03173060124083733 0.05221711664124999
5 0.7420579159359869 0.48913207522555624 0.050152819309851895 0.047966027735416715
0 0.939223220995881 0.7245650014217022 0.028026447033792933 0.06617051386770836
0 0.879503649592342 0.605014261205348 0.0370736651028075 0.06170121941479163
0 0.459167550368317 0.05842105698944483 0.02860560124083733 0.05214438145888891
0 0.5170621778401563 0.11454507684107681 0.032386165102807674 0.06159211664125004
0 0.8955442768120797 0.7337211426642369 0.02482503737886681 0.042696646276527875
0 0.527611547770427 0.04201611341020878 0.032276904459146036 0.06002961664125002
0 0.3871511666922915 0.2602004561157642 0.042525989608439826 0.07274782218833335
0 0.47662820197747136 0.05491485049243096 0.032167643815484225 0.05846711664125002
0 0.49408885358662574 0.05140864399541708 0.033948665102807675 0.06162848423243059
0 0.865234427917031 0.8762171139788897 0.042995883171822416 0.05715918977951375