3 0.1827866558720968 0.9435375401780419 0.07947041868236289 0.11292491964391616
3 0.2770057533020469 0.23535071347211084 0.10692270934118149 0.059667100648623086
0 0.3778779099697741 0.22929735673440774 0.03786362667090888 0.0319045649348082
5 0.8675740199315941 0.5191521582732401 0.044204533338636054 0.039826159090609534
3 0.7615460273313183 0.028139600238290742 0.036282945337363516 0.03031479139585782
0 0.004014243316364417 0.2657204573863262 0.008028486632728834 0.03144091477265239
0 0.4225507792409588 0.6879826099808186 0.03789998933799978 0.03502956493480802
5 0.8766143072883658 0.34661863919851654 0.044204533338636054 0.039826159090609534
0 0.8780853532781844 0.42165954950694207 0.04106135200509087 0.03820911201270878
5 0.8833053712205962 0.8460555775101192 0.03831816000954511 0.07096706493480838
4 0.7161558759150494 0.6384088985340075 0.04654883068109026 0.10704093262956
0 0.7629223352562308 0.5814009679330424 0.031995434675363296 0.06460797077900686
0 0.1604085992998197 0.24972508482031053 0.03944430800445433 0.03349433847375849
5 0.36612170261777494 0.3666200787312306 0.044095445337363516 0.030451159090609536
0 0.5218957038908687 0.8131792532431156 0.037954533338636055 0.03971706493480802
0 0.9326274026098208 0.43511412337020394 0.04106135200509087 0.038209112012708955
0 0.4647831852323683 0.752013882301953 0.03793635200509069 0.0381545649348082
0 0.7594546266311379 0.2750282370077659 0.030032945337363514 0.030205697240056485
0 0.39069663064927357 0.13497065827653534 0.03786362667090888 0.03190456493480816
0 0.47282130987432397 0.9342224103051302 0.03964430267345413 0.05068183847375849
0 0.2832139172104148 0.9105961753226639 0.0395715773392725 0.04443183847375849
0 0.739702463916322 0.6294430016182625 0.03050566000954511 0.07083069724005639
0 0.04255583859804861 0.5063142297074605 0.04100680800445433 0.03352161201270896
0 0.4367080173058649 0.2100076144450455 0.02999658267027261 0.027080697240056482
5 0.8751234379376391 0.4747436391985166 0.044240896005727136 0.042951159090609536
0 0.9273853719366848 0.482688552753353 0.0347386266709087 0.03185001785690744
0 0.7713968119032771 0.7261094959362197 0.028834072008272392 0.06142842370110611
0 0.4362854678946867 0.7835542086008468 0.0364102146721816 0.04125229139585791
0 0.6029495406190477 0.36137701988220705 0.041134077339272504 0.04445911201270878
0 0.719584699315728 0.14227423822558188 0.019531797342454027 0.0675147824674041
0 0.7335899186028211 0.4832128839235108 0.03822725334181776 0.0631545649348082
0 0.429914219326864 0.05517010998081866 0.034720445337363515 0.030287517856907486
0 0.4827552192870931 0.3491207073830309 0.039426126670908876 0.03193183847375849
5 0.24422852128422953 0.3660552426931041 0.04729317067154524 0.036755706168510115
5 0.7468375426480008 0.15056402515721284 0.029034066677272284 0.07861592370110611
0 0.07275405796468344 0.26147901663909145 0.04098862667090888 0.031959112012708776
0 0.8163531338717787 0.958972588874205 0.034956802673454135 0.050600017856907445
5 0.8291803978755965 0.9310657771858077 0.03989884134309065 0.07255683847375849
0 0.5153148226448192 0.16996504139256255 0.03957157733927232 0.04443183847375849
0 0.9887950392664122 0.5103283575418913 0.011319308004454243 0.03300341477265238
0 0.28662018053791505 0.9536331091700397 0.033357940006363405 0.04744774431795733
3 0.529361663868597 0.9729345111589195 0.03353975334181776 0.05413097768216098
5 0.7726642459818646 0.14710778854989345 0.03050566000954511 0.07083069724005644
5 0.7411698926639092 0.03325379423193632 0.027035214672181597 0.04108865016215578
0 0.7036426206635911 0.034942979297128154 0.027089758672817866 0.04577615016215578
3 0.5745363759945912 0.04988041233372511 0.05717724801081765 0.08066934740221224