3 0.28197251618678726 0.9525687220241814 0.09547079117755652 0.09486255595163726
5 0.8823454372277603 0.34694845480240866 0.0446907387412331 0.040290030878812375
3 0.20938999614248868 0.2618648171679011 0.07830427513842757 0.05374477711788863
3 0.9069970928386877 0.7438007227490973 0.10350213911037329 0.17924488229073815
5 0.921455606875232 0.47051398693486224 0.05935401603912922 0.05007420783841639
0 0.3620899012919909 0.4908883906040084 0.041165220542635696 0.033949102665567034
3 0.3227491941675905 0.37589387641824346 0.06706638648947968 0.04873902837152997
3 0.21715693552971715 0.5412568004748537 0.09891716378737554 0.05902331050398359
0 0.4854131870708766 0.6995623601209073 0.0413654796419344 0.03707410266556703
0 0.9720563841731277 0.4813438383467881 0.03804022054263569 0.033858174452321775
5 0.7690908729143608 0.5144278083259055 0.045130829734219446 0.07149456677218957
0 0.9125905490402374 0.5147042561351922 0.046353368290882456 0.041897994985435005
0 0.5907704040697681 0.26282454123714666 0.0444904796419344 0.03716503087881238
2 0.04972390191029975 0.2891905321324536 0.06660531153562217 0.06588106426490725
0 0.6354995180417138 0.3888929477427797 0.04216651603912887 0.049574102665567034
5 0.7197267188445927 0.26735658003351787 0.04791586829088228 0.041943459092057725
0 0.9002326465116288 0.41920989970870143 0.04459060919158375 0.03872753087881229
0 0.8048338155407917 0.7314705558186231 0.043668459283868796 0.07301160266556703
0 0.5378558690568495 0.7634717474262105 0.04156573874123311 0.04019910266556703
0 0.7120167435215949 0.14704408003351785 0.03263082973421945 0.07113085391920829
0 0.48730036627907225 0.9903535300208827 0.02856509099298634 0.019292939958234712
0 0.37450117519380083 0.9279337495377817 0.046753886489479604 0.04814799498543536
0 0.21711975786268098 0.39465458511458984 0.039402461443337165 0.030778638558944315
0 0.9704147385843495 0.43138930245341073 0.0446907387412331 0.040290030878812465
0 0.5102710895994852 0.7954204294003795 0.04010336829088246 0.041716138558944314
5 0.89957102636582 0.9564682073096911 0.027803627390181163 0.04447742570596276
5 0.2396968622739027 0.345404742873864 0.045952850092285044 0.0356479949854351
0 0.41351058991325224 0.0642780779884538 0.0349152205426357 0.0337672462390763
0 0.3859548912698416 0.1453545817493775 0.041165220542635786 0.033949102665567034
3 0.7766602344222964 0.14580584045835912 0.05075906847545255 0.11064799498543505
0 0.26673092920819563 0.30486231089969495 0.046153109191583754 0.038772994985435
5 0.5482906122739026 0.35438390393184355 0.0476154796419344 0.03725595909205772
0 0.592762503082319 0.3182478271305239 0.04302810919158375 0.03868206677218975
0 0.38042980258398185 0.971774677751027 0.037278756939830335 0.04631271034569906
0 0.5729281832133652 0.9578809769722394 0.05057979333702498 0.05917642319868044
0 0.9962607368124774 0.37924178074579834 0.007478526375045291 0.033221676959604096
3 0.7255099421650056 0.06555839931299003 0.041644884330011324 0.09010817445232167
3 0.5453113024363235 0.07669081294475902 0.05344397748246603 0.07953438730530311
0 0.7010558644333711 0.3167200825408003 0.0398029796419344 0.03702863855894432
0 0.028507840836102905 0.3961846782132453 0.00835272054263575 0.03299435642649069
0 0.4390355282207466 0.3652411844149445 0.04459060919158375 0.03872753087881238
0 0.9971810903746775 0.4996906730656665 0.005637819250645037 0.04631271034569906
3 0.32721904379845024 0.23878032132453625 0.05915375693983034 0.046949207838416565