3 0.1652041598598957 0.1425151817394403 0.15828658510611118 0.09660052616718491
3 0.31000620716260396 0.22302318714228647 0.10443423328250008 0.062256347270342086
0 0.6269060324850694 0.04930788217708075 0.03684668977951393 0.041155621018452535
0 0.5406951223408332 0.09958016893819652 0.03684668977951393 0.041155621018452535
0 0.2996440565176731 0.5341426976656302 0.03840918977951393 0.04124662628012441
5 0.8980646791428468 0.4329724377069839 0.06827852773541672 0.05078822625188941
0 0.24141463563986068 0.48838214760916043 0.03997168977951393 0.04133763154179615
0 0.368018728914097 0.2110622424604281 0.07434668977951393 0.043339747298576904
0 0.5737271343086805 0.02251844105324679 0.041679660144236054 0.04503688210649358
0 0.9666724748300345 0.2674769693476021 0.05218074905006951 0.02956567363517095
3 0.033023520232881645 0.7600883605656961 0.06604704046576329 0.08919827886860787
0 0.629030270517222 0.12564286902290114 0.03848192496187508 0.04437162628012441
0 0.8446097579806938 0.584322106080483 0.03528418977951375 0.041064615756780755
0 0.9710339729301734 0.2141699588242584 0.04593074905006915 0.02920165258848364
5 0.544455248765729 0.13915090315318096 0.03840918977951393 0.04124662628012441
0 0.015309996581527513 0.6502429237057582 0.030619993163055026 0.04326415258848364
0 0.5853523524892011 0.158614263718877 0.04011716014423605 0.04758763154179624
0 0.41852656876986083 0.253371568825257 0.07267508700597229 0.03856124203690507
0 0.8702338859242011 0.25436929557125676 0.08037848423243048 0.034328768345264306
0 0.9281496098043049 0.548248827211875 0.03848192496187508 0.04437162628012441
0 0.9493037900845136 0.2427422798568284 0.0678057490500695 0.0304757262518895
0 0.868472670593472 0.19595755609460044 0.06936824905006951 0.03056673151356133
0 0.20478615140743012 0.5201627686276129 0.04625805737069451 0.04326415258848364
0 0.8551725835874997 0.23106059818797525 0.0709307490500695 0.030657736775233247
0 0.04812380300229146 0.2452978184723212 0.039971689779513916 0.04133763154179624
0 0.04783416869361095 0.19070132373399304 0.019586454597152813 0.037029563140062206