0 0.6129962705836075 0.6238379728883248 0.0360011439408634 0.040399506920082116
0 0.5694697980043527 0.7153423819758539 0.037818735456132305 0.043588173916276673
0 0.5647986602724071 0.8397839664625341 0.03262105242559432 0.03714717292769336
0 0.5283185105816678 0.6721216225843136 0.03249350666795969 0.035584672927693364
0 0.5249699831609227 0.5787072036109528 0.03249350666795969 0.035584672927693364
0 0.020863588700674243 0.6227955128515813 0.041727177401348486 0.025920512851581277
5 0.6083414951197164 0.8729121428502686 0.053921967578284935 0.0691611768820259
0 0.40052925299562414 0.9412616003411923 0.04081618969849785 0.04215300790866507
0 0.40588565906445917 0.7220022643716371 0.03249350666795969 0.035584672927693364
0 0.028333454532229546 0.7197487673002055 0.05666690906445909 0.029172846843970035
0 0.506601846806103 0.3428041957022875 0.03730855242559432 0.037338173916276585
0 0.022178984912501566 0.6378620973382617 0.04435796982500313 0.02423067885919252
0 0.5172704717818573 0.9837011445431083 0.03482128121376711 0.032597710913783474
0 0.5293714722408991 0.8704782095424519 0.03262105242559432 0.03714717292769336
0 0.6523936104318866 0.6309302312912818 0.03781873545613248 0.043588173916276673
0 0.649459284378569 0.43641622733694907 0.03431109818322877 0.038773339923887915
0 0.9195500620891781 0.8918637085910497 0.02366064060688373 0.02276633794672165
0 0.4690850977241869 0.10141785034119222 0.03262105242559432 0.03714717292769345
0 0.027751446426800802 0.6875583498097196 0.055502892853601604 0.03229784684397004
0 0.7901176536044472 0.8834543479069155 0.05685577787978709 0.02879084486680341
5 0.6050080405874868 0.5200444694282836 0.06536965060882309 0.0758568458553869
5 0.7187688120891782 0.8836824995800704 0.08325878121376692 0.04699701680591417
0 0.5709534522370199 0.9756405534206725 0.04757637272903601 0.04865767589344294
0 0.6610358025462805 0.8131352362341977 0.04757637272903601 0.04865767589344294
0 0.664319912398439 0.7152879852456145 0.04601387272903601 0.04859400889724874
0 0.1987899914958724 0.5223047174139364 0.07480855242559432 0.0388661818249421
0 0.23018415739746914 0.7234653107978652 0.05829073212215263 0.027292011862998143
0 0.09175938618564183 0.7099864481365644 0.06948332363742163 0.03086268083635879
0 0.09335370815607352 0.6904551981365643 0.06648586939505619 0.03229784684397004
0 0.026627497789379166 0.742931599315428 0.05325499557875833 0.031117348821136304
0 0.027894967638628126 0.7031833498097196 0.05578993527725625 0.03242518083635879
0 0.02679478877556485 0.6710565993154279 0.0535895775511297 0.029109179847775658
0 0.025511279003146158 0.6538372658173308 0.051022558006292316 0.027292011862997966
0 0.021788295443524626 0.6031369288591926 0.04357659088704925 0.03242518083635879