0 0.8296553769676361 0.23594267794497142 0.036341691585911204 0.029525673916276585
0 0.39134200393527235 0.4202195884781942 0.031326409654926037 0.02464717292769336
5 0.7525522915662408 0.3189833296181266 0.036341691585911204 0.029525673916276585
0 0.170871330786693 0.4919341265014653 0.031544930942249486 0.02777217292769336
0 0.2287598764634331 0.3587515533834914 0.03477919158591121 0.029462006920082207
0 0.9031150202789174 0.32825219475088535 0.03310743094224975 0.02783583992388783
0 0.10398375158948388 0.3168439431936485 0.03477919158591121 0.029462006920082207
0 0.00264476273734869 0.34041675296574947 0.00528952547469738 0.027708505931498983
0 0.14660829416413082 0.31231295209089704 0.03466993094224948 0.027899506920082296
0 0.7491594937958137 0.28907299513144624 0.03288890965492612 0.02471083992388783
0 0.19157658673877775 0.3078774614824372 0.028201409654926034 0.024519838935304693
0 0.8016507092669384 0.27789275600586116 0.03288890965492612 0.02471083992388783
5 0.22800575963525554 0.3023105523949082 0.037904191585911205 0.029589340912471052
4 0.2324643946486634 0.4850421393530466 0.04938799480421992 0.0378475098858317
0 0.38319636816555985 0.45827800399151375 0.029763909654926035 0.024583505931498984
0 0.5098013348971924 0.0818839417479548 0.030605143815484227 0.05889483893530467
0 0.28328384947612645 0.47536073323126704 0.028201409654925947 0.024519838935304607
0 0.32868918462542035 0.46467524262280724 0.03466993094224957 0.02789950692008212
0 0.7740391614965114 0.24699558307816769 0.03946669158591121 0.02965300790866543