5 0.7621352532987054 0.3443533280586633 0.05145485141192587 0.054081464244305176
5 0.9149563764182436 0.3731952894280305 0.04975595909205808 0.04926641848667064
5 0.6120289193712497 0.5963149565375753 0.04801160266556703 0.04288887272903601
5 0.20055054710964137 0.38346555955259604 0.049710494985435005 0.04770391848667055
5 0.252598780416594 0.377582092433353 0.04484113855894432 0.04107128121376693
0 0.1596444022824909 0.3972730969752808 0.049665030878812376 0.04614141848667064
0 0.13512778708051157 0.4654173190954937 0.048147994985435094 0.04757637272903601
0 0.0937048167056827 0.515034810760544 0.04350595909205775 0.04875623545613248
0 0.24071620902555074 0.5317116119781904 0.0483753155185485 0.05538887272903601
0 0.3288610667056827 0.5342304472845416 0.048329851411925785 0.05382637272903601
0 0.44521217775102695 0.3543352663800354 0.049710494985435005 0.04770391848667064
0 0.8763856214036785 0.41369287260834986 0.04810253087881229 0.04601387272903601
0 0.7803182666265404 0.5406861941197396 0.04980142319868044 0.050828918486670635
0 0.6122431826990848 0.7911810463858544 0.041290241224511345 0.0797511439408634
0 0.4083513045649818 0.8018163021357303 0.03284124373179385 0.05723841515269044
0 0.4731866943775674 0.8336081781987461 0.03646634890464338 0.0746810066679597
0 0.47529241514810766 0.9327631553199289 0.03950042069139812 0.07181109818322895
0 0.4688582102126849 0.9875311772806622 0.03922763605166182 0.02493764543867556
0 0.4881848717328829 0.9813927475841041 0.034949313011265914 0.037214504831791825
0 0.5053269076262602 0.9805955221299112 0.03191524122451135 0.03880895574017771
0 0.5223098191464581 0.9793757852363096 0.03017088479802066 0.041248429527380635
0 0.5394518550398355 0.9796547754638911 0.03168792069139794 0.04069044907221766
0 0.5541819447732788 0.9790887428126552 0.03159699247815269 0.04182251437468949
0 0.5697614806666561 0.9793358466008278 0.03155152837152997 0.041328306798344275
0 0.5877074986133447 0.9789292461466349 0.030079956584775403 0.042141507706730155
0 0.6071705524534108 0.9760832363742165 0.03660274122451135 0.04783352725156718
0 0.1662089878592991 0.27466464439990534 0.03311402837152992 0.0666134151526907
5 0.017263022499035174 0.27185902454580724 0.02052310015828457 0.06246804909161448
0 0.06239366607254445 0.26930785151720876 0.029898100158284556 0.06323332363742162
3 0.9635309260684208 0.9435714333688938 0.07293814786315841 0.09438747091226496