0 0.6007083339005133 0.7242049664910233 0.030008404567984214 0.03823332363742171
0 0.6391157366594753 0.7335163225501599 0.028364017412854638 0.03654327787978708
0 0.6400662415207152 0.3888255758841398 0.02811835594746519 0.031855777879787085
0 0.5342289993226315 0.4044661645244709 0.024911468792335613 0.030038186364518004
0 0.5427795629811558 0.21162496028210542 0.0247476944820761 0.026913186364518005
0 0.5387205840120549 0.08126778058554716 0.03157090456798421 0.03836086939505619
0 0.03238815722574693 0.4385046484827913 0.06477631445149386 0.024106921820650485
0 0.4460351170287417 0.06860802604361929 0.028773453188503238 0.0443557778797871
0 0.03311355664957774 0.422034625603974 0.05229948439616777 0.018271510001939717
0 0.037576406604149216 0.336878375603974 0.06808825870642728 0.022671967578285025
0 0.08231461725588436 0.5222580240867652 0.06331887155129752 0.020726830305381406
5 0.5755920629811558 0.20894649937178017 0.03814845318850324 0.04512105242559432
0 0.6699429285395595 0.1304550954289771 0.03181656603337366 0.043048369395056164
0 0.21167124660909797 0.5031417490819161 0.06027575870642732 0.022034238790112327
0 0.038238147897721946 0.35393832984633944 0.06652575870642727 0.022544421820650484
5 0.5818000401412344 0.38735854179543483 0.054919873360319824 0.06827151000193962
0 0.4259428657855463 0.3184007319529747 0.0763101944820761 0.031122196366457723
5 0.5110039405253471 0.2538920796771616 0.03691350180902227 0.05124350666795978
5 0.6751450056542095 0.22415729800435263 0.04431656603337366 0.04406873545613248
0 0.2486865677308542 0.5390156051410526 0.06372830732694626 0.028539330305381583
0 0.03193777787253329 0.4573821942404258 0.06387555574506658 0.027487013335919564
0 0.03545398462331038 0.4070633298463394 0.06183825870642727 0.022161784547746956
0 0.03643663048486741 0.38831332984633943 0.06340075870642728 0.022289330305381404
0 0.0372964456137298 0.3719070798463394 0.06973264586155703 0.024362013335919565
0 0.10822309927720294 0.35444877075278536 0.06981453301668675 0.025924513335919563
0 0.1083426079836302 0.33732504363160265 0.06668953301668679 0.025669421820650483
0 0.03401925627580725 0.31857478575569487 0.0680385125516145 0.027487013335919564
0 0.24419157677596576 0.2982311084750326 0.049338258706427315 0.021141418486670636
0 0.946523117933253 0.009113468013081143 0.07154080732694652 0.018226936026162287