2 0.7765625 0.4546875 0.11328125 0.134375
0 0.63671875 0.9703125 0.02890625 0.05859375
0 0.55078125 0.5171875 0.03828125 0.0375
0 0.90078125 0.40859375 0.03359375 0.03359375
0 0.54453125 0.17265625 0.03203125 0.0609375
0 0.41484375 0.56171875 0.0375 0.03828125
0 0.21171875 0.6671875 0.0375 0.040625
0 0.69453125 0.90859375 0.02265625 0.053125
0 0.525 0.56796875 0.0390625 0.0375
0 0.6953125 0.8125 0.021875 0.0609375
0 0.98046875 0.03125 0.03671875 0.02890625
0 0.5859375 0.54921875 0.0390625 0.03671875
0 0.98828125 0.2953125 0.0234375 0.028125
0 0.35390625 0.6390625 0.03828125 0.03359375
5 0.9078125 0.3359375 0.0375 0.03046875
0 0.2796875 0.621875 0.04140625 0.04375
0 0.35546875 0.58984375 0.03984375 0.0375
5 0.56953125 0.45 0.03984375 0.0421875
0 0.346875 0.81953125 0.0359375 0.04453125
0 0.746875 0.72265625 0.02421875 0.0671875
0 0.14921875 0.69921875 0.034375 0.03984375
0 0.7609375 0.6328125 0.0203125 0.06484375
0 0.6703125 0.128125 0.0203125 0.09609375
0 0.26484375 0.16796875 0.028125 0.0640625
0 0.66796875 0.8953125 0.02578125 0.06015625
3 0.9734375 0.3390625 0.053125 0.034375
0 0.65 0.5 0.01640625 0.06875
5 0.9234375 0.29375 0.04296875 0.03046875
3 0.80625 0.7 0.06015625 0.12109375
5 0.13359375 0.01953125 0.0359375 0.03828125
0 0.721875 0.8109375 0.02265625 0.0609375
0 0.46171875 0.5890625 0.0421875 0.040625
0 0.7125 0.6953125 0.02265625 0.07109375
3 0.946875 0.16640625 0.0953125 0.0796875
5 0.66796875 0.971875 0.028125 0.05546875
0 0.30078125 0.8609375 0.03828125 0.05625
5 0.45078125 0.90859375 0.046875 0.0578125
3 0.73125 0.884375 0.06328125 0.1484375
3 0.9578125 0.24921875 0.08359375 0.04140625
3 0.8703125 0.253125 0.06171875 0.03984375
5 0.86484375 0.29609375 0.0453125 0.02578125