5 0.41690344503930676 0.9149105649381035 0.038909387305303154 0.049092064934808374
0 0.6076580726446844 0.1557150227314667 0.056142351411925875 0.05095457386326192
0 0.42571747004562444 0.6656645413991532 0.05917642319868044 0.04788412094116268
0 0.5294899570469938 0.2390690393705582 0.05301735141192587 0.050900026785361166
0 0.09616269919594189 0.801038574270299 0.06653428213245363 0.03239548863591431
0 0.8271723214575502 0.6086825154278661 0.07305706677218993 0.04187958279171564
0 0.11275681730091511 0.7406232256502708 0.07443771034569897 0.03565685633066593
0 0.5216975597790677 0.6678934687537071 0.040380959092057724 0.045994338473758486
0 0.1341567926903089 0.8370754857965406 0.06965928213245362 0.032450035713814884
0 0.3578192647144904 0.7449350300350674 0.07167642319868044 0.04810230925276535
0 0.958314672869476 0.5564188116949879 0.051091138558944496 0.03837275324641087
0 0.7795437813410308 0.25969163636902864 0.05283549498543501 0.04465002678536125
5 0.2015321607952821 0.7757737471606262 0.07287521034569897 0.035629582791715644
5 0.8103425226320491 0.6503615008173694 0.08890938730530315 0.049964818181219076
0 0.21823993916681203 0.711452148540598 0.08077863855894432 0.03889095048646744
0 0.0560378043687914 0.7845601862830078 0.04764788981258557 0.027380706168510117
3 0.17879935444793366 0.7519641002448813 0.11390938730530312 0.05040119480442442
0 0.4339712730942676 0.9723957824706992 0.041761602665567034 0.0397716120127086
0 0.9002150163638429 0.5941330458666754 0.07471049498543536 0.045031856330665934
0 0.7113223494333687 0.6989410970017657 0.07140363855894431 0.03872730925276535
0 0.11957173627645346 0.3453925462671218 0.06841503087881237 0.04336026217486459
0 0.804595257126136 0.20381378328477356 0.07038670783841638 0.057450035713814976
5 0.8873813619032742 0.3374563518730297 0.06877874373179367 0.055860262174864596
5 0.7179731662055584 0.6582206396154395 0.085647994985435 0.045222771103318495
0 0.2890716132234223 0.8265629054404566 0.07779003087881238 0.043523903408566864
0 0.07127870797143052 0.8779965405850788 0.038136497492717546 0.02252956493480838