3 0.84921875 0.92734375 0.065625 0.13984375
0 0.55859375 0.209375 0.03125 0.025
0 0.67578125 0.2125 0.03359375 0.02578125
0 0.5859375 0.675 0.034375 0.0296875
0 0.240625 0.759375 0.0265625 0.06640625
0 0.2375 0.184375 0.015625 0.06328125
0 0.7890625 0.21875 0.03671875 0.028125
0 0.55 0.74453125 0.03359375 0.03515625
0 0.653125 0.96875 0.01796875 0.0625
0 0.29609375 0.6328125 0.02109375 0.06328125
0 0.7515625 0.88359375 0.03515625 0.04375
0 0.13671875 0.66796875 0.02734375 0.0453125
0 0.5828125 0.77265625 0.034375 0.03671875
0 0.56484375 0.1203125 0.03359375 0.028125
0 0.51875 0.0453125 0.03046875 0.02734375
0 0.1125 0.45 0.040625 0.03828125
5 0.1390625 0.53828125 0.04140625 0.034375
0 0.27578125 0.74609375 0.02734375 0.08125
3 0.27109375 0.85859375 0.05234375 0.12890625
0 0.18359375 0.18671875 0.015625 0.0640625
0 0.0921875 0.5046875 0.04296875 0.0390625
0 0.2109375 0.8625 0.028125 0.0640625
5 0.2109375 0.93828125 0.03046875 0.06953125
0 0.17734375 0.94453125 0.0296875 0.06171875
0 0.259375 0.6703125 0.0203125 0.07109375
3 0.2078125 0.0765625 0.025 0.153125
0 0.01484375 0.5484375 0.02890625 0.03828125
0 0.74765625 0.9265625 0.02734375 0.04296875
0 0.1484375 0.02109375 0.02109375 0.0421875
0 0.56484375 0.9 0.0328125 0.04296875
0 0.23984375 0.09453125 0.01640625 0.08203125
0 0.1828125 0.10078125 0.01484375 0.0703125
5 0.246875 0.8390625 0.0265625 0.07578125
0 0.56171875 0.9390625 0.0390625 0.0453125
1 0.97890625 0.2140625 0.0421875 0.04140625
2 0.4203125 0.11953125 0.12109375 0.125
5 0.18203125 0.01640625 0.0171875 0.0328125