3 0.84609375 0.92421875 0.06875 0.14375
0 0.40390625 0.2484375 0.03359375 0.025
3 0.27734375 0.6890625 0.03828125 0.09921875
5 0.5796875 0.253125 0.03984375 0.03203125
0 0.5859375 0.6734375 0.034375 0.0296875
0 0.4 0.28984375 0.03828125 0.0265625
5 0.22578125 0.871875 0.0359375 0.084375
0 0.10703125 0.4421875 0.03828125 0.03359375
0 0.52734375 0.24921875 0.03515625 0.02734375
0 0.54921875 0.74140625 0.03359375 0.034375
0 0.65078125 0.96796875 0.01953125 0.0640625
0 0.46796875 0.2953125 0.0359375 0.02734375
0 0.52109375 0.040625 0.03203125 0.02734375
0 0.30625 0.4828125 0.0171875 0.0640625
0 0.58203125 0.7703125 0.03359375 0.03671875
0 0.75 0.8828125 0.03515625 0.04375
5 0.4453125 0.33515625 0.03984375 0.03046875
0 0.74921875 0.928125 0.028125 0.0421875
5 0.46328125 0.25390625 0.03828125 0.02734375
0 0.09140625 0.49453125 0.0421875 0.03671875
0 0.56171875 0.89453125 0.03359375 0.04765625
0 0.321875 0.0328125 0.0140625 0.05859375
0 0.315625 0.2578125 0.0140625 0.0578125
0 0.23671875 0.13125 0.01875 0.065625
0 0.55625 0.934375 0.03359375 0.05
0 0.5640625 0.1203125 0.03984375 0.0296875
5 0.53203125 0.33828125 0.040625 0.03515625