0 0.542852441839261 0.2612995323145016 0.034905621018452494 0.03708333774894799
0 0.6470966809629815 0.6263764060909662 0.034905621018452494 0.0370833377489479
0 0.3910727360693615 0.8004959854872118 0.034905621018452494 0.0370833377489479
0 0.46049132302812135 0.6751661140729998 0.03334312101845249 0.03702877404661713
0 0.06287432843096755 0.5418774759533829 0.05926858418674959 0.027018856986241603
0 0.5435327942301006 0.5149156056354792 0.035087631541796324 0.0402083377489479
0 0.5081189389966635 0.4848387252355927 0.03388915258848364 0.04640377404661713
0 0.5118564019531991 0.6968575755984124 0.02829159997176518 0.03061508293962447
0 0.06725101529090535 0.5229365029952249 0.05926858418674959 0.027018856986241603
0 0.15143775753957195 0.368908712706539 0.06248458944842143 0.028690484390903315
5 0.4509049494494201 0.5643377414776615 0.04353716837349921 0.05141865626060227
0 0.07858335744074989 0.47557042967424723 0.05310958944842144 0.028363102176918176
5 0.6740070624341905 0.7389483279606651 0.0383946420651398 0.04344246515360961
0 0.07745349694564106 0.44273064782308175 0.06101309471009329 0.030198420688572546
0 0.05625406015629042 0.38788938039988663 0.04355257892507773 0.024910719962933037
0 0.48997255261671846 0.0073585990968753415 0.03307010523343692 0.014717198193750683
0 0.3565450886013754 0.9066021417478141 0.02672909997176518 0.030560519237293703
0 0.07840905219319547 0.45913689782308176 0.06083108418674961 0.027073420688572547
0 0.07558716005746838 0.4913318389300743 0.06092208944842144 0.02863592068857255
3 0.4696963919239655 0.17461055336589382 0.07439232622365459 0.09927580290255764
5 0.49662218394675317 0.26056541153326185 0.046571163111827296 0.04996528366526398
5 0.5121063019108467 0.7414706711519086 0.04179265785015538 0.04823909255827132
5 0.4903901966068226 0.7852851585380369 0.044917657850155376 0.04834821996293322
5 0.48149260971864993 0.8341318863055184 0.04482665258848364 0.046785719962933216
1 0.42819330447109555 0.819553520333602 0.06032982622365459 0.09878472958158006
0 0.49042726493796956 0.880007381496195 0.07295165258848364 0.04776786660488845
0 0.7732250834102907 0.8161159739696483 0.06753611049510884 0.035104175497895795
0 0.6487711149803218 0.8298560701561168 0.044917657850155376 0.048348219962932856
0 0.6490665175688054 0.875250415709613 0.06081567363517095 0.05358135698624196
0 0.7700762385590231 0.9367831380347991 0.05476309471009326 0.029980165879248944
0 0.7665949227881249 0.9173337335882952 0.046586573663405774 0.02345734736759475
0 0.9177556043863909 0.8917012726110368 0.059905621018452496 0.03795635698624196
0 0.7608223358999522 0.9660713339511149 0.0635920631400623 0.02093254809323426
5 0.7284802727598901 0.9484126079977319 0.08655912628012441 0.040446439925866426
0 0.28119314697387593 0.40586802096657426 0.07222361049510884 0.035267866604888454
0 0.32325954963294673 0.3754339873013103 0.06257559471009326 0.030252984390903404
0 0.2601658283603804 0.6093576087155222 0.05605257892507769 0.025347229581580068
0 0.1330881178935064 0.5511681411996598 0.07047909997176513 0.03208830290255769
0 0.1375558100151161 0.5337896682415018 0.06257559471009326 0.030252984390903494
0 0.05983262841685012 0.55685763520921 0.05632559471009328 0.030034729581580065
0 0.07424446793585872 0.5086011844835706 0.06239358418674958 0.02712798439090349
0 0.08343818643641479 0.42451636116259284 0.06579159997176513 0.03192461179556503