0 0.006783405516354482 0.6977983616323975 0.013566811032708964 0.023732430942249395
0 0.006151088117344157 0.7680016009887357 0.012302176234688314 0.023623170298587758
0 0.006396960610061693 0.7235249813105666 0.012793921220123386 0.02206067029858776
0 0.0061014439170142655 0.7446187313105666 0.012202887834028531 0.023623170298587758
0 0.05671741745919969 0.6766774784605749 0.02724446159934022 0.025294930942249393
0 0.005375192465517329 0.8756502100232432 0.010750384931034657 0.025076409654926125
0 0.05679397380654814 0.7008415981387441 0.025591033386094853 0.02206067029858776
0 0.09417195335257701 0.6756177230126934 0.025591033386094853 0.02206067029858776
0 0.17728936408135212 0.980890095036651 0.02214778463973608 0.010904649011264311
5 0.46229043369002876 0.3231986552923251 0.03082410266556703 0.04113845222957302
0 0.5668127976383668 0.3751439315233272 0.028761497492717503 0.023841691585911207
0 0.6681205480340783 0.2160260216162996 0.02724446159934022 0.025294930942249483
0 0.1465394692542016 0.9658878079098855 0.025591033386094874 0.022060670298587583
0 0.004748886744989502 0.8366969706669047 0.009497773489979005 0.02184214901126431
0 0.18204637490190478 0.7638118556803126 0.024073997492717502 0.023513909654926123
0 0.14905803015389657 0.7185593398408708 0.02242056927947216 0.020279649011264313
0 0.18118490538500578 0.87380421471482 0.025591033386094874 0.022060670298587583
0 0.48147469121187614 0.3873486366028917 0.02880696159934022 0.025404191585911208
0 0.18648983399396254 0.7182808343929892 0.025591033386094874 0.02206067029858776
0 0.543645733769171 0.2871029821437458 0.02568196159934022 0.02518567029858776
0 0.18319734943336874 0.6974602360021436 0.024028533386094876 0.021951409654926125
0 0.057788172473764624 0.7202635874950823 0.025591033386094853 0.02206067029858776
0 0.6046226861973112 0.3350763063972764 0.025636497492717503 0.023623170298587758
0 0.0062120983443297185 0.7898219706669048 0.012424196688659437 0.02206067029858776
0 0.09191180522672122 0.9408603107598772 0.027198997492717546 0.02373243094224975
0 0.05433524887937278 0.9193184465295898 0.02242056927947216 0.020279649011264313
0 0.21716580179500192 0.28030558699087926 0.028761497492717503 0.023841691585911207
0 0.1476055272509027 0.8488641988753785 0.025591033386094874 0.022060670298587583
0 0.0930437108744244 0.7411880926908625 0.02568196159934022 0.02518567029858776
0 0.708764616917839 0.3465058432719402 0.02880696159934022 0.025404191585911208
0 0.09137825930421405 0.8520163320472008 0.02242056927947218 0.020279649011263955
0 0.17901700013301403 0.9215150950366511 0.024028533386094876 0.021951409654926125
0 0.14700012199891094 0.8964658185535473 0.024028533386094876 0.021951409654926125
0 0.18739573376917099 0.31201440889862136 0.02559103338609483 0.02206067029858776
0 0.17976715789228823 0.895733845036651 0.025591033386094874 0.022060670298587583
0 0.15836248548503065 0.6399426669443931 0.02242056927947216 0.020279649011264313
0 0.2438680764721152 0.6487770815429976 0.022466033386094784 0.02184214901126431
0 0.768728301795002 0.24173657977828683 0.02880696159934022 0.025404191585911208
0 0.2453994842313894 0.6229412012211668 0.02242056927947216 0.020279649011264313
0 0.09065083359825114 0.8770163320472009 0.02242056927947216 0.020279649011263955
0 0.6688072066512822 0.35319823968531444 0.02880696159934022 0.025404191585911208
0 0.18709523924595434 0.6706792147148202 0.025591033386094874 0.02206067029858776
0 0.08988029229459749 0.9838836910817083 0.025454641066226812 0.017373170298587582
0 0.05416776431877897 0.8982793268514208 0.024028533386094852 0.021951409654926125
5 0.6138014579049236 0.3679598622134751 0.03193196159934022 0.025622712873234654
0 0.14763661949162846 0.8745908185535474 0.024028533386094876 0.021951409654926125
0 0.5569353439565854 0.3126821363507902 0.022420569279472245 0.020279649011264313
0 0.0068457304039586985 0.29220392549436786 0.013691460807917397 0.02496714901126431
0 0.2424814212201234 0.6964333315429977 0.01929556927947216 0.020061127723940687
0 0.18072791580984707 0.8091243556803127 0.02242056927947216 0.020279649011264313
0 0.09182454018302642 0.8098834623690315 0.025591033386094853 0.022060670298587583
0 0.09049405773400368 0.9627899410817081 0.02715353338609485 0.022169930942249394
0 0.14854355311515016 0.76303595951904 0.025591033386094874 0.02206067029858776
0 0.015770786355595732 0.31543932970141225 0.025591033386094857 0.02206067029858776
0 0.2424503289793976 0.6707067118648286 0.019295569279472246 0.020061127723940864
0 0.5218723706787627 0.39232035986768665 0.03036946159934022 0.02551345222957302
0 0.14944682356912126 0.7855829488753783 0.025591033386094874 0.02206067029858776
0 0.17319082977082045 0.37148224404791524 0.025591033386094874 0.02206067029858776
0 0.2186086298499627 0.33789956570355584 0.028716033386094873 0.022279191585911205
0 0.1415293043022844 0.3074250978866425 0.02880696159934022 0.025404191585911208
0 0.1819353439565854 0.3389046908296066 0.028761497492717503 0.023841691585911207
0 0.23575874511844908 0.8738863421866594 0.022466033386094875 0.02184214901126431
0 0.09221962608903903 0.31399180816198724 0.025591033386094853 0.02206067029858776
0 0.24189038783402853 0.7167458315429978 0.020858069279472157 0.020170388367602498
0 0.14886781353999143 0.6983014701627017 0.022375105172849484 0.01871714901126431
0 0.09390151722177284 0.7652975820472008 0.02559103338609483 0.02206067029858776
0 0.8259103159807669 0.20577194660646433 0.025591033386094964 0.02206067029858776
0 0.05453748885024292 0.8319823374950825 0.025591033386094853 0.022060670298587583
0 0.0555855118114965 0.8763496965295898 0.02242056927947218 0.020279649011264313
0 0.14770847882111307 0.7381452201627018 0.019250105172849485 0.018498627723940862
0 0.8034777233443297 0.3336455743304052 0.02876149749271768 0.023841691585911207
0 0.09427124175323678 0.6990005926908625 0.025591033386094853 0.02206067029858776
5 0.7581652233443297 0.3368141329965955 0.031931961599340045 0.025622712873234744
0 0.09328775178236665 0.7863913320472008 0.024028533386094852 0.021951409654926125
0 0.2396258235026143 0.3122604273359533 0.025591033386094787 0.02206067029858776
0 0.1464856449601645 0.9409424382317166 0.025591033386094874 0.022060670298587583
0 0.32960465116186366 0.5156971477507566 0.02167642319868044 0.0482953883676025
0 0.2123442579840658 0.3656257279563719 0.0271989974927175 0.023732430942249482
0 0.05394645546414807 0.8522948374950824 0.024028533386094852 0.021951409654926125
0 0.006179831849137996 0.6571733616323974 0.012359663698275992 0.020279649011264313
0 0.14883672129926567 0.6725748504845326 0.02242056927947216 0.020279649011264313
0 0.9371887967804369 0.18629569090648118 0.028806961599340042 0.025404191585911208
0 0.6008217362764535 0.30493533832826164 0.02876149749271768 0.023841691585911207
0 0.053607823173409876 0.9443184465295898 0.02242056927947218 0.020279649011264313
0 0.1452581140813521 0.9831299382317166 0.02058528463973608 0.010795388367602498
5 0.08605219411486997 0.28479598105846504 0.02871603338609483 0.022279191585911205
0 0.3102840013201482 0.45623466644019006 0.027971887305303155 0.05029493094224939
0 0.008826284475133884 0.6118062313105666 0.017652568950267768 0.025404191585911208
0 0.09164503226546764 0.896438321403539 0.025591033386094874 0.022060670298587583
0 0.10990018573509275 0.054687863978185945 0.03082410266556703 0.04113845222957298
0 0.05446093250289448 0.8078182178169133 0.02242056927947218 0.020279649011264313
0 0.05661446588898933 0.7873964571732516 0.025591033386094853 0.02206067029858776
0 0.043379994656230665 0.5723559652190232 0.013863923198680428 0.04774908514929379
0 0.2444052855641729 0.6035192118648285 0.025636497492717503 0.023623170298587758
0 0.007279330595496765 0.6344078509887356 0.01455866119099353 0.01871714901126431
0 0.18091813242375218 0.8293822253584817 0.025636497492717503 0.02362317029858758
0 0.14705394629294802 0.9214111882317166 0.020858069279472157 0.020170388367602498
0 0.056370424981047086 0.7421932178169133 0.025591033386094853 0.02206067029858776
0 0.05382077184062636 0.9637950662077589 0.02242056927947218 0.020279649011264313
0 0.09524270836714194 0.7192038320472007 0.025591033386094853 0.02206067029858776
0 0.12061008438967398 0.5708538133577672 0.013772994985435095 0.04462408514929379
0 0.20967258438967393 0.5646259566690484 0.01368206677218975 0.04149908514929379
0 0.18448941330256458 0.7870308343929893 0.02242056927947216 0.020279649011264313
0 0.40704797037482887 0.024995192128551617 0.013954851411925873 0.04999038425710323
0 0.09094033861281607 0.920657071403539 0.02559103338609483 0.022060670298587583
0 0.0043295180131956625 0.9466346993795813 0.008659036026391325 0.023295388367602497
0 0.5614720797708204 0.34433097409797414 0.025591033386094964 0.02206067029858776
0 0.05238029229459749 0.9865059465295898 0.022329641066226813 0.01715464901126431
0 0.4100002271717604 0.860922530418376 0.015426423198680438 0.0478583457929556
1 0.37707303305689044 0.5724116874754119 0.024420989970870187 0.08902964901126431
0 0.004424626320148235 0.9668925690577506 0.00884925264029647 0.023295388367602497
0 0.10737429849629665 0.5702200288288921 0.012210494985435093 0.044514824505631975
0 0.14874212991646973 0.8098016988753785 0.025591033386094874 0.022060670298587583
0 0.18336117082441197 0.8526012040711585 0.025591033386094874 0.022060670298587583
0 0.24129935444793368 0.7370583315429977 0.01929556927947216 0.020061127723940687
0 0.18152485233636262 0.5673738982549597 0.013682066772189704 0.04149908514929397
0 0.33993308274032136 0.6966357913141392 0.015562815518548411 0.052545845792955605
0 0.3479708355768082 0.09885385517610962 0.0119831744523216 0.036702324505632135
0 0.3401951586837111 0.5804480626014626 0.012074102665567032 0.03982732450563216
0 0.23036889997472945 0.9787377331521518 0.01580685642649069 0.007342606436617416
0 0.3730026808535419 0.9266621449007649 0.01560827962517113 0.054108345792955606
0 0.22054188822973994 0.5662048821634162 0.012165030878812377 0.042952324505632154
0 0.15811008438967397 0.5682315579098857 0.012210494985435093 0.044514824505632156
0 0.36986462364826356 0.7397630784409046 0.013591138558944315 0.03837408514929379
0 0.07056462028305129 0.5759126539549428 0.015335494985435072 0.044733345792955605
0 0.1688419620615586 0.27978641694439305 0.028716033386094873 0.022279191585911205
0 0.047620179929105014 0.3194494865063467 0.024028533386094852 0.021951409654926035
0 0.3609228473217977 0.5111681848775219 0.015471887305303156 0.0494208457929556
0 0.14322087028305128 0.5708320340246722 0.012119566772189705 0.04138982450563215
0 0.056446981328395526 0.7663573374950824 0.025500105172849487 0.01893567029858776
0 0.19714985233636262 0.5662812918183423 0.01211956677218975 0.04138982450563215
0 0.09277327474362024 0.8308679517253698 0.025591033386094853 0.022060670298587583
0 0.15049484653037487 0.8299503079098857 0.02242056927947216 0.020279649011264313
0 0.23460777058698512 0.9402379618648287 0.016170569279472156 0.019842606436617415
0 0.2315593269343336 0.9646206028303211 0.01612510517284953 0.018280106436617417
0 0.2367840360263913 0.9190349512211669 0.022511497492717504 0.023404649011264312
0 0.003715752573789468 0.9879863190577506 0.007431505147578936 0.021623627723941042
0 0.17994300264029647 0.9432808343929893 0.025591033386094874 0.022060670298587583
0 0.16980610233636262 0.5681933530824226 0.012210494985435093 0.044514824505631975
5 0.36124006221984317 0.2055191184176614 0.014045779625171128 0.05399908514929388
0 0.3529773373591748 0.8914184135901984 0.01368206677218975 0.04149908514929379
0 0.004291239839521442 0.9216893297014123 0.008582479679042883 0.0217328883676025
0 0.13067437232811532 0.2785570527141056 0.030551318025830908 0.03176345222957302
0 0.032374298496296645 0.5754645397246554 0.015244566772189706 0.0416083457929556
5 0.006252208102779229 0.6798842419542284 0.012504416205558458 0.02206067029858776
0 0.0050898675446596105 0.8124782206669048 0.010179735089319221 0.020279649011264313
0 0.006831218131909085 0.8568455797014123 0.01366243626381817 0.026857430942249395
0 0.006160622559224539 0.9012675690577506 0.012321245118449078 0.023513909654926123
0 0.18658912239462233 0.7416637040711584 0.028716033386094873 0.022279191585911205
0 0.18006502309426758 0.9658824540711585 0.025591033386094874 0.022060670298587583
0 0.23438646173235425 0.8942534725084903 0.016261497492717502 0.022967606436617417
0 0.23327024261116663 0.852229863473983 0.017823997492717503 0.023076867080278875