0 0.2868883022572203 0.5868473272612655 0.03721049498543501 0.04668355242559432
0 0.1802291252976162 0.609582938780414 0.034040030878812376 0.04486596091032524
0 0.08341527593075446 0.37431473166311063 0.09296038981258556 0.03408769970043757
0 0.42433579262380194 0.33635350649878193 0.08827288981258548 0.03370506242753404
0 0.01514917765293175 0.9429051060591366 0.0302983553058635 0.05762105242559414
0 0.18397023924595432 0.6685115286286931 0.03229567445232164 0.03848841515269079
0 0.6408055417658721 0.15578980633930237 0.0773808539192082 0.034374742124092215
0 0.453183521311901 0.14850282013426389 0.08716503087881229 0.04920251666989946
0 0.2575216803248164 0.14966606271739807 0.06078438730530315 0.05328423879011233
0 0.3604624753893938 0.06722061134997054 0.061011707838416564 0.06109673879011235
4 0.08376828008738957 0.25503857317837964 0.12351170783841652 0.06619856909549374
0 0.011014432865352383 0.8785715390896748 0.022028865730704766 0.056983323637421535
0 0.014539592307232766 0.9903700374226847 0.02907918461446553 0.015178460910325242