0 0.39609375 0.2984375 0.04375 0.034375
0 0.69140625 0.98046875 0.0234375 0.0390625
0 0.38828125 0.18984375 0.0421875 0.03359375
0 0.778125 0.9921875 0.025 0.015625
0 0.146875 0.01015625 0.046875 0.0203125
0 0.328125 0.1921875 0.0359375 0.03203125
0 0.0734375 0.0140625 0.053125 0.028125
0 0.0171875 0.01640625 0.03359375 0.03203125
0 0.41328125 0.04375 0.05390625 0.0359375
5 0.625 0.7125 0.02578125 0.1203125
0 0.71484375 0.065625 0.03203125 0.08125
0 0.77734375 0.2109375 0.03828125 0.065625
0 0.90625 0.340625 0.05390625 0.06328125
0 0.82265625 0.4578125 0.0359375 0.08984375