3 0.46171875 0.3390625 0.08671875 0.04453125
0 0.41953125 0.2953125 0.0375 0.02734375
0 0.45625 0.2546875 0.034375 0.028125
0 0.67109375 0.26328125 0.02890625 0.0234375
0 0.5546875 0.29921875 0.03671875 0.02890625
0 0.584375 0.675 0.034375 0.0296875
0 0.4234375 0.915625 0.03359375 0.0484375
0 0.2125 0.8375 0.02890625 0.0671875
5 0.5609375 0.33984375 0.03671875 0.0265625
0 0.378125 0.965625 0.03203125 0.04765625
0 0.56640625 0.121875 0.03515625 0.028125
3 0.21953125 0.89765625 0.0421875 0.08984375
0 0.240625 0.06484375 0.015625 0.0640625
0 0.159375 0.78046875 0.025 0.07109375
0 0.54609375 0.74296875 0.034375 0.03515625
0 0.115625 0.4453125 0.040625 0.0328125
0 0.521875 0.04609375 0.03046875 0.02734375
0 0.2859375 0.2390625 0.015625 0.06328125
0 0.2390625 0.16640625 0.01640625 0.071875
0 0.64921875 0.3453125 0.03984375 0.0296875
0 0.10234375 0.4953125 0.040625 0.03359375
5 0.30625 0.84375 0.02578125 0.04453125
0 0.09921875 0.54375 0.03671875 0.03203125
0 0.025 0.52578125 0.03984375 0.034375
0 0.31875 0.2140625 0.01484375 0.0671875
0 0.19609375 0.61328125 0.01796875 0.071875
0 0.41484375 0.25390625 0.02734375 0.02265625
3 0.840625 0.92578125 0.06484375 0.140625
0 0.6046875 0.2578125 0.0390625 0.028125
5 0.15546875 0.97265625 0.03046875 0.0546875
0 0.31015625 0.40625 0.01484375 0.06484375
5 0.13359375 0.52890625 0.03359375 0.03125
0 0.290625 0.00859375 0.0125 0.0171875
0 0.58125 0.771875 0.034375 0.0390625
0 0.7328125 0.93984375 0.03828125 0.04296875
0 0.51953125 0.25546875 0.03671875 0.03046875
3 0.2859375 0.67578125 0.040625 0.11640625
0 0.26640625 0.58828125 0.0265625 0.07890625
5 0.32109375 0.01640625 0.02109375 0.03203125
0 0.47421875 0.29453125 0.0375 0.03125
0 0.6109375 0.2921875 0.03671875 0.0265625