3 0.85 0.9359375 0.0640625 0.128125
3 0.71953125 0.34375 0.09921875 0.0375
3 0.55859375 0.45234375 0.071875 0.03828125
0 0.58671875 0.6765625 0.034375 0.03046875
3 0.771875 0.25703125 0.05546875 0.03828125
5 0.10390625 0.5015625 0.05078125 0.0390625
0 0.121875 0.54453125 0.0390625 0.034375
4 0.2953125 0.6515625 0.03515625 0.10078125
0 0.2625 0.6453125 0.02265625 0.0703125
5 0.55078125 0.3421875 0.03984375 0.02890625
0 0.4359375 0.340625 0.0296875 0.02421875
0 0.71015625 0.4421875 0.034375 0.0265625
0 0.05625 0.515625 0.03125 0.03046875
0 0.11484375 0.4484375 0.03515625 0.03125
0 0.18359375 0.92421875 0.0296875 0.06015625
0 0.19453125 0.7796875 0.025 0.0671875
0 0.56796875 0.12109375 0.03515625 0.02890625
0 0.23984375 0.75234375 0.02578125 0.06875
0 0.80078125 0.40234375 0.0390625 0.0296875
0 0.2234375 0.890625 0.03046875 0.06484375
3 0.4578125 0.38828125 0.07421875 0.04765625
0 0.215625 0.83828125 0.02890625 0.06640625
0 0.74765625 0.93359375 0.028125 0.04140625
0 0.54921875 0.74609375 0.034375 0.03515625
0 0.19296875 0.97578125 0.03203125 0.0484375
5 0.9703125 0.3078125 0.0484375 0.03046875
0 0.75234375 0.88984375 0.03359375 0.04296875
0 0.1875 0.6671875 0.01796875 0.0734375
3 0.8953125 0.21328125 0.090625 0.03671875
0 0.25 0.90859375 0.025 0.05625
0 0.228125 0.5609375 0.015625 0.0734375
0 0.5828125 0.77578125 0.03359375 0.03828125
0 0.93828125 0.26875 0.0359375 0.02734375
0 0.52109375 0.04453125 0.04140625 0.03359375
0 0.97421875 0.3515625 0.03359375 0.0265625
5 0.25 0.8078125 0.03125 0.075
0 0.40078125 0.25859375 0.02890625 0.02265625
0 0.28125 0.79609375 0.03046875 0.06796875
5 0.8609375 0.34140625 0.04609375 0.03046875
3 0.47734375 0.29375 0.04140625 0.02890625
5 0.92890625 0.48828125 0.03984375 0.028125
3 0.1875 0.3828125 0.03125 0.1140625
3 0.36328125 0.01015625 0.0234375 0.01953125
0 0.21796875 0.18671875 0.0171875 0.07421875
0 0.0140625 0.53984375 0.028125 0.03828125
0 0.375 0.4140625 0.03671875 0.05
5 0.1015625 0.984375 0.0265625 0.03046875
3 0.50625 0.97421875 0.028125 0.0515625
0 0.4875 0.34140625 0.03984375 0.0328125
5 0.49609375 0.18515625 0.03984375 0.05