3 0.8464705200582596 0.1898640787279353 0.1586141335443795 0.083977353895034
3 0.9261229838356779 0.8103186749123316 0.1036538489046432 0.07364778003177222
3 0.48273228048310096 0.11863832061355573 0.06964256175762476 0.0855477621748646
3 0.2434743052267212 0.9539507090078839 0.042898205331134066 0.0788341120127086
0 0.23365330516021424 0.48557285592362887 0.029125210345699058 0.034865923701106284
3 0.6920808852602391 0.2575174086802771 0.10145485141192587 0.051745506492821745
5 0.41966134982908015 0.5669843173671449 0.03716503087881229 0.04281479139585791
0 0.2668438898790926 0.44628821347211084 0.029216138558944317 0.03799092370110611
5 0.2197786732651874 0.4251438705341254 0.03086956677218975 0.0411431972400564
0 0.30166620460621824 0.70014959902377 0.029034282132453626 0.03174092370110611
3 0.5248439771717605 0.9010201724799949 0.04878449247815268 0.06644320616851011
0 0.7030076765638927 0.15062252637502885 0.07126724623907635 0.034039809252765306
5 0.27228389614729875 0.5010984443973874 0.03234113855894431 0.038045470779006864
0 0.31934075257378947 0.49566665056589765 0.02912521034569897 0.034865923701106284
2 0.47373846674691916 0.9603955779204517 0.05567098997087019 0.07920884415909661
5 0.38395379968343085 0.1286388376596843 0.04359688730530316 0.049173885551659156
0 0.39898541778840413 0.0687144127407622 0.035511602665567035 0.039662517856907484
0 0.12077418659302257 0.2280040434244527 0.06782399749271754 0.023047762174864594
0 0.6655959754559009 0.5767486497518235 0.035420674452321776 0.03653751785690744
0 0.09990540861720407 0.1393136903401976 0.06515363855894434 0.03861821509696393
0 0.7287013807078926 0.5301697045403617 0.041716138558944314 0.038209112012708955
0 0.32761024214894824 0.5606876785690748 0.03234113855894431 0.038045470779006864
0 0.4485451485880742 0.05785477921769792 0.040380959092057724 0.045994338473758486
0 0.5272204148854103 0.20148777678206592 0.07264788981258548 0.02781708279171564
0 0.7606727947353729 0.5596486988583189 0.044886602665566856 0.039826159090609534
0 0.37789739865458116 0.5248280450460105 0.03238660266556703 0.039607970779006865
0 0.2927301591459295 0.9266711887153445 0.03730142319868044 0.04750229139585791
0 0.28665158768837923 0.3028109488616143 0.06488085391920828 0.029243215096964016
5 0.09786187232811533 0.29013585064862313 0.06782399749271753 0.023047762174864594
0 0.4073123948271505 0.024305893666038733 0.03193196159934022 0.023982970779006803
0 0.9291442792294596 0.1154874159838778 0.05894910266556721 0.04007162094116259
5 0.2825705267886843 0.550521745939515 0.03564799498543501 0.04435001785690744
0 0.6843736853393814 0.22689865421605032 0.060238818025830906 0.03072389448011297
5 0.2433428907370224 0.6092421810047067 0.034085494985435096 0.04432274431795715
0 0.11204742663039972 0.6085137037328783 0.03238660266556703 0.039607970779006865
0 0.5855162996834309 0.13215712418427816 0.06055706677218957 0.041661394480112926
0 0.2136162191211876 0.045937611605671745 0.04787521034569897 0.035193206168510204
0 0.5854300684880493 0.2963014448011292 0.08997178213245363 0.03280459172016936
5 0.12064615446056895 0.2592676801939279 0.07733538981258556 0.02789890340856669
0 0.5967911173135504 0.2550724728043064 0.07439224623907634 0.03409435633066593
0 0.9560357366721648 0.21209936322393425 0.01961381802583091 0.0300147824674041
5 0.42763560352349683 0.13174624675029384 0.04368781551854841 0.05229888555165916
5 0.011510498350647358 0.29558523538950343 0.023020996701294715 0.025545470779006863
0 0.9431924073635628 0.143090264603906 0.036755853919208194 0.02875229139585782
0 0.9411378815658225 0.6972419764544591 0.04497753087881264 0.042951159090609536
5 0.4245320209161895 0.34586329382819453 0.05127299498543501 0.04462275324641087
0 0.27252662239462233 0.761391062092139 0.040335494985435094 0.04443183847375849
0 0.029590279295966755 0.567992069399035 0.027608174452321665 0.03640115016215582