3 0.2067004763900928 0.12733578506757884 0.07691239745537004 0.151729365976684
3 0.6683682316203718 0.8370752087318658 0.0769917269557407 0.046189760997662074
0 0.015295997714167179 0.5529366684661949 0.030591995428334358 0.030848180913749523
3 0.8615877172002786 0.5701748191094724 0.06265582488222207 0.0419991684661948
0 0.5575036843540747 0.36939968881113405 0.03697231969842587 0.03229228174358649
3 0.25440737012226905 0.29216880228901826 0.04781136635259244 0.10295997925407559
3 0.3298539528266684 0.9309613829976306 0.08960788708777753 0.13716995850815153
0 0.5250322284163431 0.3000926591421399 0.03738242280870363 0.036979781743586494
0 0.057768941564121254 0.47230289772027056 0.03853481969842587 0.0324106809137497
0 0.06868802624828811 0.5722203873473083 0.04179652073518514 0.03420997925407576
3 0.8383797033458334 0.13430725147311445 0.07751799019805539 0.140910265146847
0 0.7335802943915751 0.5950778854964305 0.03996061866166656 0.030966580083912554
0 0.107686426907687 0.9534479991748075 0.021093041470370232 0.0636839917016303
0 0.16152432638930736 0.9583140205454317 0.01783134043361101 0.06188469336130424
5 0.09261283327004721 0.4875260786340201 0.03710902073518514 0.03385478174358667
0 0.5605103986331486 0.27211029171556345 0.03765582488222208 0.04010478174358649
0 0.4934181668229184 0.9221219471095037 0.036835618661666555 0.03072978174358667
0 0.18391035947185255 0.37883908548249734 0.03386644354388877 0.06775618506293438
0 0.1481733088116682 0.8322600834079049 0.021093041470370277 0.0636839917016303
0 0.002541719486111561 0.48722823547785293 0.005083438972223122 0.035654080083912555
0 0.16884739377865904 0.8566331213752687 0.02204994872768502 0.07462149170163031
0 0.15864404269463153 0.9996825365174713 0.014140412441111083 0.000634926965057403
0 0.7299616106031482 0.11508180956170277 0.041190927992499834 0.04502908008391256
5 0.8216688888776866 0.8376816278227608 0.04960902073518518 0.034801975104890914
0 0.3488674354853704 0.048455613701598885 0.03820262902925915 0.04635478174358652
0 0.2646723439204637 0.4085517415011376 0.02972574769092571 0.07365098755244529
0 0.4414073160217148 0.9898837905664098 0.03996061866166656 0.020232418867180257
0 0.11474565414625157 0.8368049508344815 0.021913247690925796 0.0730589917016303
0 0.0587265573510658 0.5242797948158411 0.043495721771944384 0.03589087842423862
0 0.1421782955693536 0.9277501821631494 0.023475747690925797 0.07317739087179334
0 0.22263996027305613 0.30470376847083924 0.035839046654166574 0.0725620842330974
0 0.3008106442978241 0.03144478984146363 0.032753711404351814 0.019555483403260476
0 0.22907234533458337 0.024435928013964523 0.01998030933083328 0.015483290041956282