0 0.5421875 0.43828125 0.034375 0.025
0 0.78359375 0.421875 0.040625 0.028125
0 0.60078125 0.4421875 0.03359375 0.02734375
0 0.2234375 0.58046875 0.03359375 0.02265625
0 0.2375 0.6625 0.03125 0.02578125
0 0.225 0.6265625 0.0328125 0.02265625
0 0.290625 0.62890625 0.0296875 0.02421875
0 0.28984375 0.67109375 0.02890625 0.02421875
0 0.8421875 0.68515625 0.03359375 0.02578125
0 0.16328125 0.6234375 0.03515625 0.025
0 0.2796875 0.5890625 0.03125 0.025
0 0.8484375 0.653125 0.03203125 0.02578125
0 0.41015625 0.95703125 0.01484375 0.06015625
5 0.68828125 0.4015625 0.0375 0.02734375
0 0.903125 0.16015625 0.0125 0.05625
5 0.534375 0.38515625 0.03828125 0.03046875
0 0.46484375 0.90625 0.01484375 0.06015625
0 0.4234375 0.8265625 0.01328125 0.0640625
5 0.85546875 0.71953125 0.03828125 0.0296875
0 0.11796875 0.6203125 0.03359375 0.0328125
0 0.24453125 0.771875 0.01640625 0.0671875
0 0.628125 0.8296875 0.01640625 0.04921875
0 0.59296875 0.95625 0.01640625 0.0640625
0 0.575 0.9578125 0.015625 0.06953125
5 0.90625 0.0359375 0.0234375 0.07109375
0 0.796875 0.146875 0.03046875 0.04765625
0 0.74765625 0.29765625 0.01640625 0.05703125
0 0.84609375 0.29453125 0.01953125 0.0484375
0 0.9015625 0.29609375 0.015625 0.06875
0 0.82421875 0.41640625 0.03984375 0.0453125
5 0.86953125 0.37890625 0.0296875 0.078125