3 0.6734375 0.90546875 0.04765625 0.115625
0 0.94609375 0.28046875 0.03125 0.025
5 0.42421875 0.5609375 0.0453125 0.046875
0 0.896875 0.2828125 0.0375 0.0296875
0 0.57265625 0.50234375 0.034375 0.034375
0 0.92578125 0.32421875 0.03125 0.02578125
5 0.7328125 0.8015625 0.0328125 0.08046875
0 0.571875 0.5515625 0.0296875 0.03046875
0 0.56484375 0.4484375 0.03125 0.0328125
5 0.97109375 0.3296875 0.0390625 0.03046875
0 0.7359375 0.55078125 0.0171875 0.07421875
5 0.7625 0.6640625 0.03046875 0.08828125
0 0.3546875 0.5890625 0.04140625 0.03828125
3 0.97578125 0.1703125 0.0484375 0.05546875
0 0.7453125 0.8546875 0.02890625 0.06328125
0 0.9828125 0.01875 0.034375 0.028125
0 0.4953125 0.5328125 0.04140625 0.03984375
0 0.66484375 0.9859375 0.025 0.028125
0 0.69609375 0.91796875 0.021875 0.053125
0 0.9390625 0.23984375 0.03671875 0.0296875
0 0.87890625 0.23671875 0.0421875 0.03203125
0 0.2625 0.1609375 0.02890625 0.06328125
0 0.9921875 0.28828125 0.015625 0.03125
0 0.309375 0.8578125 0.0390625 0.05078125
0 0.35234375 0.81484375 0.03671875 0.04609375
5 0.13203125 0.02109375 0.040625 0.04140625
5 0.459375 0.9078125 0.04375 0.05390625
0 0.778125 0.43515625 0.01953125 0.071875