0 0.09597484907072876 0.504200727262587 0.030305749050069462 0.02777217292769336
0 0.059929552717951015 0.4432287351712524 0.038227351823611144 0.03277800790866543
0 0.14065156943545096 0.4961362178710468 0.03670121941479172 0.03427684091247087
0 0.473842009880555 0.6675403966930583 0.027908100873680654 0.0588948389353046
0 0.10778582446944407 0.4326931417873235 0.03346711664125004 0.029462006920082117
0 0.17840614257371484 0.4836707099623814 0.03666485182361114 0.03271434091247087
0 0.1723392869503816 0.4089890449433534 0.028743249050069464 0.02770850593149916
0 0.1778073837399996 0.44232812695857576 0.03513871941479172 0.03421317391627667
0 0.4375953853555202 0.6822859876055293 0.024528527735416715 0.04783000494291585
0 0.05046298052961765 0.4810789036503215 0.027180749050069463 0.027644838935304606
0 0.467770581784548 0.8277921471873497 0.029543336056041626 0.06208350593149916
0 0.005736934461180369 0.46361683102663925 0.011473868922360738 0.035266337946721474
0 0.7668023742406943 0.1529553373780678 0.030342116641249993 0.02933467292769345
0 0.30207033985576387 0.03296110273828805 0.02271145459715278 0.03682883794672147
0 0.5215606497919095 0.2605118052862957 0.03506598423243048 0.031088173916276586
0 0.28633623708222217 0.038285272700231965 0.022747822188333357 0.03839133794672147
0 0.45307360857003404 0.755023150647391 0.027908100873680654 0.0588948389353046
0 0.37373225389663134 0.7098645009514021 0.02630923328249999 0.05726867193911041
0 0.4643027025098605 0.7085155651721274 0.0262728656913195 0.055706171939110406
0 0.42378157960034635 0.9739787390884039 0.02223867591180557 0.016516337946721648
0 0.7889241088543745 0.54386949745418 0.026200130508958353 0.052581171939110403
0 0.752922365406979 0.11215392384191451 0.0398625870059723 0.03596667490485981
0 0.452319687310972 0.2844069031188489 0.025509146276527873 0.022893671939110228
0 0.6561558149701388 0.1449756941078696 0.031868249050069505 0.02783583992388783
0 0.8023144616279161 0.5386408279865276 0.026418336056041623 0.061956171939110224
5 0.5145846043890623 0.22489264026726766 0.043060322188333444 0.03921900889724857
0 0.7058291598598958 0.12343893372774625 0.036701219414791805 0.034276840912471004
0 0.8315019602967361 0.08943932403219494 0.03666485182361114 0.03271434091247101
5 0.8715275482526387 0.08000331562923797 0.04785692496187508 0.04409750988583174
0 0.910154290368854 0.06359972422247537 0.03986258700597247 0.03596667490485979
3 0.7434161595755553 0.3193761748304977 0.09029899810013901 0.056754018783080354
0 0.9144176841768399 0.38343472175101745 0.027944468464860962 0.060457338935304604
0 0.9846736731589232 0.48359920642797827 0.007668336056041625 0.061192167984777515
0 0.905240093086805 0.509470639735795 0.031105836056041624 0.06214717292769336
0 0.8682667699485412 0.5219043141463632 0.031178571238402952 0.06527217292769336
0 0.8509701671749994 0.5272921511045014 0.027944468464860962 0.060457338935304604
0 0.833691748197048 0.5318987380626398 0.027980836056041625 0.062019838935304605
0 0.8677784203091315 0.40875039813875197 0.04302395459715278 0.037656508897248565
5 0.8237011119885066 0.424595574032195 0.04614895459715278 0.0377838428896375
0 0.7524982592149649 0.4321799223590398 0.02794446846486114 0.060457338935304604
0 0.7368368916237843 0.4343790923209837 0.027980836056041625 0.062019838935304605
0 0.701789091186944 0.46468601623726025 0.03666485182361114 0.03271434091247105
0 0.6679771356398607 0.4754298566554397 0.036701219414791805 0.03427684091247087
0 0.6129623273192356 0.49172070152224345 0.03666485182361114 0.03271434091247087
0 0.6349990218484023 0.5844838630812303 0.021330792553055568 0.044577670950527094
0 0.6529859556439925 0.5829704426249949 0.026418336056041623 0.061956171939110405
0 0.6710274408263537 0.5791132721687593 0.024855836056041625 0.06189250494291585
0 0.6868342787822564 0.5706641022068155 0.024855836056041625 0.06189250494291585
0 0.7166308815557981 0.564766929279122 0.026236498100139016 0.054143671939110405
0 0.7315655505337495 0.5602558428152753 0.027908100873680654 0.0588948389353046
0 0.8195201454235065 0.5371592410283894 0.028053571238402953 0.06514483893530461
0 0.3337281157882287 0.5507096768448451 0.03713763050895835 0.053026840912470875
2 0.6887915966021868 0.8219082672258434 0.11875130642076392 0.07196252471457924