5 0.3258628724118475 0.6977254800082473 0.034704639784752266 0.04157974623907634
5 0.4593710392849051 0.7759832091585647 0.052037688998963993 0.04520485141192587
5 0.3335062444139195 0.6098844992085771 0.0330693651776464 0.03997178213245363
0 0.6234785427995617 0.9065475843896739 0.029653266749222952 0.03363085391920819
0 0.32998733043634615 0.4167566248353978 0.0330693651776464 0.03997178213245363
5 0.565929254338717 0.7627126678549111 0.04237159057054054 0.03868206677218957
5 0.5963936962331651 0.6945476895625234 0.048767139784752264 0.04198892319868044
0 0.3303385107488578 0.7938192300082474 0.03157963978475227 0.04148881802583091
5 0.3747712533052597 0.6728331285963215 0.036412688998963993 0.04475021034569906
0 0.5862824497478218 0.8301813126820615 0.029653266749222952 0.03363085391920819
0 0.6055074071531479 0.30234581769662655 0.029944365177646405 0.03988085391920828
5 0.5533287086391618 0.8952894871343833 0.029944365177646405 0.03988085391920819
0 0.9709526246881591 0.6797300539730801 0.05809475062368179 0.0188696719450391
0 0.8948290421803892 0.6522248310909686 0.060248295285270356 0.020477636051661818
0 0.9720474169755015 0.5419800013866553 0.05590516604899705 0.0188696719450391
0 0.19289632278335106 0.8494507675509773 0.04760274607105854 0.01698892319868044
0 0.06261166335389165 0.8907924845605937 0.04298802067816443 0.018415030878812643
0 0.9710040903611435 0.5576959295999007 0.05385274607105863 0.017170779625171127
0 0.8946642222880129 0.6318895990376573 0.05868579528527036 0.0204321719450391
0 0.9647005864322022 0.5735255180797026 0.05861302067816432 0.01886967194503928
0 0.9654133699306481 0.6392187142396366 0.06017552067816467 0.01891513605166182
0 0.05759021546358749 0.7829799845605938 0.04327911910658786 0.024665030878812288
0 0.9654647198068137 0.5899317680797027 0.055488020678164315 0.018778743731793845
0 0.9640306523956369 0.6095312142396366 0.055488020678164315 0.018778743731793845
0 0.779210388541898 0.47096412239462226 0.06188356989237605 0.022085600158284535
0 0.9600366652159185 0.6581505706661274 0.06017552067816432 0.01891513605166182
0 0.7574210874656595 0.6749984045270759 0.04604024607105863 0.016943459092057724
0 0.9623782611631425 0.6244431603995707 0.05868579528527036 0.0204321719450391
0 0.21320236062502324 0.7479420918450144 0.053925520678164494 0.01873327962517113
3 0.9723887303552928 0.1655622538939377 0.05522253928941438 0.07681856426490725
0 0.6322945773359743 0.12163537529761621 0.03321491439185813 0.043096782132453625
0 0.18503247290718558 0.8989650342440246 0.06202911910658786 0.025210600158284534