0 0.11722627294996682 0.6077976310328588 0.03455909057054059 0.0386458377489479
0 0.5034442169113296 0.7445213925504222 0.03485018899896399 0.0448958377489479
0 0.19347840384337894 0.5870610342982362 0.036194365177646404 0.040262901451278844
0 0.10805451840185284 0.37738344473518964 0.06813356989237614 0.02265873920022683
0 0.2759398393276863 0.4986830697775987 0.03285104135632881 0.03546627404661713
0 0.6097734536767632 0.8504117832019279 0.031725188998963996 0.04478671034428601
0 0.5101993310555187 0.6885987747644073 0.03485018899896399 0.0448958377489479
0 0.6347070254311662 0.6656474028020412 0.029871590570540542 0.038482146641955414
0 0.07652849834286095 0.6048164747722564 0.03463186517764645 0.0402083377489479
0 0.0524338728261323 0.5563963329396244 0.03790241439185815 0.04344246515360979
0 0.49360049007069334 0.8011161329317753 0.03648546360606986 0.04651290145127902
0 0.617455367035164 0.7976414472670783 0.03001713978475227 0.04160714664195542
0 0.6229026923042237 0.7471330157787326 0.03477741439185813 0.043333337748947896
0 0.5269266046291673 0.5955853847458739 0.03299659057054072 0.03859127404661713
0 0.14809528328904903 0.6174553732283105 0.0346318651776464 0.0402083377489479
0 0.23829429011347458 0.4942485409216581 0.03299659057054054 0.03859127404661713
0 0.46604703246047946 0.9296305133316618 0.037975188998963995 0.045004965153609786
0 0.043352125307331665 0.5958581370233086 0.029726041356328857 0.03535714664195542
0 0.20295610359570992 0.48911460761921377 0.027799668320799588 0.02749008293962447
0 0.3105695504525568 0.5053522212288775 0.03299659057054054 0.03859127404661713
0 0.32491453266987647 0.3779365493591786 0.068206344499482 0.02422123920022683
0 0.15717703080784967 0.5779935691446265 0.036194365177646404 0.040262901451278844
0 0.3714385839510028 0.5729960782151192 0.058831344499482 0.0238938569862416
0 0.5955333252645504 0.9130928324762884 0.03157963978475227 0.04166171034428636
0 0.191303666044488 0.38965032095872504 0.05868579528527027 0.02076885698624169
0 0.12392788316521453 0.5674727313956784 0.036194365177646445 0.040262901451278844
0 0.9356209003287222 0.4780407977147161 0.06991439371369382 0.027400802902557687
0 0.030486098219026446 0.5540699411069926 0.011048815963434721 0.03626488221398514
0 0.5262930578961549 0.6322222891923776 0.0330693651776464 0.04015377404661713
0 0.3702592276646965 0.5979142326616229 0.06508134449948208 0.02411211179556503
0 0.5872328277457498 0.9525819184111377 0.02979881596343468 0.03691964664195524
5 0.6120035020669146 0.21168658909971033 0.03812073821317572 0.0481299651536097
0 0.05152192038771418 0.21863343811176766 0.030560795285270292 0.019786710344286185
0 0.984070131822171 0.7334748313799799 0.031859736355658086 0.01876984736759475
0 0.37677890136217956 0.5536830830244426 0.06820634449948208 0.024221239200226917
0 0.8833071912707663 0.6610690633238127 0.07125856989237604 0.022767866604888453
5 0.7589170434232434 0.2511360134164799 0.06439213978475244 0.04280754809323426
5 0.8196576443328663 0.299275902253887 0.06624573821317555 0.049112111795565114
5 0.9560970273978915 0.37737859880317515 0.08780594520421695 0.03430556733052796
5 0.8720143186495217 0.5023389040679855 0.0809246683207995 0.02934524881887359
5 0.2948289263835702 0.40184527531256153 0.07765411910658786 0.02611112141421188
3 0.21756645140496084 0.250171158707673 0.130162688998964 0.04822422359113014
0 0.49230754797135745 0.47191970625275304 0.06453768899896399 0.04593254809323426
0 0.9816632425541474 0.7497719539753184 0.03667351489170514 0.023621038474587408
0 0.9826906453663236 0.7770884221241529 0.0346187092673528 0.023511911069925517
0 0.6468923482190265 0.5755953216765152 0.04258991439185813 0.04360615626060209
0 0.6420443364322022 0.6222247850160263 0.03626713978475227 0.041825401451278846
0 0.47487406885440964 0.884699959247978 0.04742296360606986 0.04689484736759475
0 0.5746814778695842 0.9917336653310949 0.03753854135632899 0.01653266933781019
0 0.36257516025351977 0.6171453822988031 0.07125856989237614 0.022767866604888453
0 0.36671900475300173 0.6391295097034648 0.07169521753501132 0.03214286660488845
0 0.3629775746453779 0.6592783185964723 0.07452911910658785 0.026001994009550344