0 0.8515625 0.29375 0.0328125 0.021875
0 0.17890625 0.21015625 0.03125 0.0234375
0 0.4015625 0.37578125 0.025 0.021875
0 0.059375 0.20703125 0.028125 0.02265625
0 0.353125 0.3671875 0.03046875 0.02265625
0 0.1828125 0.29140625 0.03203125 0.02421875
0 0.296875 0.21796875 0.03203125 0.02421875
0 0.44140625 0.37734375 0.02421875 0.0203125
0 0.1 0.209375 0.0265625 0.02265625
0 0.01640625 0.20703125 0.02734375 0.02109375
0 0.2203125 0.21484375 0.0296875 0.02421875
0 0.70625 0.496875 0.02421875 0.04921875
0 0.26328125 0.2203125 0.01953125 0.01953125
0 0.4328125 0.40859375 0.021875 0.01953125
0 0.6078125 0.04921875 0.0140625 0.05546875
0 0.809375 0.325 0.03125 0.02578125
0 0.5890625 0.025 0.01171875 0.04921875
5 0.62734375 0.0265625 0.01484375 0.053125
0 0.8484375 0.3625 0.02890625 0.02734375
5 0.81015625 0.36171875 0.0359375 0.02890625