0 0.89765625 0.2828125 0.03828125 0.03125
0 0.8890625 0.54296875 0.03515625 0.05234375
5 0.7140625 0.8578125 0.03125 0.08203125
0 0.57109375 0.50546875 0.03359375 0.034375
0 0.92890625 0.32421875 0.03125 0.02734375
5 0.9859375 0.32890625 0.028125 0.0296875
5 0.7515625 0.73671875 0.0328125 0.08984375
0 0.5625 0.5578125 0.03046875 0.03203125
3 0.68046875 0.13359375 0.02578125 0.1140625
3 0.6515625 0.12265625 0.02734375 0.11640625
0 0.65078125 0.3953125 0.01796875 0.065625
0 0.7296875 0.64765625 0.01875 0.0734375
0 0.76484375 0.42890625 0.0359375 0.0515625
0 0.35234375 0.8203125 0.03515625 0.04375
0 0.9828125 0.0171875 0.034375 0.028125
0 0.00859375 0.596875 0.0171875 0.0453125
0 0.76484375 0.6265625 0.0203125 0.0765625
0 0.26171875 0.16328125 0.028125 0.0625
0 0.70859375 0.13828125 0.015625 0.08359375
5 0.13359375 0.01796875 0.0375 0.0359375
0 0.30703125 0.8578125 0.0390625 0.06328125
5 0.459375 0.90234375 0.03828125 0.0515625
0 0.68359375 0.9578125 0.0296875 0.06328125
5 0.74296875 0.2828125 0.034375 0.07578125
5 0.67890625 0.01015625 0.01484375 0.01953125