0 0.95 0.35 0.0296875 0.021875
0 0.3609375 0.2921875 0.0265625 0.021875
0 0.3953125 0.2640625 0.0296875 0.0234375
0 0.94453125 0.27421875 0.0265625 0.02265625
0 0.353125 0.36015625 0.0296875 0.02265625
0 0.40078125 0.371875 0.02421875 0.02109375
0 0.5796875 0.27578125 0.028125 0.02265625
0 0.62578125 0.70703125 0.01328125 0.05078125
0 0.090625 0.3421875 0.028125 0.021875
0 0.828125 0.47734375 0.02578125 0.02109375
0 0.29765625 0.2125 0.03203125 0.0234375
0 0.1 0.19609375 0.0265625 0.02265625
0 0.4421875 0.375 0.02578125 0.021875
0 0.1796875 0.1984375 0.03046875 0.0234375
0 0.2203125 0.20703125 0.028125 0.021875
0 0.59765625 0.58515625 0.0171875 0.05234375
0 0.484375 0.25 0.03125 0.02109375
0 0.06015625 0.19140625 0.02890625 0.02265625
5 0.56796875 0.77578125 0.0140625 0.0515625
0 0.790625 0.3296875 0.0296875 0.02265625
0 0.371875 0.40078125 0.03046875 0.01953125
0 0.70703125 0.2890625 0.03203125 0.0234375
0 0.6078125 0.77890625 0.01328125 0.05
0 0.64375 0.8125 0.0109375 0.04296875
0 0.5203125 0.3078125 0.028125 0.02421875
0 0.43125 0.4046875 0.01953125 0.01796875
0 0.2640625 0.21328125 0.0234375 0.01953125
0 0.90078125 0.484375 0.02421875 0.021875
5 0.63984375 0.32109375 0.03359375 0.025
0 0.60625 0.69453125 0.0125 0.0515625
0 0.62421875 0.778125 0.0125 0.0484375
0 0.62578125 0.02265625 0.01015625 0.0421875
0 0.99375 0.48984375 0.0125 0.02265625
0 0.99453125 0.32109375 0.0109375 0.0203125
0 0.56484375 0.10234375 0.01875 0.05390625
0 0.628125 0.028125 0.015625 0.05546875
1 0.64375 0.7234375 0.01953125 0.09609375
1 0.6375 0.9046875 0.02109375 0.115625