0 0.4464089372834608 0.4805953018062493 0.039411110495108835 0.03412202885594055
0 0.3099624740445766 0.3905010367453069 0.042718121018452494 0.03735615626060227
0 0.22570857138550576 0.35859378311710977 0.04584312101845249 0.037465283665263985
0 0.37909190564284256 0.4132689033501954 0.040973610495108836 0.034176592558271324
0 0.4589313240869289 0.44032496587139985 0.039411110495108835 0.03412202885594055
5 0.6499309665050047 0.7765700338349 0.042627115756780756 0.03579365626060227
0 0.7496906449077374 0.20623274118396137 0.0316742052052021 0.061919646641955414
5 0.7839621451900861 0.5049083433608796 0.04584312101845249 0.037465283665263985
0 0.6804239763930638 0.10517618347208027 0.028367194681858443 0.058685519237293704
0 0.7443789165191221 0.7947421696770822 0.04905912628012441 0.039136911069925694
0 0.6955029448230328 0.11509682049538883 0.0332367052052021 0.061974210344286275
5 0.8106501166744138 0.9606697592401288 0.04150423151356151 0.07005952885594055
0 0.7118181895613609 0.11723223936986282 0.03507222099021767 0.06671627404661713
0 0.7399831739881069 0.3460219274816305 0.027821163111827474 0.0493105192372937
0 0.7602633948371502 0.1322322459932848 0.0301117052052021 0.06186508293962456
5 0.8541003399425315 0.5237972418169335 0.04584312101845249 0.037465283665263985
0 0.7989618737904628 0.13984633855155618 0.0301117052052021 0.06186508293962456
0 0.7763056237904629 0.13905516486775876 0.028367194681858443 0.058685519237293704
0 0.6748638060946004 0.8995635897326825 0.03131018415851479 0.05566964664195524
0 0.6640632290238997 0.10382201459760629 0.0301117052052021 0.06186508293962456
0 0.7276784079913299 0.12718015824433682 0.029747684158514788 0.05561508293962456
0 0.7438571448371502 0.13165932711881081 0.028367194681858266 0.058685519237293704
5 0.7286376083583831 0.5139361137792997 0.04905912628012441 0.039136911069925694
0 0.36100976357770265 0.4549107663268869 0.040973610495108836 0.034176592558271324
0 0.5505104212866838 0.2658185283926044 0.03516322625188941 0.06827877404661713
0 0.9543362873964003 0.6173240417242664 0.0202970894484217 0.02721726442797028
0 0.9199150557416648 0.5362724491659949 0.04409861049510866 0.03428571996293304
5 0.7024644323041377 0.788581449714149 0.04602513154179633 0.04059028366526398
0 0.7976411534355297 0.8748860266633238 0.04306673151356151 0.07011409255827132
0 0.7629406587677886 0.9464782844678723 0.02956567363517095 0.05249008293962447
5 0.7608629483009148 0.9943552122432028 0.04758763154179633 0.011289575513594486
3 0.3057039684299689 0.02006948565684774 0.08546706314006221 0.02169643992586622
5 0.37653824011194087 0.6856076948200076 0.04786064732681172 0.04533234736759475
5 0.4356703164061827 0.6649703018062494 0.04602513154179633 0.04059028366526398