1 0.9660228922761146 0.4179799638195538 0.06282725292686635 0.05952548620519007
0 0.30346328406125006 0.5971904240170037 0.03769089754067192 0.03477779172311415
0 0.628232000785567 0.48566758932758025 0.032994307181592394 0.0329696302577247
0 0.6334325851927182 0.531474734284626 0.03926248789975162 0.03642217887824373
5 0.4126388170423456 0.491499266735486 0.028279536104353475 0.028036468792335612
0 0.29742288320092836 0.4272464162150877 0.03769998789975162 0.03634029172311415
0 0.8342416271508043 0.38193067842801787 0.03611930718159258 0.033133404567984304
0 0.6902825488919729 0.425401796699955 0.0376818071815924 0.033215291723114146
0 0.7575296571068376 0.27739034260694057 0.03611930718159222 0.033133404567984304
0 0.5541632417103806 0.4637759791962434 0.03926248789975162 0.03642217887824373
0 0.4879928201656035 0.560965239711693 0.0361193071815924 0.03313340456798421
0 0.14714965154769272 0.616316639529979 0.03612839754067201 0.034695904567984215
0 0.2645437681503726 0.03768262720550706 0.015743174668035032 0.021131371551297518
0 0.7987222836684665 0.31193908299600215 0.0392533975406721 0.034859678878243816
5 0.214591681601922 0.5690454918593997 0.04238748789975162 0.03658595318850324
0 0.3607693283570271 0.010278001470338038 0.015743174668035032 0.020556002940676076
0 0.34355001210024844 0.016359825871454587 0.017323855386194253 0.024338258706427272
0 0.15926681470465454 0.9499546551338112 0.026917024004105096 0.06232958163720568
0 0.3130494458434697 0.02342537539648475 0.015743174668035032 0.021131371551297518
0 0.21482751005714498 0.6627545482818348 0.04551248789975162 0.03674972749876275
0 0.0769740278147341 0.46223000508838263 0.03299430718159235 0.0329696302577247
0 0.42278195238457333 0.3589766938047075 0.04239657825883114 0.03814845318850324
0 0.45281592779129304 0.029880632915487426 0.026907933645025396 0.05976126583097485
0 0.46693244906492354 0.1535997970386393 0.026898843285945873 0.059204581637205766
5 0.8112717597625574 0.43702429217739935 0.04397725897699054 0.041355340343633175
0 0.2955119670189045 0.08448238410291202 0.025354524004105095 0.06224769448207601
0 0.27752958148028506 0.08776783638690416 0.03481133723582168 0.07680151741285453
0 0.2712790605994379 0.2224294414298583 0.025281801131468117 0.04974769448207601
0 0.29581649404807164 0.03213863410291202 0.020485216822512697 0.030752033016686775
0 0.28173581332991243 0.03600061849907979 0.020485216822512697 0.030752033016686775
0 0.32869262656162895 0.01948150384518723 0.01887726502711464 0.02285764586155703
0 0.37873807835702705 0.012191843905906842 0.018922716822512696 0.024383687811813683
0 0.41081932533196497 0.006253903777044446 0.017342036104353475 0.012507807554088892
5 0.3998888321676561 0.535123113976524 0.04396816861791084 0.03979284034363317
0 0.1756877420049682 0.6780829771600786 0.042451120413308896 0.04752345318850324
0 0.2648764652703886 0.9202085221625529 0.04563975292686626 0.058624727498762755
0 0.2766775493829523 0.7711978120766447 0.026917024004105096 0.06232958163720585
5 0.14654059748935833 0.721004139529979 0.0363465661585828 0.07219590456798422
0 0.19453825683569112 0.5255787748760865 0.042442030054229286 0.04596095318850324
0 0.13032926932872296 0.8226042610812765 0.03637383723582168 0.07688340456798422