3 0.16115780397189805 0.8645897408266178 0.1561221963664577 0.07587267447164336
3 0.4660708943999053 0.16122995413308913 0.06198955909355419 0.07063975292686626
0 0.8452947194144528 0.5499713090283042 0.03093100666795969 0.03453862646343318
0 0.38030731926467165 0.5933379513044187 0.035746052425594324 0.0361283975406721
0 0.5489309339486221 0.24838958654845059 0.037818735456132305 0.04238748789975162
0 0.1324450645535659 0.2162931413923519 0.06986596091032524 0.03320338544042354
0 0.3071888125967118 0.5585538851458359 0.03887105242559432 0.03614657825883114
0 0.2820611379011234 0.5951090086824028 0.04199605242559432 0.03616475897699054
0 0.28408705501066817 0.2851118399662962 0.07611596091032524 0.033239746876741985
0 0.19283862548328776 0.7648215449831481 0.04837359818322886 0.03776362041330898
0 0.23851959243335297 0.2434601502711465 0.07311850666795978 0.03478406615858276
0 0.4100445507586044 0.029716333719780226 0.04250623545613248 0.042414758976990444
0 0.49571072591323473 0.1129878968533009 0.03887105242559432 0.03614657825883123
0 0.9703918615191484 0.22665704975672604 0.059216276961703326 0.017569295081343927
3 0.059071337432383145 0.21664714451560987 0.08702151000193965 0.052044289031219736
0 0.15428695320359537 0.5795289395969538 0.04980855242559432 0.03621021077238851
0 0.10427071987349479 0.6651346414905477 0.057653003333979894 0.01751475292686635
0 0.9314873109297219 0.553596278777683 0.030803460910325244 0.032976126463433175
0 0.8365587375821644 0.17509857405541873 0.06077800333398002 0.017532933645025485
0 0.3457739830402365 0.26594874950902064 0.06935577787978708 0.026953385440423538
3 0.884693219704317 0.20036673964826743 0.15229582363742153 0.028997674471643364
0 0.9873323221999527 0.17285988406568148 0.025335355600094544 0.017342036104353475
5 0.38276367107174447 0.2981799874087723 0.09422823212215255 0.02553633118569749
0 0.9920671038727615 0.5063536401158057 0.01586579225447693 0.031404536104353654
0 0.9083061918245299 0.17395423057308115 0.051147911818711124 0.014353391490547773
0 0.4312487106204611 0.38513963192438216 0.05605855242559432 0.03624657220870704
0 0.1381033280586633 0.7543516775949012 0.04512105242559432 0.03618293969514959
0 0.17078995849442924 0.25556017447164325 0.07624350666795979 0.03480224687674198
0 0.8560579077358248 0.23221618246667514 0.09241064060688373 0.022402240826617792