3 0.09145572609409078 0.1295376027754691 0.09151585518980251 0.15681768577927474
3 0.8233616518422803 0.8524935079830275 0.049255632317165524 0.14259867688202627
0 0.5596092658126816 0.519795118629981 0.034556807181592396 0.03265067391627667
0 0.49061993393961306 0.15517952030313614 0.04250566256778665 0.05640650889724856
0 0.5310661092950191 0.5905241126984819 0.0392533975406721 0.03440417490485963
0 0.08707066959986946 0.6146301857792748 0.04081589754067196 0.03446784190105419
0 0.3575422508837628 0.5983008261209044 0.03769089754067192 0.03434050790866543
0 0.3839512565411035 0.35713199806001467 0.03928066861791084 0.039091674904859805
0 0.4117313437769251 0.28324617049341655 0.03774543969514958 0.04371550790866543
0 0.39664111232008126 0.5936425010257642 0.03925339754067201 0.03440417490485963
0 0.6789870214700222 0.2824144768426575 0.034765885440423715 0.06858817391627667
0 0.534303176140973 0.9743406971851624 0.03769089754067192 0.03434050790866507
0 0.37670690398357964 0.2591574130790427 0.042460210772388506 0.04859400889724856
0 0.7104784368664794 0.10787473326844813 0.03946247579950324 0.0703416749048598
0 0.47844860676093637 0.9040799353221642 0.03769089754067192 0.03434050790866543
3 0.8642679320929012 0.9401181833821788 0.036501102262936055 0.09833934091247087
5 0.7486899465308408 0.5243738251695023 0.054932939695149764 0.044415844866803764
5 0.7183222322424108 0.23713115174751728 0.045812469749379046 0.08778384288963732
0 0.7331028706097007 0.1142666547132668 0.03946247579950324 0.0703416749048598
0 0.8477349379466338 0.8269178464240406 0.023810204722264316 0.06501750494291585
0 0.6816302324388026 0.36535431083504627 0.030078385440423717 0.06839717292769346
0 0.8163753327568312 0.97880133999825 0.018922716822513053 0.030451503954332538
0 0.6927636960398615 0.19779939631030982 0.036319295081343836 0.06708934091247096
3 0.4185591024593281 0.049875254980096914 0.03469316256778647 0.05608817391627661
4 0.47567671087058444 0.03735535034119221 0.03302157825883114 0.03727450692008223
3 0.8452952182954506 0.9776354294278462 0.025163626463433175 0.02914367193911005
0 0.1891710634281083 0.12336054003761857 0.034647710772388506 0.04827567391627663
0 0.7906945975875542 0.8261565010629452 0.023755662567786474 0.05564250494291585
5 0.33953661856659717 0.7382254891627661 0.04395907825883114 0.03772017589344294
0 0.7050813679774219 0.36396556577796213 0.03166815651766246 0.07314833992388792
5 0.7373954608705844 0.04801957220375279 0.04708407825883114 0.03784750988583176