0 0.54296875 0.25234375 0.03671875 0.028125
3 0.1046875 0.54765625 0.07421875 0.059375
3 0.1625 0.7078125 0.03671875 0.1109375
0 0.409375 0.24921875 0.034375 0.02890625
3 0.84296875 0.921875 0.0671875 0.14609375
0 0.8078125 0.2140625 0.034375 0.02734375
3 0.25078125 0.20703125 0.0390625 0.1140625
0 0.39296875 0.29453125 0.0328125 0.02890625
0 0.915625 0.20859375 0.03671875 0.028125
5 0.50859375 0.29609375 0.0390625 0.0296875
0 0.440625 0.14921875 0.03125 0.04453125
0 0.58359375 0.67265625 0.034375 0.03125
5 0.49140625 0.25625 0.03515625 0.02734375
0 0.8296875 0.34453125 0.0375 0.02734375
0 0.2390625 0.74609375 0.02734375 0.06640625
3 0.57265625 0.203125 0.07421875 0.04140625
5 0.77890625 0.33828125 0.03671875 0.02734375
0 0.625 0.296875 0.03046875 0.0265625
0 0.7265625 0.3421875 0.0359375 0.02734375
0 0.19609375 0.47578125 0.0171875 0.0671875
0 0.54453125 0.74140625 0.034375 0.03515625
0 0.4421875 0.2921875 0.0359375 0.02734375
0 0.7359375 0.93671875 0.034375 0.0390625
5 0.66328125 0.340625 0.03984375 0.02890625
0 0.578125 0.76875 0.034375 0.0390625
0 0.56328125 0.896875 0.03125 0.04375
0 0.7484375 0.8828125 0.03671875 0.04609375
0 0.54921875 0.34140625 0.0375 0.0296875
0 0.61015625 0.340625 0.0375 0.03046875
0 0.17265625 0.940625 0.0296875 0.0640625
0 0.29140625 0.62734375 0.01953125 0.0609375
0 0.11796875 0.49609375 0.0453125 0.040625
0 0.51640625 0.0421875 0.0296875 0.028125
0 0.26171875 0.6484375 0.01953125 0.05859375
0 0.5625 0.11875 0.03359375 0.03125
0 0.20703125 0.85625 0.0296875 0.06484375
0 0.27265625 0.7328125 0.02578125 0.07578125
5 0.20546875 0.93671875 0.03359375 0.071875
3 0.43828125 0.33828125 0.08125 0.03828125
5 0.24609375 0.82421875 0.03125 0.065625
0 0.55 0.94609375 0.0359375 0.04609375
3 0.63984375 0.25078125 0.078125 0.040625