0 0.7234375 0.7671875 0.021875 0.08671875
0 0.7234375 0.94140625 0.02265625 0.0859375
0 0.58828125 0.35 0.046875 0.0375
0 0.23359375 0.17890625 0.05 0.03984375
0 0.021875 0.01015625 0.04296875 0.0203125
0 0.39296875 0.18359375 0.03984375 0.03203125
0 0.08671875 0.0109375 0.05 0.021875
0 0.234375 0.06953125 0.046875 0.040625
0 0.3328125 0.18515625 0.03359375 0.03203125
0 0.5671875 0.08046875 0.04921875 0.03828125
0 0.69140625 0.25234375 0.04296875 0.03671875
0 0.915625 0.08203125 0.05078125 0.0375
0 0.959375 0.01484375 0.05 0.0296875
0 0.90234375 0.0109375 0.040625 0.021875
0 0.91796875 0.14375 0.04296875 0.0328125
0 0.69296875 0.78203125 0.01953125 0.09609375
0 0.7203125 0.7609375 0.021875 0.09375