0 0.8390625 0.5777382081516695 0.040625 0.03423115626060227
0 0.3109375 0.5913269267638404 0.028125 0.02598214664195524
0 0.39453125 0.6794023348385412 0.034375 0.030887901451278843
0 0.9609375 0.5530879269334763 0.034375 0.030887901451278843
0 0.1125 0.5875223365678217 0.034375 0.030887901451278666
0 0.60390625 0.5874951209508759 0.034375 0.030887901451278666
0 0.196875 0.4404687764936878 0.03125 0.02921627404661713
5 0.71953125 0.6555953349233591 0.0375 0.030997028855940557
0 0.11796875 0.6283383095259796 0.0375 0.029434528855940556
0 0.2109375 0.7229910998146656 0.04375 0.03590278366526398
5 0.30625 0.7231944856568477 0.0421875 0.03584821996293321
0 0.0421875 0.5061607199629331 0.028125 0.025982146641955417
0 0.67734375 0.389278364960426 0.034375 0.027762901451278844
5 0.1421875 0.7127777969121079 0.040625 0.07329365626060227
0 0.16875 0.7379241298517324 0.04375 0.04684028366526398
0 0.5109375 0.41315483066218983 0.034375 0.030887901451278843
1 0.98984375 0.5915973554265971 0.0203125 0.042896828130301046
0 0.2875 0.6303522212288775 0.0375 0.03255952885594056
0 0.13828125 0.9873387980932342 0.0265625 0.02532240381353148
0 0.48359375 0.12626246587139986 0.021875 0.06170139183263199
0 0.28984375 0.09059031678237375 0.021875 0.06795139183263199
0 0.290625 0.29139884863353915 0.0171875 0.045912700725639424
0 0.3890625 0.07764886188038309 0.0203125 0.05539682813030113
0 0.32109375 0.15574409082899088 0.021875 0.055451391832631994
5 0.14375 0.8456448606144388 0.0296875 0.07603671034428601
0 0.24375 0.9852331502701525 0.03125 0.02953369945969513
0 0.30234375 0.1621205764010206 0.021875 0.06170139183263199
0 0.371875 0.0801736611547437 0.021875 0.05857639183263199
0 0.3375 0.08678575970346485 0.0203125 0.05539682813030113
0 0.4921875 0.25859381623421956 0.025 0.0664980192372937
0 0.32421875 0.08944696823365259 0.021875 0.055451391832631994
0 0.35625 0.08431552413143513 0.0203125 0.05539682813030113
0 0.40703125 0.07515134445718794 0.0234375 0.05863095553496285
0 0.53203125 0.2881101906436564 0.021875 0.06013889183263199
0 0.30625 0.08725698565684774 0.0234375 0.06800595553496284
0 0.1671875 0.8597445661494015 0.01875 0.04752976442797028
3 0.77421875 0.05594256450493906 0.0828125 0.06070437622353535
0 0.26875 0.08438495680090721 0.025 0.0680605192372937
0 0.2640625 0.8342212656939146 0.021875 0.061701391832632166
0 0.11640625 0.8689087458236487 0.028125 0.06191964664195524
5 0.153125 0.9656820529025577 0.03125 0.06863589419488463