3 0.8549824157892406 0.1534250523049081 0.07272949375348432 0.15274210485118864
3 0.10444504284184877 0.45326813439796565 0.07532725292686626 0.06237219636645772
0 0.6031945975875542 0.8433652997198342 0.03453862646343318 0.03093100666795969
0 0.668824142767094 0.8479409715404849 0.03766362646343317 0.03118609818322895
0 0.5855773890546608 0.3784259548705853 0.03455680718159222 0.034056006667959784
3 0.3939917935292198 0.9310254410756237 0.07099427693097135 0.1229270590935542
0 0.5500489552132437 0.30517990244499094 0.03457498789975162 0.03718100666795978
0 0.8351041695016737 0.6145220489709282 0.03766362646343317 0.03118609818322877
5 0.300506455704223 0.6091826498599171 0.03310339149054773 0.05267846091032524
0 0.23541428347207488 0.24354193228163212 0.03321247579950324 0.07142846091032524
5 0.5234661909716959 0.843891716080473 0.03455680718159222 0.034056006667959694
0 0.0511382356602564 0.4801815786383915 0.036137487899751596 0.03730855242559432
0 0.7555227712736305 0.18673214669511512 0.03619203005422929 0.04668355242559432
0 0.5861500816766767 0.27998845487058527 0.03460225897699054 0.041868506667959784
0 0.62156734768575 0.9097395988114487 0.028434072208706952 0.05542082363742153
0 0.7449034338414172 0.1311518263916734 0.037727258976990544 0.04212359818322886
0 0.11507347063314174 0.5072859547014075 0.04397725897699045 0.04263378121376693
0 0.23748934699837898 0.42426577379690117 0.026962475799503238 0.07091827787978708
0 0.5045429532683361 0.9964197640244825 0.028270445745273775 0.007160471951035063
0 0.5503190615813965 0.9304987668390773 0.03453862646343318 0.03093100666796005
0 0.16938722414918317 0.8446901019762507 0.017542024004105095 0.06234050333398002
0 0.5704846959416656 0.15130547441542266 0.033067030054229285 0.046428460910325244
0 0.22329295326833604 0.9762113623526434 0.015979524004105093 0.04757727529471332
0 0.19563416598563219 0.22935201546195144 0.030105656517662414 0.07429836939505616
0 0.22631848019930736 0.8665330221299111 0.019240879390299347 0.08590554909161412
0 0.6552142199457707 0.09725544532768757 0.017560204722264317 0.0654655033339799
0 0.19837528738089974 0.8329871984924896 0.022074987899751576 0.03616064060688338
0 0.27269611485416406 0.28410303046486096 0.03166815651766246 0.0744259151526907
5 0.10983808743221339 0.06367947591323475 0.03789088544042354 0.07024859818322886
0 0.2605773890546609 0.35189643728260195 0.025381795081343927 0.06766573212215254
3 0.19723951337679463 0.8938609256136723 0.029015855189802542 0.15542082363742155
0 0.009292145006589193 0.5837053203034417 0.018584290013178385 0.03616064060688338
0 0.24440800927157805 0.17549343394862205 0.03322156615858276 0.07299096091032524
5 0.39931159436610036 0.6883755554697102 0.03768180718159231 0.03431109818322895
3 0.20834376512531053 0.05999610864421047 0.045812469749378956 0.08963632697140153
0 0.042429814410066935 0.767888872729036 0.03465680113146814 0.051243506667959696
0 0.16738838691336153 0.9195625562186163 0.015879530054229284 0.04502545757634522
0 0.1669520496775399 0.9898673908364046 0.018913626463433086 0.02026521832719084
0 0.249786376561629 0.05712607122152565 0.02697156615858276 0.0724807778797871
5 0.2900649011549093 0.3886948066776581 0.020767017953980903 0.07978309484924892