0 0.679724410009545 0.04660457133724315 0.026962489337999784 0.03530258293962455
0 0.8039668147676317 0.7159770755135944 0.028506808004454598 0.03379464664195542
0 0.515007382001909 0.00530502577589764 0.026889764003817974 0.01061005155179528
0 0.8206923327895854 0.8771774703414511 0.026926126670908702 0.03217758293962447
0 0.6305004007399512 0.5180455509188231 0.02380112667090888 0.03206845553496294
0 0.6085083167568139 0.6430827564537859 0.022165901336727245 0.02576389183263199
0 0.540001575389861 0.39771818195168185 0.0549238573360908 0.022222229581579888
0 0.8114889607733587 0.7579190388531055 0.028524989337999785 0.03535714664195542
0 0.6253605567711316 0.7480058694304773 0.023764764003817974 0.028943455534962935
0 0.5791255206874537 0.13296371198874876 0.025345445337363513 0.030560519237293703
0 0.6873920066836356 0.10104653467675428 0.028524989337999785 0.03535714664195542
0 0.5986964174092693 0.5386953568166056 0.02380112667090888 0.03206845553496294
0 0.8203656161282215 0.9162672521926167 0.02376476400381833 0.028943455534962935
0 0.7948821687619047 0.6740896758764141 0.022165901336727245 0.02576389183263199
0 0.653589171347863 0.08425090427686768 0.023819308004454243 0.03363095553496283
0 0.6937527367122707 0.31184762542092714 0.04091590133672725 0.026418656260602268
0 0.6033571927514052 0.6034026975607785 0.02538180800445424 0.0336855192372937
0 0.6597397213558172 0.14265368131870967 0.025363626670909058 0.0321230192372937
5 0.7905213854232687 0.6351635851322412 0.028561352005090513 0.038482146641955414
0 0.8366305800445435 0.29904254665765384 0.054923857336090974 0.022222229581579978
0 0.10242939739813339 0.4739608004554869 0.05650453866963625 0.023839293283910833
4 0.6137139847628592 0.6874503153467935 0.030269302673454134 0.05103671034428636
0 0.3214606607256337 0.4233258502780017 0.0533613573360908 0.02216766587924912
0 0.7594970100652243 0.45414176362536207 0.031613626670908876 0.03234127404661713
0 0.5901095687062254 0.2709175797747636 0.03780908267027243 0.027872028855940555
5 0.6613305880410436 0.2793724313187097 0.05514203333863606 0.04097222958157989
5 0.6195323446849083 0.11279505572814652 0.025418170671545327 0.036810519237293705
0 0.9297356900461342 0.3075147563689679 0.04551249466899989 0.01876984736759484
0 0.5637828786998621 0.22494288086322278 0.04262385200509069 0.038973219962933035