3 0.14400446704315895 0.9231224975529292 0.07830945079743068 0.1448065577118811
3 0.8813122838162496 0.5031645622667504 0.07478310087368065 0.06037699400955034
0 0.7854146363054507 0.6993252888531055 0.029834276785486225 0.07441964664195541
0 0.40541931820118 0.6587325822218343 0.03670121941479163 0.03406746515360979
0 0.7588332992994785 0.7346005899415646 0.03601154160312507 0.07151290145127884
0 0.44289982798482574 0.725337239663563 0.03677395459715278 0.037192465153609786
0 0.5913140246012846 0.05038682496544021 0.029543336056041626 0.06191964664195539
0 0.40703440995680495 0.7570336729660072 0.03684668977951393 0.04031746515360961
0 0.24108014200503397 0.8775793298595816 0.03855466014423623 0.04662202885594056
0 0.9328572532310414 0.46857874194099763 0.03826371941479181 0.03412202885594055
0 0.7182998714878119 0.6985465280533324 0.03455814437666671 0.0761458377489479
3 0.7936953425181242 0.9137052473832933 0.0537809230620141 0.09711310217691818
0 0.46400729540284724 0.01970479855657039 0.030305749050069507 0.02759921034428626
0 0.8676868481207982 0.45133916743889363 0.04625805737069442 0.04220734736759475
5 0.8753447328107283 0.9272469030109232 0.04197060087368065 0.05923115626060209
0 0.7454573171543403 0.014466716249918025 0.0184603656913195 0.02893343249983605
0 0.3440583652195478 0.9473610618034144 0.020095600873680654 0.058467264427970275
0 0.804212108473125 0.12647806589494753 0.01856946846486096 0.05997520072563942
3 0.7741076875953123 0.0789012384824366 0.03492312670923621 0.1578024769648732
0 0.7331267441129856 0.63167648658352 0.02496493882958344 0.06644345553496293
0 0.5324098436554859 0.13284715010051645 0.03706489532659738 0.0496924651536097
0 0.4283255688667701 0.881969185579879 0.035429660144236055 0.04651290145127902
5 0.7501655076963535 0.8051586266020536 0.03604790919430556 0.07307540145127903
0 0.7996532014630208 0.05404007070427096 0.01842399810013884 0.053725200725639397
0 0.7453098871584721 0.10823898658352005 0.021912674011944588 0.06945932813030113
0 0.729434780397777 0.8238367047323546 0.027980836056041625 0.06186508293962447
5 0.6995518311189578 0.5985018880347989 0.03008884992375016 0.08535714664195523
0 0.2531794452916659 0.9278967883897693 0.03684668977951393 0.04031746515360979
0 0.4222724306614582 0.1023461729660072 0.03641027868534721 0.0215674651536097
0 0.44438186037298594 0.19212543557987893 0.03212282218833344 0.03859127404661713