3 0.0537321132830302 0.7772133693586144 0.09895565046753822 0.09192673871722885
0 0.7573009782353901 0.471177913498755 0.03303975897699054 0.04001724623907634
0 0.5647675237095175 0.2718585604374765 0.03460225897699054 0.04006271034569897
0 0.31652196301188373 0.5661468033778476 0.03460225897699045 0.04006271034569906
0 0.2863379966803503 0.21142219945863933 0.06895907825883123 0.03793792069139794
0 0.8540391019683486 0.3162069201626726 0.06420794574527378 0.026864028371529968
0 0.5429440833269968 0.682872616784825 0.03462043969514959 0.04318771034569906
0 0.19311017144658119 0.16418583511458978 0.06584316861791084 0.0394094924781526
0 0.4639383602579681 0.7977414473470683 0.03462043969514959 0.04318771034569906
0 0.403961833916172 0.2898320074553404 0.05953862646343318 0.029852636051661906
0 0.2537492522394952 0.5174532391129403 0.039289758976990455 0.04019910266556703
0 0.026791842500378943 0.5772444615993402 0.04703862646343312 0.02948892319868044
0 0.08525430317457161 0.6906453835443794 0.048673849336070066 0.04203438730530316
0 0.1162885962128121 0.1174268438900784 0.06584316861791084 0.0394094924781526
0 0.9487486557320957 0.6181307845067221 0.0314408975406721 0.03372178213245362
5 0.7687753303019347 0.6980359301918024 0.03462043969514959 0.04318771034569906
0 0.4781659066158583 0.020943266626540426 0.034456813231716586 0.015062710345698982
0 0.8669128484523071 0.6493376689090313 0.033030668617910666 0.03845474623907634
0 0.8662300297596417 0.263445633015654 0.06420794574527378 0.02686402837152988
0 0.2203282190620079 0.5461632608205527 0.04240566861791084 0.03872753087881229
0 0.3756186652982611 0.25151365353613214 0.07674430718159231 0.033477741224511345
0 0.2943641201187213 0.2483682699917527 0.08146816861791084 0.03986413354437941
0 0.04456112548147447 0.6777445667721897 0.043949987899751596 0.03564799498543501
0 0.47856796593874995 0.6271023384132951 0.03774543969514958 0.043278638558944316
0 0.9431970507386847 0.3352046242401654 0.08297612646343318 0.030534597651002037
0 0.5157664214465812 0.17357417313217344 0.03774543969514958 0.043278638558944316
3 0.9444908642649888 0.30792907040009937 0.11101827147002226 0.05483591567683312
0 0.9444322978118184 0.279000088346788 0.07671703610435329 0.028790241224511348
5 0.20505163524403183 0.20280806591425987 0.08307612041330889 0.047722097651002125
5 0.11176017749670542 0.14463420157021037 0.08311248184962738 0.053972097651002124
0 0.5821857861043535 0.04349787971694872 0.04400453005422929 0.04502299498543507
0 0.16761981293712896 0.21343567735531552 0.07208407825883123 0.03802884890464338
0 0.09900266490547767 0.5027960425572948 0.054923849336070064 0.04221624373179385
0 0.056719716135141686 0.4851622616784825 0.048692030054229306 0.04515938730530315
0 0.8902134721852658 0.4922298625616829 0.05803975897699019 0.0407446719450391