0 0.7855999336840158 0.16544473132572307 0.0476154796419344 0.036728432629559826
3 0.8718692982742704 0.23499534658484275 0.10067992288667434 0.06106595941492108
0 0.7626142142211142 0.21901006208884377 0.047715609191583755 0.03829093262955983
0 0.5323912839331844 0.49186336079159754 0.0398029796419344 0.03659206493480802
0 0.8579453030546323 0.14715442734796352 0.03637759099298634 0.031850017856907484
0 0.47127331123108035 0.4814110560030591 0.05124112739018098 0.044595479707460584
0 0.4807694247416007 0.5285042443146619 0.05134125693983034 0.046157979707460585
0 0.17038714142672512 0.2337006643656153 0.049818329734219444 0.07110343262955983
3 0.560297149907715 0.04419347402212239 0.051280700184570094 0.0695682061685102
0 0.3835451688815046 0.5932877187471166 0.046653756939830336 0.04607615909060954
0 0.5270517442967874 0.4409321063273707 0.04977875693983034 0.046130706168510116
5 0.42660355645071835 0.5682292175293007 0.05134125693983034 0.046157979707460585
0 0.37087997841454196 0.8519496525944925 0.04705427513842757 0.05232615909060954
0 0.5399744440199322 0.5443980255642499 0.05144138648947951 0.047720479707460586
0 0.7456947154577319 0.6050839297835955 0.04603199568106327 0.08508411201270878
0 0.6090467281007749 0.12560316111590913 0.03928134793281668 0.07716251785690749
0 0.3368065646271664 0.9076678185849609 0.05214229333702489 0.05865797970746058
0 0.5509641178294571 0.1410139269442217 0.043207384330011325 0.08971706493480816
3 0.5912164828811368 0.03769405803165402 0.04881703423772628 0.05547843262955987
0 0.7341810148117365 0.8457771136309713 0.04170544108527139 0.06627956493480838
0 0.7653548897286822 0.02978392085514176 0.0505402205426357 0.03365797970746054
0 0.5776267473791064 0.13991507710637746 0.03349242288667433 0.059893197240056484
5 0.021214863510520366 0.12386023985373026 0.04242972702104073 0.06022047970746054
5 0.49036236120339377 0.9158230121715694 0.05606832973421945 0.07121252678536116
5 0.7476904071613123 0.7326049577867727 0.05404475478036197 0.08834547970746058