5 0.8703125 0.24375 0.03359375 0.02265625
5 0.70625 0.775 0.03359375 0.084375
0 0.9890625 0.33203125 0.021875 0.02890625
0 0.56328125 0.46015625 0.03828125 0.0375
0 0.56015625 0.5171875 0.0390625 0.03828125
0 0.50859375 0.578125 0.0421875 0.03828125
0 0.50234375 0.48203125 0.03828125 0.03515625
0 0.06015625 0.60078125 0.0265625 0.03515625
0 0.57734375 0.55390625 0.03984375 0.0375
5 0.9203125 0.33359375 0.03984375 0.0296875
5 0.70859375 0.875 0.0296875 0.075
0 0.98359375 0.025 0.03125 0.028125
2 0.6875 0.21015625 0.0390625 0.27421875
0 0.353125 0.81953125 0.0359375 0.04375
5 0.86484375 0.28984375 0.0421875 0.02890625
0 0.64296875 0.98828125 0.02265625 0.0234375
0 0.66953125 0.9140625 0.02890625 0.06171875
0 0.7171875 0.19140625 0.02109375 0.06875
0 0.26640625 0.1734375 0.0296875 0.06328125
0 0.9109375 0.24609375 0.0375 0.0296875
0 0.30703125 0.8625 0.03828125 0.05
5 0.73046875 0.65703125 0.02578125 0.08046875
0 0.74609375 0.76328125 0.02734375 0.06875
5 0.76484375 0.66640625 0.02265625 0.07578125
0 0.503125 0.534375 0.0421875 0.03984375
5 0.13515625 0.02109375 0.04140625 0.04140625
5 0.45859375 0.91015625 0.03984375 0.05546875
5 0.6828125 0.9640625 0.03203125 0.071875