0 0.5711806951053815 0.39095433645025474 0.03343412628012441 0.0376818071815924
0 0.4447443956136091 0.9247748245463981 0.031689615756780753 0.034547716822512696
0 0.437792071456093 0.4269094962875668 0.03499662628012441 0.0376908975406721
0 0.36731734562772644 0.9391731469514968 0.030036110495108837 0.032976126463433175
0 0.5973553292074264 0.2770054659387499 0.03499662628012441 0.03769089754067192
0 0.5198119710608048 0.011620839573512703 0.029126057878390378 0.01735112646343312
0 0.6647978323323726 0.7963236133812261 0.033707142065139986 0.04236930718159222
0 0.5441686870011122 0.17041003229372448 0.026638094710093263 0.028270445745273865
0 0.5364277215549149 0.5314248003459012 0.03178062101845249 0.0361102168225127
5 0.6679599006635194 0.7017787278426066 0.03517863680346807 0.04081589754067192
0 0.4024357982726799 0.9534447252103281 0.028473610495108836 0.032967036104353295
0 0.6199150557416646 0.5069020441975811 0.032053636803468066 0.040797716822512695
0 0.49780629535949517 0.6578054931643089 0.03196263154179633 0.0392352168225127
0 0.4052639376363967 0.8377969993126289 0.031689615756780753 0.034547716822512696
5 0.4484671770424658 0.7669305082896194 0.03517863680346807 0.040815897540672094
0 0.6220019295321274 0.6186707911725191 0.035087631541796324 0.03925339754067192
0 0.07966178206414128 0.5107925751355733 0.060558068401734035 0.020657933645025394
0 0.034161960855103396 0.704333496876742 0.06832392171020679 0.02540906615858276
0 0.515673418726435 0.32420265280522925 0.03187162628012441 0.0376727168225127
0 0.9306510745104518 0.874458745502 0.038774073663405774 0.022093168617910663
0 0.10338916644853494 0.6938050630353249 0.06074007892507773 0.023782933645025393
0 0.23786287698599606 0.7063101290957118 0.04778505261671846 0.015897710772388506
0 0.9335779244116299 0.7705343147838407 0.04547909997176518 0.029942030054229463
0 0.037566745373612674 0.6699766775949012 0.052654563140062186 0.019049981849627428
0 0.10300973485026899 0.6734834726762452 0.05908657366340586 0.022211343285945873
0 0.026849625282348678 0.604260774004105 0.053699250564697355 0.020630662567786652
0 0.21214805837250053 0.5037482104778009 0.06542757892507778 0.023810204722264316
0 0.027520971343153504 0.6214528191836448 0.05504194268630701 0.02064884328594587
0 0.24411068991429677 0.4648584273003137 0.05899556840173403 0.02064884328594587
0 0.03452504535949524 0.6551102016972022 0.05587056840173403 0.020630662567786652
5 0.5110372535484691 0.9673623003459012 0.03223564732681172 0.0439227168225127
0 0.032704940126058256 0.6863602016972022 0.062302578925077734 0.023792024004105093
0 0.027395656852379775 0.5862829336450255 0.05479131370475955 0.022211343285945873
0 0.02642542007714656 0.7261630450813439 0.05285084015429312 0.02064884328594587
0 0.7963971718513811 0.8447616342620732 0.04971157366340577 0.022156801131468028
0 0.030884105868721506 0.6371141806199634 0.05265456314006219 0.019049981849627428
5 0.49001878427145423 0.0669350534691592 0.04023015785015538 0.04709316861791082
3 0.023074207977212376 0.21578862646343308 0.04614841595442475 0.08470225292686617
0 0.807502000847046 0.8956246974937898 0.06735409997176518 0.030069295081343837
0 0.7778207480750357 0.7477457336963391 0.05301858418674961 0.02529998184962743