0 0.8696760605913662 0.37488816802565383 0.03329073212215263 0.025545470779006863
0 0.7642551080159906 0.36658651867427694 0.030038186364518004 0.023928423701106104
0 0.7677785918051331 0.3329791319048018 0.028475686364518183 0.023901150162155816
0 0.8168061521066352 0.3726904683499654 0.031855777879787085 0.027080697240056482
0 0.812836000289864 0.33531319927524195 0.03498077787978708 0.027135244317957153
0 0.9442296504396452 0.3790477881560375 0.03316318636451783 0.023982970779006862
5 0.047975759083855755 0.18639542167251122 0.041230777879787094 0.02724433847375849
0 0.7799754449893318 0.2695751509795253 0.035235869395056164 0.030260244317957152
0 0.7668540784692136 0.4016473112879508 0.030038186364518004 0.023928423701106104
0 0.8556134316534123 0.33690692695410757 0.03160068636451783 0.023955697240056483
0 0.9443573251352337 0.41571199107813683 0.030038186364517827 0.023928423701106104
0 0.9034607424139564 0.2572779281719236 0.031855777879787085 0.027080697240056482
0 0.3665666492316973 0.2783515020318902 0.030038186364518004 0.023928423701106104
5 0.8166149624081374 0.4132609212720647 0.036288186364517826 0.024037517856907442
0 0.39797588802180967 0.2185128518697344 0.03160068636451809 0.023955697240056483
0 0.18544406605137795 0.2417260296280303 0.030038186364518004 0.023928423701106104
0 0.1662793489321349 0.18979138271228538 0.03485323212215254 0.02557274431795715
0 0.048884812717398064 0.2612726907472347 0.034853232122152564 0.02557274431795715
0 0.09132714635675937 0.18095789935137688 0.030293277879787105 0.027053423701106104
0 0.266614188780414 0.19350098944998845 0.03498077787978708 0.027135244317957108
0 0.01319383628477826 0.17768862337679456 0.02638767256955652 0.027080697240056482
0 0.2413920796771616 0.5215987159110381 0.030165732122152546 0.025490923701106106
0 0.34046640589965704 0.24448106250247145 0.029910640606883553 0.022365923701106107
0 0.33294185088898887 0.5278020771129681 0.03498077787978708 0.027135244317957153
0 0.2778557381618925 0.5240827877457052 0.03172823212215263 0.025518197240056394
0 0.20339774316286235 0.49963794115427174 0.01839905575957417 0.05337046185055314
0 0.2801041511885513 0.6207805097425279 0.018654147274843248 0.05649546185055314
0 0.8924599852869545 0.4111569046329732 0.031473140606883734 0.022393197240056395
0 0.16023806134027221 0.6174118222417041 0.016326372729036052 0.047093188311602675
0 0.12337437181095216 0.18976015503341975 0.033163186364518 0.023982970779006817
0 0.4297686666505028 0.42157362216227384 0.035618506667959696 0.03494774431795715
0 0.07229126437468968 0.5097277816566251 0.033163186364518024 0.023982970779006862
0 0.26479801558263766 0.6171469951320313 0.01839905575957417 0.05337046185055314
0 0.09858308421908948 0.6177078770302427 0.018016418486670592 0.04868296185055314
0 0.21608803029568308 0.19126237946587452 0.03329073212215254 0.025545470779006818
0 0.6051022171192431 0.041707069809367406 0.020471738790112326 0.059647735389503395
0 0.6319834525753756 0.0023441554404568347 0.013392820303441865 0.0046883108809136695
0 0.587055910731449 0.68329455195246 0.018143964244305266 0.05024546185055314
0 0.18914392452641055 0.5022271530048249 0.01839905575957417 0.05337046185055314
0 0.5511512642055119 0.9702314902640626 0.01868609818322895 0.03777273538950325
0 0.12905183421908947 0.6171760430207109 0.018654147274843248 0.05649546185055314
0 0.042651948613175804 0.6147834744324548 0.018016418486670592 0.04868296185055314
0 0.29716410543091676 0.6220430008140742 0.01814396424430509 0.05024546185055314
0 0.07924315285554127 0.6157050462671219 0.018781693032477807 0.05805796185055314
2 0.27662923845175663 0.8736055008140742 0.11501896424430509 0.051936421265474306
0 0.14877440285554128 0.6144913737838317 0.016326372729036052 0.047093188311602675
0 0.3167591283097341 0.6209208315771949 0.01581618969849794 0.04084318831160268
0 0.4024559649932112 0.17318671510025924 0.018462957576345397 0.01592500892845372
5 0.9044495443805086 0.34073531047717187 0.04123077787978709 0.02724433847375849
0 0.14894910134803085 0.4116527459428102 0.031473140606883464 0.022393197240056395
0 0.11433562997672402 0.6158726416407392 0.01839905575957417 0.05337046185055314
0 0.648421653483761 0.020539889206754793 0.01476387272903601 0.041079778413509585
0 0.23153910543091677 0.6231884894499885 0.01970646424430509 0.05027273538950343