0 0.33707685470581283 0.31616597349733877 0.028588650162155817 0.028858323637421624
0 0.8135342146899269 0.3043499524546893 0.034865923701106284 0.03093100666795978
0 0.38891781858496083 0.4257161877416438 0.028588650162155727 0.028858323637421534
0 0.021383670858437044 0.2864954804551626 0.03171365016215578 0.029113415152690704
0 0.3396990685849609 0.421698496376156 0.034838650162155815 0.029368506667959694
0 0.13828479869945848 0.2796551622777528 0.03171365016215581 0.029113415152690704
0 0.4286661111986346 0.4234998545613246 0.028588650162155817 0.028858323637421534
0 0.061940487011061196 0.28590542015366055 0.02858865016215577 0.02885832363742171
0 0.17966377516050813 0.28147262485506797 0.0333034237011061 0.030803460910325244
0 0.7128691562446452 0.8391079765414545 0.021076159090609538 0.045408094849248924
0 0.5884933043815014 0.2836396133553162 0.027380706168510117 0.04904327787978709
0 0.2560489971573309 0.2775661169791602 0.03489319724005639 0.03249350666795978
0 0.7234934159871731 0.5091972069966172 0.03519320616851011 0.049681006667959694
0 0.4713330779204517 0.27563618153272607 0.035165932629559825 0.04811850666795969
0 0.425346242286067 0.4567747401672381 0.025381829545304768 0.023915732122152634
0 0.7094251874975285 0.41833309093554083 0.031822744317957154 0.03536341515269079
0 0.7798546899331604 0.34138769578672956 0.03174092370110628 0.030675915152690702
0 0.789163280435514 0.47243040169608486 0.034865923701106104 0.03093100666795969
0 0.5197085280031771 0.05256521441348301 0.0175420560063543 0.02171550333397989
5 0.7890893680984935 0.3788079474537195 0.038018197240056575 0.03274859818322886
0 0.22415411485208261 0.28276392894765223 0.028561376623205438 0.027295823637421713
0 0.8233961842511176 0.37770770412167926 0.03489319724005639 0.03249350666795978
5 0.10872971225429487 0.3295117700038793 0.039635244317957154 0.0360011439408634
0 0.9754320170428332 0.46189086973341187 0.03971706493480838 0.0406886439408634
1 0.6957032012939509 0.7495512689651093 0.03779210064862326 0.10918355242559433
1 0.731743661519651 0.9671783518313187 0.03598413879807012 0.0656432963373625