0 0.4140625 0.2505753742268481 0.034375 0.041868506667959784
5 0.5296875 0.3114494881618925 0.0359375 0.04512105242559432
0 0.48671875 0.8712069964968421 0.0296875 0.03523586939505634
5 0.49296875 0.1558530634663041 0.03125 0.0416134151526907
0 0.325 0.5758142324120167 0.034375 0.041868506667959694
0 0.58125 0.4877092281599529 0.034375 0.041868506667959694
5 0.2578125 0.3078611999903017 0.0328125 0.04330346091032524
0 0.4296875 0.2969561666505028 0.034375 0.041868506667959784
0 0.6921875 0.22318472936790085 0.0484375 0.025828918486670637
0 0.51640625 0.39925237710178607 0.03125 0.03848841515269079
0 0.93203125 0.2965752055709997 0.0578125 0.028156693032477875
0 0.921875 0.26693550299562413 0.059375 0.029846738790112327
0 0.828125 0.20974449845369625 0.0609375 0.029974284547746956
0 0.09921875 0.191119594390207 0.04375 0.023883781213767018
0 0.9015625 0.20531234784487312 0.0546875 0.027901601517208708
0 0.90625 0.2197734605719695 0.0578125 0.028156693032477788
0 0.80546875 0.24206266193939702 0.0609375 0.03309928454774687
5 0.24609375 0.2580365431725607 0.034375 0.041868506667959784
0 0.91640625 0.252538163147345 0.0515625 0.026084010001939627
0 0.9078125 0.234489664814335 0.0546875 0.031026601517208797
0 0.8984375 0.1844736893601422 0.059375 0.029846738790112327
5 0.09296875 0.16819227742074513 0.065625 0.03348192182065048
0 0.896875 0.16506998511777674 0.0609375 0.03153678454774687
0 0.7625 0.4111951702743468 0.0640625 0.033354376063016035
5 0.6765625 0.7994601869442463 0.0453125 0.05057382697140156
0 0.92734375 0.2828953428439033 0.0703125 0.035427059093554016
3 0.990625 0.6581984896597046 0.01875 0.08903054909161448
5 0.07734375 0.1483739849970905 0.0671875 0.03517196757828502
0 0.240625 0.21551420332428153 0.0453125 0.05057382697140156
0 0.13203125 0.28844113347988176 0.065625 0.03348192182065048