3 0.6023686751193777 0.8880799383776405 0.08545140507947586 0.12457063206674697
3 0.8760664813956784 0.051922273860033584 0.1656646947351895 0.0991412641334942
3 0.6366246240309186 0.8604562273872212 0.08830358656782167 0.11692190637700647
3 0.9673462789407585 0.7132481982157216 0.06530744211848294 0.0813119549975255
5 0.31942467802978464 0.5405276662150877 0.037465283665263985 0.04563340456798422
0 0.2832168487183572 0.6019089015157666 0.034176592558271414 0.0407821302577247
0 0.31920639010335145 0.287733536861874 0.03412202885594055 0.03921963025772479
0 0.8912972219466677 0.6897907660581175 0.07318452885594055 0.041266809135968606
0 0.741939540373504 0.3798502792871005 0.043551592558271325 0.04127345318850324
0 0.32844750316486093 0.5971904240170037 0.03423115626060227 0.042344630257724704
5 0.4638194856568477 0.28250272501237195 0.03735615626060209 0.042508404567984305
0 0.3488368703179036 0.46384897953492776 0.03412202885594055 0.0392196302577247
5 0.36150305062512295 0.5351917130265843 0.037465283665263985 0.04563340456798422
0 0.6674653300292176 0.35401147557819884 0.037301592558271326 0.040945904567984304
5 0.375461368503805 0.4194062607425922 0.06391865626060227 0.04390048620519007
0 0.5744272135939651 0.9396357943251058 0.04053571996293322 0.04423467887824373
0 0.7640402296663981 0.34034072196015425 0.045114092558271326 0.041355340343633085
0 0.3299008426430894 0.34743940750866037 0.037465283665263985 0.0456334045679843
0 0.3757218072485449 0.5837553657855464 0.03412202885594055 0.0392196302577247
0 0.5295388103285879 0.8645029975136092 0.04387897477225664 0.05064845318850324
0 0.6711930861893034 0.9314337907070612 0.04042659255827132 0.041109678878243724
5 0.6263716595102812 0.947871018205824 0.03859127404661713 0.033215291723114146
0 0.06246534989948355 0.533644659656367 0.03579365626060225 0.042426517412854636
3 0.9736359405588384 0.3814659317073782 0.052728118882323115 0.039294873360319824
0 0.12846980661557272 0.4738325684082227 0.03735615626060227 0.042508404567984215
5 0.8572843204953887 0.6571353963158423 0.0700049651536098 0.039540534825709094
0 0.5422619773041453 0.5116303030315331 0.04985615626060227 0.043163501809022266
0 0.7661136834720803 0.6462598513133678 0.06353671034428636 0.03296298620519007
5 0.9524430530721937 0.6701499734304923 0.07636409255827133 0.04299308344622812
5 0.6473636834720803 0.652483275103229 0.08066964664195542 0.032301244911617386
5 0.37997777603035165 0.7056303657855463 0.07441964664195541 0.031973696291098364
0 0.92009925670824 0.326683256447179 0.060739092558271326 0.042174211894930556
4 0.9870635234984629 0.4338539473112105 0.025872953003074173 0.03814845318850324
0 0.8874256220471841 0.15307533808438484 0.0480208377489479 0.035269114653892555
5 0.6897247982628703 0.6776570154922906 0.08088790145127867 0.03855124491161739
5 0.988799638289253 0.48615675373364553 0.022400723421494108 0.033379066033373664
5 0.9891716605217715 0.4611158101560807 0.021656678956457044 0.03017217887824373