0 0.7792834605361343 0.8311895391935419 0.050484678878243726 0.04273287427505394
0 0.32942962969189793 0.20955871845690616 0.03591756784239593 0.09143048340326043
0 0.2469612884437537 0.14756912655013882 0.032956342152655346 0.09431868506293446
0 0.6962385871758144 0.773165396871856 0.049004066033373664 0.044176975104890735
0 0.5831167101974499 0.6201606412727786 0.04744156603337366 0.04405857593472771
5 0.7127809560135784 0.7146541572448182 0.05837906603337366 0.04488737012586874
0 0.1673379019659925 0.6038209717808984 0.0587066146538926 0.05113737012586874
0 0.37982129183465574 0.6622334325641347 0.06043288896415202 0.05438076929603195
0 0.05277079093014454 0.6627009095431252 0.03823034034363304 0.04647318091374952
0 0.10263575135473708 0.8957968294592128 0.0534459045679843 0.03984467261538001
0 0.23265079997525612 0.8922196983356816 0.05870661465389251 0.051137370125869094
0 0.0703455517842784 0.9531483107878806 0.042098968792335524 0.031203378424238794
0 0.8343704302329809 0.8795669169930804 0.056652791723114146 0.041643970955706065
0 0.5491356151041185 0.8847093159627508 0.05541784034363317 0.047775571785543036
0 0.8020392870849573 0.9361371483217485 0.03823698439616763 0.016904080083912733
0 0.942005867817652 0.9278841725921578 0.05830382293077818 0.013755769296031773