0 0.3328196495837754 0.6707427294137405 0.040906801131468204 0.048673849336070066
5 0.7284866735878806 0.7293803685665972 0.08769998789975161 0.03488406010845857
0 0.11741073467829777 0.17197901824856848 0.03777271077238851 0.04709316861791084
0 0.36648806323171657 0.013053470142162432 0.039226126463433174 0.026106940284324864
0 0.21728853571157006 0.28468303044701276 0.044031801131468117 0.048692030054229285
0 0.08214942466803503 0.020135237997947454 0.04242384933607006 0.04027047599589491
0 0.17974658733401752 0.009710822405098731 0.053243174668035034 0.019421644810197463
0 0.0684323583130605 0.07929206938003663 0.03308521077238853 0.04706589754067196
0 0.060247674471643295 0.1496545663549745 0.03303975897699045 0.03925339754067201
0 0.06645378531878658 0.5449443404572755 0.051871572208706994 0.05342498184962743
0 0.033782706765367786 0.7037335331774873 0.04871021077238853 0.04715680113146803
5 0.2649105077986401 0.8156739552132436 0.05031816256778665 0.05497839149054755
0 0.6054809656441623 0.804317256933887 0.10178066861791084 0.03809087334017534
5 0.24060435762568946 0.532212015419898 0.05347043364502548 0.05968407220870695