0 0.6444878031897228 0.5393490587292336 0.027362587005972293 0.0356121683207995
0 0.6338723858272919 0.2848798825505512 0.03052395459715278 0.037320217535011316
5 0.6831982789696877 0.1863845705160579 0.03059668977951393 0.04044521753501131
0 0.7019366272779172 0.5210313982663168 0.02896145459715278 0.03724744292790536
5 0.6914478432742364 0.23840083478408153 0.030560322188333443 0.03888271753501123
0 0.6831963193385417 0.0854941586053991 0.06478985182361115 0.03423375889134017
0 0.05753070421590316 0.4556292617868243 0.06290004350298613 0.02009848428423435
0 0.6760027215989932 0.14605066894448132 0.03059668977951393 0.04044521753501131
0 0.43036095364722227 0.04252337034944214 0.02725348423243048 0.030924668320799577
0 0.05707480290538225 0.3688377371797184 0.059738675911805574 0.018390435070022627
0 0.05116964181121557 0.35034244830458894 0.061337543502986126 0.020025709677128488
0 0.9457495643045487 0.00999981472508964 0.06453527868534721 0.01999962945017928
0 0.05598508159072949 0.3892230117868243 0.059738675911805574 0.018390435070022627
5 0.2327774388295834 0.0548543581483331 0.06457164627652778 0.02485875889134015
0 0.12662423670097253 0.3663805171635078 0.06293641109416667 0.021660984284234262
0 0.2601627821038197 0.32418440095240403 0.04723867591180557 0.01780823821317572
0 0.5277093855429514 0.0919539820124319 0.027326219414791807 0.034049668320799566
0 0.05749498983510458 0.4876968990903772 0.059775043502986125 0.019952935070022625
0 0.055550630127708736 0.4713634236974831 0.059775043502986125 0.019952935070022625
0 0.062162999618750346 0.41943705066195375 0.044113675911805574 0.017662688998963994
0 0.5948775014217021 0.9616457437992562 0.030123911094166546 0.020132717535011224
0 0.8441513499237502 0.04514948676994286 0.04727504350298588 0.01937073821317572
0 0.7946988234226045 0.1718061861079891 0.05043641109416654 0.021078787427387446
0 0.06261694129812534 0.40533816335840084 0.05036367591180557 0.017953787427387447
5 0.7662445554708335 0.058163217125235735 0.058285278685347205 0.02300516046291672
0 0.8091217332825 0.018625528126271725 0.06606141109416655 0.021806533498446013
0 0.12711519918191005 0.38747426716350775 0.059811411094166676 0.021515435070022626
0 0.24937467173083377 0.5327246470234626 0.07707164627652778 0.025440955748186944
0 0.05945622691732676 0.4375513498761655 0.053488675911805575 0.018099336641599174
5 0.702672364741389 0.048610588713022956 0.0739102786853472 0.023732906533975296
0 0.804108231382639 0.07204162655469516 0.04098867591180557 0.01751713978475229
0 0.9466782443004167 0.11545552461161505 0.05225348423243048 0.03208906203449331