0 0.23148951695862002 0.4954854856783456 0.0346318651776464 0.041548882573423464
3 0.8640389212162838 0.034231736815888134 0.14477315260503404 0.06846347363177627
0 0.2836557543432262 0.14432480476459603 0.03299659057054054 0.039867983403260476
0 0.2666864623677248 0.42508955269000365 0.036194365177646404 0.04166728174358667
0 0.5651152303598022 0.8205265715618282 0.04266268899896417 0.046828378424238794
0 0.9304213608389296 0.6659510124243327 0.0674443651776464 0.04403526514684693
0 0.5478506476471443 0.8903421640932955 0.034486315963434676 0.03842388257342364
0 0.6414360593484061 0.33519180019120387 0.039319365177646406 0.041904080083912554
5 0.2826089071576571 0.6013793655524766 0.036412688998963993 0.04635478174358667
0 0.4726173612532142 0.8508904230163651 0.03946491439185813 0.04502908008391273
0 0.8359457688206469 0.6552046118042771 0.0721318651776464 0.04439046265733602
5 0.792125148266317 0.6266069377390048 0.08165241439185814 0.0482258576783142
5 0.2783067049241267 0.5433184118182103 0.03804796360606986 0.048035680913749525
0 0.32476217390688006 0.5654884871282381 0.0312885413563289 0.03662458423309758
0 0.8921058775881523 0.6361576912634899 0.07220463978475208 0.04595296265733602
0 0.0923007384225727 0.49201971140793627 0.03626713978475229 0.04322978174358667
0 0.9583836949993293 0.6505977769464797 0.01758991439185813 0.04337149170163031
0 0.83192843445085 0.12301999645229311 0.0486943651776464 0.042614475104890734
0 0.6817676910703878 0.6559886296504166 0.06395549214211708 0.035985966806520865
0 0.7144904156347124 0.3545678396084602 0.0408818651776464 0.04202247925407558
5 0.5249974985567671 0.846142800815904 0.04793238585581072 0.05968357593472788
5 0.2701346399941493 0.4847722060093515 0.036412688998963993 0.046354781743586496
0 0.23034870202864255 0.43640648360375317 0.034486315963434676 0.03842388257342346
5 0.22010471484892413 0.3889161769650573 0.03648546360606986 0.04791728174358649
5 0.3144133329220547 0.4533912288298684 0.03804796360606986 0.048035680913749525
0 0.4986126269689799 0.9112000383683491 0.039537688998963996 0.04659158008391273
0 0.9327224929706865 0.1986810020513705 0.048112168320799495 0.03011447510489069
4 0.41207377523078764 0.6631904360886196 0.10018409057054072 0.04495914772027056
3 0.2975448182397463 0.29741391596739525 0.0544392510334573 0.0991012734452168
0 0.019368352566761837 0.5535976740652723 0.03648546360606987 0.04791728174358649
0 0.5780989197730508 0.9261962311049533 0.035757717535011224 0.03229228174358667
0 0.7388568689017001 0.3161323016410964 0.04564213978475227 0.04394017676456467
3 0.23402801199622125 0.5746993889976935 0.04458906203449331 0.05475927759440165
0 0.9390045721686878 0.2643768570303924 0.0512371683207995 0.0303512734452168
5 0.25493563316972373 0.35980809480655235 0.03655823821317572 0.04947978174358649
0 0.3230755494236087 0.5181282350536456 0.04131851282028158 0.05139747925407558
0 0.2483237983901514 0.6187686977109818 0.029580492142117176 0.033381185062934374
0 0.4568575823028821 0.6878226605688105 0.06537244292790553 0.03297936597668407
5 0.2835786716305685 0.21283800642427 0.04131851282028158 0.05139747925407558
0 0.8759695328792734 0.11345481968772844 0.0502568651776464 0.04273287427505377
5 0.271431890199037 0.08919959688114476 0.04146406203449331 0.054522479254075586