0 0.6075275735834491 0.8368655702039091 0.06117384933607006 0.04239810015828453
0 0.15223816910889015 0.2822405354976659 0.06583407825883122 0.0378469924781526
3 0.9558741699926528 0.8423520744270512 0.07848861436318444 0.06477320533113406
0 0.040226964975801006 0.7385480229612537 0.05168976502711464 0.02337531551854859
0 0.5538183289462022 0.40178352804232553 0.03457498789975162 0.03537521034569906
5 0.6765710694782324 0.11310380977906773 0.05339771077238851 0.048420779625171176
3 0.35771795024327396 0.9456795952102267 0.04894656010845857 0.08890938730530315
5 0.17109062471491726 0.8011352880049485 0.07361021682251274 0.03182431301126591
5 0.5100298839864953 0.9467155948145152 0.03620112041330899 0.04635817445232178
0 0.14281160949141086 0.694163873977468 0.06733294574527386 0.026954956584775404
0 0.13403605230981852 0.7256639265638928 0.07358294574527391 0.027136813011265914
0 0.6957229860530398 0.7147883302330389 0.0861102168225127 0.032188025864247474
0 0.623550087726801 0.23103310735092758 0.048692030054229285 0.04515938730530315
0 0.791199112516473 0.6838900197290553 0.0673602168225127 0.0316424565847754
0 0.8090785215682181 0.2959353786628285 0.04710225897699054 0.040426423198680436
0 0.6872746817983137 0.6900383828194636 0.07358294574527395 0.027136813011265914
0 0.46149745609700643 0.8301789641731296 0.034629530054229286 0.04475021034569906
3 0.0515189889799061 0.6772922742148948 0.08456589754067197 0.03526756175762476
0 0.2119974258463854 0.7515157212327587 0.0736193071815924 0.03338681301126591
0 0.8937564859548441 0.6441933707452697 0.0595295361043533 0.028290136051661818
0 0.031033772157393363 0.7075708076009897 0.03918976502711465 0.02301160266556703
5 0.9720996545727548 0.6044201654141357 0.048655668617910666 0.038909387305303154
5 0.008175593482337585 0.16381244741357526 0.01635118696467517 0.04112510517284949
0 0.8484137323406067 0.2479237759972615 0.05962043969514959 0.04391513605166182
5 0.9144705243968886 0.17179553351910887 0.06592498184962743 0.0534719924781526
5 0.9061620789462023 0.3915313719989109 0.06587953005422946 0.0456594924781526
3 0.8258104618525429 0.6422648093833564 0.18017837939029918 0.08960337226160817