0 0.3284064545502477 0.7158648643490769 0.030123876623205436 0.026382717535011223
0 0.8311768985438933 0.759610787837163 0.033248876623205345 0.02652826674922295
0 0.1559490276027307 0.7860210448709856 0.031686376623205434 0.026455492142117266
0 0.03644505114168103 0.7788912874273874 0.0285341030842551 0.02474744292790554
0 0.38680138149776466 0.6403961375084407 0.025409103084255057 0.024601893713693812
0 0.33748717411143847 0.6435724873846063 0.031659103084255055 0.024892992142117265
0 0.07552118791115621 0.7799294026050339 0.026971603084255103 0.0246746683207995
0 0.2747672114501065 0.7876456650110308 0.033276150162155814 0.02809076674922295
0 0.4266587682672399 0.6414706399896402 0.025381829545304768 0.02303939371369381
0 0.0034878697266418754 0.775473034946188 0.006975739453283751 0.022821069892376044
0 0.19662857468063138 0.7847881846557379 0.030123876623205436 0.026382717535011223
0 0.2412280085280072 0.7829560109582548 0.022229556006354477 0.021331344499482086
0 0.792728053170276 0.7226351726595166 0.028506829545304768 0.02318494292790536
0 0.692739510149565 0.53814454859053 0.02748980032431163 0.0543621683207995
0 0.41939173904624666 0.6098567669541108 0.020639782467404187 0.019696069892376045
0 0.5755506412402926 0.9761088515287953 0.01660684740221221 0.04778229694240928
5 0.7941229577966586 0.6875153099630695 0.042623876623205346 0.02696491439185813
0 0.8332536416440345 0.685428425140716 0.031795470779006865 0.032705492142117265
5 0.592369948464463 0.9882278618678775 0.016525026785361163 0.023544276264244955
0 0.5540477881560376 0.9896983165826072 0.014880706168510116 0.020603366834785676