1 0.6157419412981253 0.4537513780232533 0.07136716014423605 0.050640462657336016
0 0.7783705342880213 0.5386027425500448 0.03662848423243048 0.032410680913749525
0 0.3344367367009725 0.39656122697899054 0.03662848423243057 0.032410680913749525
0 0.6034452291015283 0.6290706867365415 0.03986258700597212 0.037334979254075584
0 0.40370633434361186 0.9601985971048593 0.02478310087368065 0.05958848755244546
0 0.30323355565826465 0.9323085502144259 0.024892203647222288 0.06427598755244546
0 0.14712957313826389 0.022067021995324253 0.022384146276527784 0.023532588382282338
0 0.3879176801832994 0.9519833554032292 0.023220600873680653 0.059470088382282425
0 0.32134777602298686 0.9399201406713006 0.02808993882958344 0.06763778589277152
0 0.5228991714464934 0.38510627656871643 0.04142508700597212 0.03745337842423861
0 0.49794599040378545 0.9213271964848039 0.02478310087368065 0.05958848755244546
0 0.14142965947864605 0.27977277821910157 0.02292966014423614 0.04697008838228234
5 0.3204995636389586 0.3003607332027678 0.046076219414791716 0.03624607593472771
0 0.30559157019156313 0.7320600964801594 0.019841027735416718 0.04829579004195637
0 0.1810552039315627 0.2734169570582587 0.047966027735416715 0.050426975104890734
0 0.22347909327423637 0.28676998465266035 0.04298758700597229 0.03757177759440165
0 0.2772015456871876 0.1824386047785292 0.02478310087368065 0.05958848755244537
0 0.13027134109003483 0.13543078236828646 0.028053571238402863 0.06607528589277142
0 0.1573241503605904 0.12500276784613937 0.028199041603125075 0.07232528589277139
0 0.18123442904593762 0.14709125539858472 0.021330792553055568 0.04528918921211931
5 0.1474965151019793 0.20536477406991666 0.031178571238402862 0.0663120842330974
5 0.1616103004368403 0.041101364526791466 0.026345600873680607 0.05970688672260839
0 0.2526892421162153 0.03396521598132837 0.04600348423243057 0.0331210759347277
0 0.6003397193178825 0.6966842392260524 0.035611498100139014 0.05572978174358667
0 0.5488330771254173 0.7621899174405097 0.028053571238402953 0.06607528589277134
0 0.5057922451534381 0.789343490675945 0.029761541603125073 0.07244368506293437
0 0.2861006070450355 0.9333499093426326 0.03114220364722229 0.06474958423309758
0 0.3195475802595493 0.8625763906713007 0.026345600873680652 0.05970688672260849
0 0.33757088164632015 0.8662817311281753 0.028053571238402776 0.06607528589277152
0 0.3392256070450355 0.9373754811281753 0.026418336056041714 0.06283188672260849
0 0.3557409598185772 0.9433061724148871 0.02630923328249999 0.058144386722608486
0 0.37280117324944523 0.9391398132866804 0.02143989532659729 0.049976689212119396
0 0.42167508434361184 0.961560187561734 0.023147865691319325 0.05634508838228243