0 0.49928128200785976 0.7348184903132634 0.038013452229573017 0.03052395459715278
3 0.7590311565528329 0.08763044652593685 0.06444454827463009 0.11849673328250003
3 0.4968061280529169 0.6475185120647564 0.08921531930985208 0.048875217514930645
0 0.2856011942606759 0.7343321003049997 0.03143567029858776 0.025690984232430658
0 0.4039577103522192 0.6925783985576385 0.04113845222957302 0.03059668977951393
0 0.5383873406740501 0.6886695357161107 0.04102919158591121 0.02903418977951393
0 0.3872661451528665 0.31779725731510383 0.038231973516896466 0.03364895459715278
0 0.6880916817754287 0.4886305552834022 0.021776447033792935 0.06602504350298624
0 0.4342736410423672 0.7386714953472565 0.04124771287323483 0.03215918977951393
0 0.6047914068049345 0.02126061716466989 0.0377620799535137 0.04252123432933978
0 0.556709185885928 0.06972016717499953 0.039433840597175515 0.0508364545971528
0 0.42795648315215196 0.24899205271795105 0.038450494804219915 0.03677395459715278
3 0.6496740379599445 0.5472431422893744 0.037882048274630084 0.11787848423243066
0 0.848805306649378 0.5215488920050341 0.04291947351689629 0.033758057370694414
0 0.8705324772000672 0.42276589988881874 0.04135697351689629 0.03372168977951393
0 0.5436322155479993 0.7252064477602078 0.029763909654926125 0.024092116641249994
0 0.4835359497085575 0.6922861514074301 0.04124771287323466 0.03215918977951375
0 0.7093179276649295 0.910104858570034 0.02155792574646931 0.06290004350298588
0 0.3853612576184432 0.8692863689223607 0.038013452229573017 0.03052395459715278
5 0.4005484870874243 0.6520988689223607 0.04270095222957302 0.030633057370694418
0 0.3100873780529169 0.651864439210833 0.04113845222957302 0.030596689779513752
0 0.7155293588592804 0.8101230423656244 0.02355746832111638 0.06918641109416654
0 0.35703915168602895 0.7389091911106941 0.04113845222957302 0.03059668977951393
0 0.6657150291578683 0.7863231728745828 0.02155792574646931 0.06290004350298624
3 0.13483418588592805 0.07953941679374987 0.07825567599857094 0.1375376740119445
0 0.429280866400849 0.9439220398001732 0.036341691585911204 0.028925087005972117
0 0.39627479441623237 0.222430205928333 0.03888753737886681 0.04302395459715278
5 0.8387525994761266 0.4422250679168395 0.03823197351689629 0.03364895459715278
0 0.34554427681207966 0.7025177494313192 0.04113845222957302 0.03059668977951393
3 0.7554552363311198 0.8637922498125686 0.03544546312533629 0.10534211664124982
0 0.8756830610119788 0.025881861038576027 0.03329310124083733 0.051763722077152054
0 0.9417137085106339 0.44216855689892276 0.04470049480421991 0.03691942496187508
0 0.6319359728374664 0.9236056205378812 0.021776447033792935 0.06602504350298588
5 0.7138832754746974 0.3094151807583675 0.030463032183086724 0.07870688145888885
0 0.8639111366028918 0.4728386350711798 0.04470049480421991 0.03691942496187508
3 0.6839772541873739 0.31323116499079806 0.05161676634364483 0.11351829255305557
0 0.6445212702789173 0.27515058995267305 0.042307468321116204 0.06962282218833345
0 0.24680966200071452 0.06211356781993035 0.04623014381548422 0.058794424961875036