0 0.60078125 0.65546875 0.0265625 0.0203125
0 0.0078125 0.30234375 0.015625 0.01875
0 0.00859375 0.32734375 0.0171875 0.01875
0 0.0640625 0.3859375 0.02734375 0.021875
0 0.209375 0.67421875 0.02734375 0.02265625
0 0.09453125 0.203125 0.0234375 0.0203125
5 0.6828125 0.59609375 0.02890625 0.02109375
0 0.684375 0.62421875 0.0265625 0.01953125
0 0.09375 0.178125 0.02421875 0.01953125
0 0.0578125 0.7203125 0.0265625 0.02109375
0 0.67265625 0.696875 0.0265625 0.021875
0 0.009375 0.3484375 0.01875 0.01875
0 0.05390625 0.14296875 0.02265625 0.01875
0 0.10234375 0.3796875 0.02734375 0.0203125
0 0.76171875 0.59375 0.025 0.01953125
0 0.5609375 0.69453125 0.028125 0.02109375
0 0.8296875 0.5921875 0.03046875 0.021875
0 0.875 0.58984375 0.02890625 0.02109375
0 0.0109375 0.41875 0.01953125 0.0171875
0 0.2453125 0.30859375 0.02109375 0.01875
0 0.71875 0.59296875 0.021875 0.01875
0 0.2453125 0.3328125 0.01953125 0.01953125
0 0.09609375 0.2453125 0.02421875 0.0203125
0 0.01015625 0.37421875 0.0203125 0.01953125
0 0.60078125 0.62578125 0.025 0.01953125
0 0.18125 0.14296875 0.025 0.01953125
0 0.24921875 0.37890625 0.0203125 0.01953125
0 0.1828125 0.16484375 0.025 0.0203125
0 0.64921875 0.5953125 0.0234375 0.01796875
0 0.0078125 0.2828125 0.01484375 0.01953125
0 0.15390625 0.26015625 0.02578125 0.021875
0 0.24609375 0.35390625 0.01875 0.01875
0 0.05546875 0.1640625 0.0234375 0.0203125
0 0.15546875 0.3265625 0.021875 0.01953125
0 0.14765625 0.1484375 0.02421875 0.0203125
0 0.1859375 0.275 0.025 0.021875
0 0.96875 0.68125 0.0265625 0.02109375
0 0.084375 0.06875 0.025 0.01953125
0 0.18046875 0.11796875 0.02421875 0.01953125
0 0.19140625 0.3671875 0.025 0.01953125
0 0.175 0.009375 0.025 0.01796875
0 0.06328125 0.34140625 0.025 0.01875
0 0.1890625 0.34140625 0.0234375 0.01953125
0 0.515625 0.55859375 0.0265625 0.02265625
0 0.60078125 0.59765625 0.025 0.01953125
0 0.41328125 0.70546875 0.02734375 0.02265625
0 0.00625 0.23671875 0.0125 0.0203125
0 0.08984375 0.1140625 0.0265625 0.0203125
0 0.946875 0.5578125 0.02890625 0.021875
0 0.08203125 0.02421875 0.02578125 0.0203125
0 0.459375 0.49921875 0.01875 0.03359375
0 0.64453125 0.6234375 0.02734375 0.01875
0 0.1671875 0.403125 0.02265625 0.01953125
0 0.153125 0.30234375 0.01875 0.01796875
0 0.25390625 0.40078125 0.02109375 0.01875
0 0.8078125 0.7171875 0.02734375 0.02109375
0 0.1890625 0.3203125 0.02421875 0.01953125
0 0.23671875 0.15625 0.02109375 0.0203125
0 0.0640625 0.3609375 0.025 0.01875
0 0.15625 0.37265625 0.0203125 0.01875
0 0.17578125 0.053125 0.02265625 0.0203125
0 0.04921875 0.009375 0.02265625 0.01796875
0 0.00625 0.19375 0.0125 0.021875
0 0.01171875 0.4375 0.021875 0.01796875
0 0.08203125 0.00625 0.02421875 0.0125
0 0.18359375 0.2296875 0.0234375 0.01953125
0 0.05234375 0.0984375 0.021875 0.01875
0 0.0921875 0.15859375 0.025 0.02109375
0 0.1171875 0.47890625 0.01171875 0.0453125
0 0.8296875 0.68359375 0.02890625 0.021875
0 0.1453125 0.0796875 0.0234375 0.01953125
0 0.09921875 0.31015625 0.02421875 0.0203125
0 0.0984375 0.28828125 0.02578125 0.01953125
0 0.0578125 0.2296875 0.02578125 0.0203125
0 0.09765625 0.26875 0.02265625 0.01796875
0 0.15 0.19140625 0.02421875 0.0203125
0 0.05625 0.49140625 0.01171875 0.046875
0 0.14140625 0.0140625 0.02421875 0.021875
0 0.04921875 0.053125 0.02265625 0.01953125
0 0.059375 0.253125 0.0234375 0.01875
0 0.73515625 0.625 0.02734375 0.02109375
0 0.15625 0.47265625 0.01015625 0.04140625
0 0.05625 0.1859375 0.02265625 0.01796875
0 0.175 0.02734375 0.02578125 0.01953125
0 0.0609375 0.275 0.025 0.01953125
5 0.23828125 0.72578125 0.0296875 0.02109375
0 0.146875 0.10390625 0.0234375 0.01875
0 0.053125 0.1171875 0.021875 0.01953125
0 0.10078125 0.3546875 0.02578125 0.0203125
0 0.05703125 0.20859375 0.025 0.01875
0 0.1296875 0.47890625 0.01171875 0.04453125
0 0.2296875 0.04609375 0.01484375 0.0203125
0 0.1015625 0.33515625 0.0234375 0.01953125
0 0.19140625 0.46796875 0.0109375 0.04140625
0 0.15390625 0.28125 0.02421875 0.01953125
0 0.14296875 0.05859375 0.01953125 0.01953125
0 0.184375 0.2109375 0.02421875 0.0203125
0 0.18046875 0.46953125 0.01015625 0.0421875
0 0.05 0.02890625 0.02421875 0.0203125
0 0.21796875 0.4640625 0.0109375 0.04453125
0 0.0890625 0.0921875 0.0265625 0.0203125
0 0.4328125 0.97265625 0.0125 0.05390625
0 0.08359375 0.05 0.02578125 0.01875
0 0.25234375 0.42421875 0.02578125 0.021875
0 0.11640625 0.134375 0.01328125 0.04375
0 0.23125 0.46171875 0.01015625 0.04296875
0 0.15 0.16953125 0.0234375 0.01953125
0 0.38046875 0.31953125 0.01171875 0.0484375
0 0.16796875 0.47109375 0.0109375 0.04375
0 0.20625 0.46640625 0.01015625 0.04140625
0 0.08046875 0.48359375 0.0125 0.04609375
0 0.35703125 0.19453125 0.01328125 0.0484375
0 0.0609375 0.31953125 0.02578125 0.0203125
0 0.98125 0.90703125 0.0140625 0.04921875
0 0.0890625 0.13125 0.02421875 0.01953125
1 0.0421875 0.61015625 0.05859375 0.03203125
0 0.15546875 0.3484375 0.0203125 0.0171875
0 0.36171875 0.2828125 0.01171875 0.04453125
0 0.76796875 0.559375 0.028125 0.02109375
0 0.15234375 0.23515625 0.02265625 0.01953125
0 0.1453125 0.4765625 0.01015625 0.04296875
0 0.096875 0.225 0.02578125 0.01875
0 0.18515625 0.25390625 0.02578125 0.01875
0 0.409375 0.24140625 0.0125 0.046875
0 0.1515625 0.21484375 0.021875 0.01953125
0 0.38515625 0.01171875 0.0125 0.0234375
0 0.06171875 0.29609375 0.02265625 0.01796875
0 0.1375 0.990625 0.0265625 0.01875
0 0.1390625 0.034375 0.02109375 0.01875
0 0.334375 0.01953125 0.0109375 0.0390625
0 0.05 0.07421875 0.02265625 0.01875
0 0.22890625 0.00546875 0.01796875 0.01015625
0 0.24296875 0.28828125 0.01953125 0.01640625
0 0.23515625 0.08984375 0.01640625 0.01875
0 0.18125 0.0953125 0.025 0.02265625
0 0.18515625 0.1859375 0.025 0.0203125
0 0.14765625 0.12421875 0.021875 0.01875
0 0.23125 0.06640625 0.015625 0.01796875
0 0.00390625 0.125 0.0078125 0.01953125
0 0.45 0.975 0.0140625 0.05
0 0.4484375 0.90703125 0.0125 0.05
0 0.0046875 0.146875 0.009375 0.021875
0 0.0046875 0.165625 0.009375 0.01796875
0 0.0046875 0.103125 0.009375 0.01875
0 0.00234375 0.08203125 0.0046875 0.01875
0 0.00703125 0.21640625 0.01328125 0.0234375
0 0.00703125 0.25390625 0.01328125 0.021875
5 0.01015625 0.39296875 0.0203125 0.02578125
0 0.0125 0.45859375 0.02421875 0.0203125
0 0.04296875 0.49140625 0.0125 0.04296875
0 0.2328125 0.13359375 0.01171875 0.0265625
0 0.234375 0.1078125 0.021875 0.0171875
0 0.22734375 0.02265625 0.01875 0.02421875
0 0.17890625 0.0734375 0.02734375 0.01875
0 0.18828125 0.2953125 0.025 0.02265625