0 0.24407208263756924 0.2357436327739162 0.08975348423243057 0.03643625269929238
0 0.6659197538966313 0.6740408126387585 0.040226262917777866 0.052959979254075584
0 0.6801296838924995 0.5661215688625358 0.038591027735416714 0.049716580083912734
0 0.07254257475378452 0.23392379149184878 0.08666485182361114 0.03776195435896632
0 0.7324909644777078 0.594908497076993 0.03848192496187508 0.04502908008391256
0 0.7852165741851036 0.5745358748765318 0.035393292553055566 0.04635478174358667
0 0.21378451738309004 0.26377446700701357 0.09760235182361114 0.03859074855010754
0 0.7728971057202425 0.6347396690676729 0.036883057370694416 0.04334818091374952
0 0.8158983040491311 0.8311284943777008 0.040080792553055744 0.04670997925407576
0 0.7182635038966313 0.6700744404382972 0.05301720364722229 0.06640717261537965
0 0.8405944052071522 0.5742389543357443 0.04327852773541672 0.050071777594401644
0 0.9346119364579508 0.8236926574453107 0.029252395326597024 0.05056868506293455
0 0.8752733040491311 0.8266293259115057 0.04662173328250034 0.05968357593472753
0 0.9237640490151382 0.8876843024662889 0.037283100873680294 0.0605356809137497
0 0.918322627756076 0.41783374375300075 0.05116376291777769 0.05378877344521662
0 0.8568584508943399 0.4115730109744402 0.046548998100139016 0.056558575934727705
0 0.9272833197197915 0.23388479624251168 0.04669446846486096 0.0628085759347277
0 0.8822624136596179 0.1912838217623209 0.03880923328250034 0.0590915800839126
0 0.9386423130702777 0.04741449997677806 0.04981946846486096 0.06304537427505374
0 0.39830302811666635 0.34415701617253225 0.10090918977951394 0.04664004689043359