0 0.1625 0.346875 0.0328125 0.0265625
0 0.65546875 0.5390625 0.02890625 0.021875
0 0.30078125 0.56484375 0.03046875 0.02265625
0 0.67421875 0.36875 0.02890625 0.02265625
0 0.48125 0.3609375 0.03046875 0.02578125
0 0.321875 0.35859375 0.03359375 0.02578125
0 0.8375 0.5609375 0.0328125 0.0265625
5 0.7234375 0.3203125 0.03671875 0.028125
5 0.3421875 0.32109375 0.0375 0.0265625
0 0.934375 0.0609375 0.0125 0.059375
0 0.4578125 0.9140625 0.0140625 0.059375
0 0.6421875 0.8765625 0.0140625 0.059375
0 0.54296875 0.94765625 0.01171875 0.05390625
0 0.82578125 0.05546875 0.021875 0.046875
0 0.78203125 0.21171875 0.01484375 0.05390625
0 0.528125 0.946875 0.0125 0.0546875
5 0.88984375 0.3171875 0.0234375 0.06640625
0 0.93203125 0.1953125 0.015625 0.0625
3 0.78515625 0.60625 0.05078125 0.0359375
0 0.64609375 0.946875 0.01171875 0.05546875
0 0.56015625 0.946875 0.01171875 0.05390625
0 0.86484375 0.32265625 0.02265625 0.053125
0 0.62578125 0.94609375 0.01171875 0.05546875
0 0.8828125 0.20234375 0.0125 0.04375
0 0.62265625 0.87734375 0.0140625 0.0546875
0 0.46875 0.7578125 0.015625 0.0625
0 0.5953125 0.94375 0.0140625 0.05234375
0 0.6640625 0.9546875 0.0125 0.05859375
0 0.57578125 0.94375 0.0125 0.0515625
0 0.6734375 0.746875 0.01171875 0.04453125
0 0.6078125 0.94140625 0.0125 0.05625
3 0.15703125 0.9421875 0.07265625 0.08828125
5 0.225 0.5296875 0.0421875 0.028125
0 0.81953125 0.32734375 0.0390625 0.034375
0 0.9078125 0.12421875 0.01953125 0.06328125