3 0.48095482505966264 0.48888385308755034 0.08038101282028158 0.04980117694751698
3 0.6645442669541108 0.41843716518298474 0.09484592721213972 0.09220686525911966
3 0.5532193151348652 0.3281179026010831 0.05828768899896399 0.04473184740221221
3 0.24708086269193785 0.9402044399364557 0.0927397717116218 0.11402731818121907
0 0.019512095118654545 0.2678460190747235 0.015590766749223006 0.033057961850553055
3 0.7934055134394541 0.28092175406378034 0.047863919354256976 0.12261138555165925
0 0.3942255363894209 0.8930685669666983 0.04302656203449331 0.052271612012708954
0 0.1908349392038518 0.4376521842544129 0.03255994292790545 0.028670470779006862
0 0.4580930597581817 0.4009298855549545 0.042298815963434676 0.036646612012708954
0 0.900098623240417 0.38930522403200823 0.044006865177646404 0.039798885551659155
3 0.9052614280362 0.7183887520351855 0.05709337014004525 0.11965002678536116
0 0.5121663995001529 0.7393241838506711 0.04102741439185813 0.04286933847375849
0 0.9255311943711384 0.901777950493058 0.0421190334984459 0.06630683847375848
5 0.026622581884088205 0.37014885876629794 0.020496590570540575 0.0378272824674041
0 0.9593837320079228 0.4031262163213706 0.044006865177646404 0.03979888555165907
0 0.4839343916422699 0.7710923810907275 0.039537688998963996 0.0444045649348082
0 0.5331810285315381 0.9219184955390685 0.041391287427387444 0.05068183847375849
0 0.9598953083104398 0.44768473986032087 0.03583049214211727 0.03185001785690744
5 0.5766717777074778 0.27766788920840246 0.04542381596343468 0.03670115909060954
0 0.5167059646395271 0.13172018953271397 0.04488016046291676 0.05854888555165916
0 0.7712652636443419 0.6785058660764892 0.037577082712657625 0.06935001785690745
0 0.46379736600170673 0.674490116480231 0.0408818651776464 0.03974433847375849
5 0.9074423963997809 0.44625465341515724 0.05032963978475209 0.04147047970746058
0 0.6640840405277594 0.3246189813356089 0.0494948858558109 0.0570682061685102
0 0.5926478422231705 0.36886958766627487 0.045569365177646405 0.039826159090609534
0 0.31833704693790016 0.35489245698258437 0.04059076674922295 0.03349433847375849
0 0.8545786854797981 0.8389018494373979 0.04077485731976367 0.07096706493480838
0 0.42654753742738744 0.04259523417498269 0.04222604135632881 0.035084112012708835
0 0.3935039050862333 0.12214241234031568 0.042298815963434676 0.03664661201270882
0 0.4474105024766901 0.9773657004897626 0.026455492142117266 0.03168637662320535
0 0.3435020984239142 0.9455583672910098 0.034922963606069855 0.04588524431795733
0 0.8108414939996347 0.7560035746806314 0.03892125889134022 0.06468979139585791
0 0.746569170592602 0.6015303088523188 0.032816808105551945 0.0677056972400564
5 0.8245379669113296 0.714324589291128 0.04767982878371626 0.08513865909060954
2 0.7175963765501859 0.13055928977759532 0.08755146567298447 0.23727390340856663
0 0.7768195967712843 0.5963109748427872 0.03481595574818712 0.07710797077900686
3 0.5875260802269492 0.963973581984232 0.03684933664159917 0.05372501785690744
0 0.4338613854415261 0.1996264841749827 0.04549659057054054 0.03826365909060954
4 0.6484635802269492 0.9629099139651688 0.03768409057054054 0.03812729139585791
5 0.8992961801031146 0.9092728506552138 0.04553513192686935 0.07261138555165943
3 0.7548802067816442 0.1588382483817375 0.043321968568468705 0.12565456493480814
0 0.8764344148016336 0.8213188831226178 0.04142982878371626 0.08502956493480802