1 0.68671875 0.59296875 0.08125 0.03828125
0 0.12265625 0.6125 0.03203125 0.02421875
0 0.76953125 0.4875 0.034375 0.02578125
0 0.0796875 0.58046875 0.0265625 0.0203125
0 0.846875 0.546875 0.0296875 0.02421875
0 0.5078125 0.34921875 0.03125 0.025
0 0.825 0.46875 0.028125 0.046875
5 0.5296875 0.39609375 0.025 0.0203125
5 0.72265625 0.3125 0.03671875 0.02890625
0 0.81953125 0.32578125 0.0390625 0.028125
0 0.86875 0.3484375 0.02890625 0.06015625
0 0.57734375 0.94140625 0.0140625 0.04921875
0 0.6421875 0.8703125 0.01328125 0.05859375
0 0.6640625 0.95078125 0.01328125 0.05625
0 0.54453125 0.94609375 0.01171875 0.05390625
0 0.52890625 0.95078125 0.01328125 0.05546875
0 0.93359375 0.05859375 0.01328125 0.059375
0 0.8265625 0.053125 0.02109375 0.04453125
0 0.6265625 0.94453125 0.01171875 0.05625
0 0.46875 0.75625 0.015625 0.0625
0 0.64375 0.9421875 0.01328125 0.06328125
0 0.78125 0.20625 0.0140625 0.05234375
0 0.6734375 0.74375 0.01171875 0.0453125
0 0.56171875 0.940625 0.01171875 0.05546875
0 0.59609375 0.940625 0.0140625 0.0515625
0 0.8828125 0.19921875 0.01328125 0.046875
0 0.6234375 0.87265625 0.0140625 0.05546875
0 0.6109375 0.94296875 0.0125 0.05546875
0 0.4578125 0.88671875 0.0140625 0.06171875
5 0.69375 0.4734375 0.03984375 0.03046875
3 0.15546875 0.94453125 0.071875 0.0828125
0 0.39453125 0.6453125 0.02265625 0.059375
0 0.90390625 0.2078125 0.01875 0.065625
0 0.9328125 0.19296875 0.01796875 0.059375
0 0.91484375 0.03125 0.01171875 0.05078125