3 0.3477182543432262 0.17261098011120235 0.09520980024766904 0.10001936525911974
3 0.28638049400414395 0.1801410620921391 0.06050516046291676 0.05882162094116259
0 0.4161556153870435 0.5162712512145207 0.04266268899896399 0.04445911201270878
0 0.14130343445085006 0.18933700973923265 0.03961046360606986 0.045967064934808156
0 0.2742892547575109 0.32223310470581285 0.0643193651776464 0.04015344155801355
0 0.4756269687778656 0.4313019618472578 0.039319365177646406 0.0397170649348082
0 0.42635256079614814 0.4484252321397973 0.03946491439185813 0.04284206493480802
0 0.5441392584815646 0.7397787094116258 0.05225601282028158 0.049310253246410876
0 0.49157083829873816 0.5590275413925625 0.04749573821317572 0.04766593262955983
3 0.06638267121628369 0.08560230925276531 0.05130994292790545 0.028997753246410872
0 0.18868785670059104 0.17921771590774283 0.03961046360606986 0.0459670649348082
0 0.5549635200589919 0.23877927110002303 0.07496576674922295 0.03409435633066593
0 0.43495696526320893 0.5658581939903502 0.04578768899896417 0.04451365909060954
0 0.21879919582338955 0.08669897930042345 0.03790241439185813 0.042814791395857824
5 0.031261673595039174 0.5102204797074605 0.06252334719007835 0.04815685633066593
0 0.7078656565384845 0.8841577751572128 0.045787688998963995 0.04451365909060954
0 0.226971260753367 0.14626489407307583 0.039537688998963996 0.044404564934808155
5 0.5186748397464803 0.615014488632619 0.04905823821317572 0.04769320616851012
0 0.4508045971900783 0.494201382301953 0.04429796360606986 0.046048885551659244
5 0.7508324840793466 0.3477526708551418 0.07162244292790554 0.02935230925276535
5 0.6856120525239806 0.2707713851413268 0.08477741439185812 0.043632997564368024
3 0.5665495293646168 0.32577075648952647 0.1002568651776464 0.040780732953871454
5 0.38380118776061894 0.455501346588138 0.04444351282028158 0.049173885551659066
3 0.043448131307696904 0.3719937767853613 0.08689626261539381 0.047112553570722505
0 0.004638188379791467 0.41899546185055303 0.009276376759582934 0.028615923701106105
0 0.47337945637186873 0.6306434427725343 0.042735463606069855 0.046021612012708955
0 0.7648413643535861 0.6177475710172976 0.052037688998964174 0.04462275324641105
3 0.29585400144774204 0.06067799593951493 0.0541823858558109 0.057150026785361206
5 0.43582402998378933 0.07719511444504554 0.04764128742738745 0.050790932629559846
0 0.8082981118723869 0.6583822536468574 0.058578787427387626 0.05098184740221221
5 0.12708473076957763 0.07493359050235339 0.03561216832079959 0.027162517856907487
0 0.01605518548430734 0.2034795560063544 0.03211037096861468 0.04133411201270878
5 0.13576621794929605 0.12356200527500576 0.0463698858558109 0.057013659090609535
0 0.1498114855270886 0.3927756554371616 0.06373716832079959 0.027653441558013546
0 0.17900894975233098 0.10164214082666494 0.03790241439185813 0.042814791395857824
0 0.915862478702663 0.2794817321365019 0.07540241439185813 0.04346935633066593
5 0.5575234398275335 0.2677537049473989 0.060757717535011226 0.03072389448011297
5 0.2608581474377473 0.3923683267026357 0.07794521753501123 0.03102390340856669
0 0.12104205273337758 0.8090182642034595 0.081725188998964 0.04514095048646745
5 0.8375233471900783 0.5009515831921622 0.06490156203449331 0.05265344155801373
5 0.8152096612914862 0.25817770210472984 0.08506851282028158 0.04988299756436802
5 0.6737135200589919 0.2408520600602489 0.09756851282028159 0.0501011858759707