5 0.6706471883088823 0.5683273063238546 0.046767351411925874 0.051054660144236055
0 0.3977338401956617 0.3290050075025351 0.04001724623907634 0.03372168977951393
5 0.5899129800082473 0.3068975374221533 0.04318771034569906 0.03535692496187508
5 0.6741886916075875 0.2854057035503131 0.04006271034569906 0.03528418977951393
5 0.7148183886254513 0.44739786369454926 0.04475021034569906 0.03539329255305575
0 0.59066755397308 0.9526646323119102 0.025119671945039102 0.05835801386770854
0 0.6056931603995708 0.9467601244281255 0.023466243731793845 0.05519664627652787
0 0.6706936862638182 0.8622773280753477 0.0266821719450391 0.058394381458888846
0 0.691119846530375 0.858843856760695 0.028335600158284534 0.06155574905006951
0 0.732607911520198 0.02408765026368117 0.028534176959604095 0.014717116641250022
0 0.6990724020197935 0.7198722757386464 0.020068459092057723 0.045748911094166546
0 0.6608977667595545 0.4735051155944102 0.04355142319868044 0.04785692496187508
0 0.7258154437856655 0.9292297451534381 0.02516513605166182 0.05992051386770854
5 0.779707602732074 0.44734461872854236 0.047920674452321774 0.03702852773541672
0 0.7728762441940122 0.27910311179468816 0.044704746239076346 0.033830792553055565
0 0.6859034976257317 0.930646121578334 0.025119671945039102 0.05835801386770854
0 0.6207642309326842 0.9392931165443408 0.025119671945039102 0.05835801386770854
0 0.8122606561099216 0.13460888259625067 0.023193459092057722 0.04582164627652778
0 0.6702557655724203 0.9310636956665285 0.02516513605166182 0.05992051386770854
0 0.7143399816575999 0.16829159194305615 0.025028743731793847 0.05523301386770836
0 0.6560796053058635 0.9346426373459034 0.023466243731793845 0.05519664627652787
0 0.6364119629859954 0.9388755424561464 0.023420779625171306 0.05363414627652787
0 0.8602578869095918 0.12399934412725766 0.03325042069139812 0.06947735182361114
0 0.4996885159681316 0.774646775454306 0.028381064264907253 0.0631182490500695
3 0.2190820589876449 0.9843769596311459 0.09323317445232168 0.031246080737708227
0 0.7040541040522224 0.9248143488769103 0.026909492478152684 0.0662068814588892
0 0.8726188652684865 0.5589562255861467 0.04966503087881265 0.04331489532659738