3 0.5409613511977669 0.33742027029167193 0.06026911465389269 0.047211343285945874
3 0.29304274536184327 0.9560323522629364 0.10310506784239593 0.08793529547412718
3 0.48837966304726893 0.48160154146710665 0.0889673247398008 0.05831246974937905
0 0.2147020663720578 0.2667931111417309 0.044070904567984306 0.03618293969514976
3 0.29009264925245903 0.5429288851458359 0.08419793758467105 0.05672269867214012
0 0.8921044493433161 0.3761707155459665 0.049167840343633175 0.04402271077238851
0 0.5220321302577248 0.0358395895735127 0.04718926051544958 0.0658795300542293
0 0.44020443464399506 0.4118112162333375 0.04415279172311415 0.03774543969514958
2 0.6385323920163698 0.35126512255460823 0.15317366689245623 0.15084540339440444
0 0.15547863183960448 0.5077812046240685 0.04571529172311406 0.03775453005422928
3 0.8517261900710619 0.5594735740554186 0.061320359565510074 0.12688066256778646
0 0.9527520222740946 0.3858956943705318 0.047523453188503595 0.042451120413308896
0 0.9650571862258748 0.8889388811388151 0.048833647670579336 0.06745112041330899
1 0.7650008802577248 0.03725314041039326 0.08625176051544958 0.06610678903121973
0 0.348999580505552 0.43002488504764014 0.048922178878243724 0.03933521077238851
5 0.034213384214453677 0.3547784035907962 0.03321529172311405 0.0376818071815924
0 0.5384426973071511 0.7513418697259379 0.04448034034363317 0.04399543969514959
5 0.23938556309269748 0.3950226502711465 0.05221095318850324 0.04247839149054773
0 0.5768888008797672 0.9335412913689108 0.04653416327441153 0.05337953005422946
0 0.4845087918346557 0.6908901830558503 0.042672178878243726 0.039298849336070064
5 0.9050858061952927 0.430136052879984 0.05237472749876275 0.04560339149054773
0 0.9567301933504222 0.43199853472961147 0.03773901741285428 0.03458407825883114
0 0.5137226582975705 0.7863435836215844 0.04464411465389269 0.047120439695149584
5 0.5593528250784852 0.28598049013924676 0.048922178878243724 0.03933521077238851
3 0.6666010018090223 0.05230090260883754 0.06132700361804453 0.09720225292686624
0 0.8901933050636387 0.8314894746211529 0.04587242198083885 0.07055793969514959
0 0.7546277035271876 0.2714963302037388 0.03156426051544958 0.06578862646343309
0 0.42648277136958335 0.35862258371978023 0.04094590456798421 0.03616475897699045
0 0.7905983395506635 0.6747076886149952 0.040939260515449584 0.06584316861791084
0 0.436597993552821 0.9092947494108248 0.04645227611928178 0.05181703005422946
0 0.388926381162236 0.05927656869266558 0.04579717887824382 0.039317030054229304
0 0.36205734396167766 0.14268851151107323 0.04579717887824382 0.039317030054229284
0 0.49632487561956806 0.9895311743734474 0.030915807326946165 0.020937651253105115
5 0.9389860091566533 0.8981593450344617 0.05064180913596843 0.0721477107723885
0 0.8367573665744565 0.7507343783101449 0.04258364767057934 0.06741475897699054
5 0.8470464133859533 0.7086196011827818 0.05450379353213606 0.08622839149054773
0 0.9082063206674711 0.8175360589301082 0.04266553482570927 0.06897725897699054
3 0.6358443990253164 0.9705918394753169 0.03724105042954129 0.05488748789975162
0 0.787697989596092 0.5895605289740748 0.039704309135968605 0.07208407825883115
0 0.3905728426028813 0.9699459030998169 0.03847600180902226 0.04864657825883114
3 0.6833369589542546 0.41634976707021815 0.0844369549975255 0.0910886083130606
0 0.7645061510614813 0.5941116735878805 0.03649742198083885 0.07050339754067192
4 0.6879424875599272 0.9662088665044841 0.03346095318850324 0.042369307181592576