5 0.043268558908825965 0.4975562560501242 0.03666784034363305 0.043949987899751616
0 0.4660376735627185 0.541985949457707 0.04102779172311397 0.037727258976990544
0 0.4653925424004825 0.4849410639190876 0.042672178878243726 0.039298849336070064
5 0.11831058174874745 0.6768619609687803 0.042262743102595035 0.031486349336070064
0 0.3978387087271119 0.8362222836684665 0.020790534825709094 0.06884999394987582
0 0.07519018204200319 0.9873636446138058 0.03256019448207603 0.02518180718159222
3 0.25026991067241977 0.6299864400879331 0.04428998982323469 0.15958407825883114
0 0.05050560605900693 0.6803823915887437 0.025075243102595034 0.031386355386194255
0 0.5191792836940554 0.46743540135130096 0.04275406603337366 0.040861349336070066
0 0.28334916779696734 0.1726233919815271 0.03000176051544958 0.06577953610435353
5 0.17282434135968586 0.7179636839396131 0.042098968792335524 0.02836134933607006
0 0.5258696969684669 0.5205376754536019 0.041027791723114146 0.037727258976990544
0 0.4470619442549334 0.4483177626894236 0.04102779172311397 0.037727258976990544
0 0.5091967740831169 0.426074603146699 0.04415279172311415 0.03774543969514958
0 0.7851339908392875 0.8300616246167214 0.034607373360319826 0.06424430718159221
0 0.26198210085908263 0.1078841811109427 0.033290534825709095 0.06892271682251275
0 0.24474477046507231 0.33070860275391556 0.03435506784239593 0.0892352168225127
0 0.2658041367008445 0.8518387141902342 0.023997421980838853 0.07043067466803521
5 0.34022428256240156 0.870161467313492 0.024816293532136414 0.08605567466803521
5 0.17696628674627304 0.7671733435805335 0.03412269448207601 0.02519089754067192
0 0.35295001187018665 0.963866015518094 0.020790534825709094 0.06884999394987582
0 0.40055867424008706 0.9925040999252452 0.013073210085908293 0.011010222872636888
5 0.5785299502478273 0.3920672418085765 0.04423467887824373 0.039307939695149584
0 0.3198521545679843 0.03408761192729779 0.032799211894930555 0.05954771682251274
0 0.27346390773174367 0.9830841690106944 0.017262743102595034 0.03134090359079593
0 0.3706421229060346 0.913747840850059 0.020790534825709094 0.06884999394987582
5 0.29094249830251934 0.6008347503927836 0.025641809135968606 0.07200226502711474
5 0.9268788348009652 0.9699048537358742 0.04259029172311415 0.03773634933607006
0 0.6917857875392425 0.13742467272312744 0.04357293758467122 0.056486349336070066
0 0.6491788856847917 0.17440249795689655 0.04184666327441171 0.05335225897699045
5 0.53932917288535 0.09142234719477074 0.04497166327441153 0.05337043969514967