0 0.015008269487336648 0.6244444392928941 0.030016538974673296 0.041770837748947895
0 0.4711124297734136 0.7106373334029608 0.03140650889724857 0.04322421034428636
0 0.11187669262499485 0.6623313304925539 0.034340507908665385 0.0386458377489479
0 0.15481095053366023 0.6233853923807862 0.034340507908665385 0.0386458377489479
0 0.22776297228249004 0.5178595894782285 0.029589340912471052 0.03691964664195542
0 0.5832039114846248 0.7933183694304774 0.029844008897248565 0.04316964664195542
0 0.120563284526049 0.6214607938320651 0.034340507908665385 0.0386458377489479
0 0.5885254228533313 0.7393029920258156 0.028026840912470874 0.03686508293962447
0 0.47652944163641164 0.654278205998299 0.031279174904859805 0.04009921034428636
0 0.8932645913695815 0.3253297389457728 0.061701503954332534 0.020877984390903402
0 0.05736424205415356 0.4301934422881189 0.06482650395433269 0.020987111795565026
0 0.5695605641463632 0.8601065653467934 0.031279174904859805 0.040099210344286006
0 0.03765794262499483 0.6649231063532695 0.031215507908665386 0.038536710344286365
0 0.26529480578058723 0.515768810622288 0.03115184091247105 0.036974210344286364
0 0.5922207672258435 0.6869046783234849 0.03140650889724857 0.04322421034428636
0 0.07997277661738363 0.6603248863903364 0.034276840912471004 0.0370833377489479
0 0.4867267954004639 0.5571849511889756 0.029589340912470875 0.03691964664195542
0 0.5995650350203406 0.6023932690676577 0.02802684091247105 0.03686508293962447
0 0.4655999174161239 0.7693402108076224 0.03140650889724857 0.04322421034428636
0 0.15894930528629567 0.5218228923807862 0.027708505931499074 0.029052582939624472
0 0.95487325342286 0.34502219085253855 0.04913783695813834 0.018878974772256463
0 0.4842583700013126 0.598618483040141 0.03127917490485963 0.04009921034428636
0 0.4460938892415034 0.9034250341286001 0.03296900889724856 0.04327877404661713
0 0.010569473042517973 0.6660416622510521 0.021138946085035946 0.03384921034428636
0 0.5677778882529202 0.9038565653467934 0.031151840912470873 0.03697421034428601
0 0.19335613878439287 0.5198412409295073 0.029462006920082207 0.03379464664195524
0 0.3322647884803817 0.5953446940173994 0.06013900395433271 0.02082342068857255
0 0.14349274304273674 0.4225049386599219 0.058449169961943916 0.0176438569862416
5 0.24124449353702832 0.4167509572642434 0.07263900395433272 0.0212599303072194
0 0.851589085932374 0.352529645206375 0.06951400395433253 0.021150802902557685
0 0.575717722245309 0.900458746835139 0.027899506920082296 0.03374008293962447
0 0.9541888680241462 0.5915698086385535 0.04132533695813834 0.018606156260602268
5 0.5499323799243253 0.15476679011904987 0.037656508897248565 0.0434424651536097
5 0.6985781269585758 0.16361845654645318 0.07209517589344294 0.04620536660488854
5 0.7618620355518132 0.19963531289972264 0.06584517589344294 0.04598711179556507
5 0.9026979411793011 0.24698648413644936 0.0869561719391104 0.02800100362819711
5 0.8259059950199031 0.3893128825925033 0.0774538379467213 0.02454862141421197
0 0.085566202016535 0.6187822271345093 0.037656508897248565 0.04344246515360979
0 0.33329804787192185 0.5508407258685649 0.06951400395433271 0.021150802902557685
0 0.3270016269213948 0.5713441988267228 0.06013900395433271 0.02082342068857255
0 0.3267177840317574 0.616602135124392 0.07126750494291585 0.025892866604888452
0 0.32829753007742474 0.6352702895708957 0.06951400395433271 0.021150802902557685
0 0.32340444163641163 0.6596254488267228 0.06964133794672148 0.024275802902557687
0 0.4573788991273352 0.8562226519146151 0.036094008897248564 0.04338790145127902
0 0.5618024608766026 0.9547742246026205 0.03446784190105419 0.041770837748947895
0 0.4509404871112377 0.43985360744957785 0.05634284190105419 0.04253472958158007
0 0.6064145542977124 0.5108778916629959 0.03752917490485963 0.04031746515360961
0 0.6030057114080751 0.5562449553653268 0.040654174904859806 0.04042659255827132
0 0.846914878898561 0.5438267678017134 0.07745383794672164 0.02454862141421188
0 0.9526117805717164 0.6111283404897188 0.04295150395433254 0.020223219962933213
0 0.9571255256288005 0.6343748675315608 0.031886669961944135 0.01671627404661713