3 0.8674127036141457 0.595951950420656 0.1339601539428031 0.09136131908544912
3 0.2548311501497812 0.04759820442767674 0.11533769970043757 0.09281473477649363
3 0.8583564390702781 0.5536917275480191 0.12796524545807203 0.09444995764913067
0 0.4584687830014431 0.7702191347530525 0.043558552425594324 0.03617384933607006
0 0.2513892198250031 0.625977734481906 0.043558552425594324 0.03617384933607006
5 0.06250193406930826 0.5748550751355733 0.05487868969849792 0.04092498184962743
0 0.36797094194521607 0.653231101771957 0.040178460910325245 0.03303066861791084
5 0.42171795315510374 0.7129469902374426 0.050191189698497854 0.040897710772388504
0 0.13225645361414565 0.5916749364736958 0.04668355242559432 0.03619203005422929
0 0.3103975580062923 0.6403902133064714 0.04993609818322886 0.03777271077238851
5 0.20012960876489666 0.6123919574527388 0.04668355242559432 0.03619203005422929
0 0.8696433360552571 0.1473144625209044 0.05105205909355419 0.0705761204133089
0 0.013648943322341891 0.6026528222087071 0.027297886644683782 0.03619203005422929
5 0.19874193619534014 0.44746184904148245 0.0469386439408634 0.039317030054229284
0 0.48435992711148435 0.2615344811622563 0.04588632697140156 0.04555793969514967
5 0.7562831113499705 0.3678537006170477 0.05519742515463051 0.0830943011314682
0 0.8221787915055707 0.25959174872345375 0.04961710485118864 0.07212953005422928
0 0.47616633709402745 0.725769697984769 0.04681109818322895 0.03775453005422946
0 0.42567071120018934 0.31981461377400955 0.0453761439408634 0.039307939695149674
0 0.8695812393698403 0.6459883118569744 0.048756235456132654 0.042451120413308986
0 0.6247468425540392 0.5812526044042355 0.03816942182065049 0.0658158975406721
3 0.6051051826921824 0.9346987495090208 0.07659393515657005 0.13060250098195852
5 0.43994166573241883 0.671627098648699 0.0485011439408634 0.03932612041330898
0 0.49665340664856306 0.48436799316430895 0.04601387272903601 0.047120439695149584
0 0.8121673520969368 0.6503440137505685 0.052008781213767105 0.044031801131468026
0 0.4591684795370787 0.22543335469882325 0.04783146424430527 0.050254530054229286
0 0.292031226782827 0.9419890747427896 0.0469386439408634 0.039317030054229464
0 0.27229242481627464 0.8582407886384363 0.0453761439408634 0.039307939695149584
0 0.936927849221999 0.548677495502 0.040943735456132654 0.04240566861791084
0 0.48630648270188076 0.6781498094210876 0.043558552425594324 0.03617384933607006
5 0.09053159709596707 0.6719391533944045 0.05487868969849789 0.04092498184962743
0 0.4798502201148672 0.9758004724798536 0.03545901000193972 0.04839905504029289
3 0.5951850831803194 0.043325357527493585 0.04429187606301603 0.06428975897699044
5 0.6988853284692136 0.41988837840834076 0.050382379396995705 0.08150453005422928
5 0.7102861166408044 0.6919588211285526 0.04205969636645772 0.07520907825883114
0 0.5557423957285396 0.7754747821955286 0.03855205909355419 0.0705033975406721
0 0.6822561957382379 0.5182758814334029 0.04024210485118864 0.07207498789975161
0 0.5890176681483148 0.8944747670702181 0.0325891015172088 0.054851126463433174
5 0.9297851578565112 0.5978780647838408 0.03938123545613266 0.04239657825883114
5 0.5167443132971263 0.965355864019499 0.03855205909355419 0.06928827196100187
4 0.6515786043921467 0.05146965563389964 0.038584010001939714 0.051762487899751596
5 0.6802297628768776 0.05476282727687256 0.03794628121376693 0.043949987899751596
0 0.353380220453223 0.03722885187015284 0.04327151000193972 0.05178975897699044