0 0.4674439708295335 0.5916464001958482 0.031395445745273955 0.02736798340326043
4 0.2971496515476927 0.6014269097436179 0.05021816861791084 0.041288773445216795
0 0.9392735190341354 0.563702350806615 0.032985216822512695 0.03217388257342346
0 0.23845136241827714 0.6238356286247313 0.029842036104353476 0.028812084233097578
0 0.44732691354974535 0.5595918394079675 0.031395445745273774 0.02736798340326043
0 0.2803929018422803 0.7971421514452481 0.03453862646343318 0.030729781743586492
0 0.3909900342576418 0.7130137599487549 0.032985216822512785 0.03217388257342364
0 0.9073968051384889 0.5395670337949571 0.032957945745273776 0.02748638257342346
0 0.32187641989445703 0.7807233234359281 0.026707945745273954 0.027012785892771517
0 0.3816155551384889 0.5794083545548145 0.03610112646343318 0.030848180913749523
0 0.8463956726249314 0.555122101431315 0.031395445745273774 0.02736798340326043
0 0.08097416394252872 0.8466130456410337 0.028270445745273886 0.02713118506293455
0 0.12398836573792682 0.8355445684615506 0.032976126463433085 0.03061138257342364
0 0.238923019328723 0.8112172294545683 0.032985216822512695 0.03217388257342364
5 0.3570781216898552 0.7702468421072599 0.032976126463433175 0.03061138257342346
0 0.34325703708631217 0.5955903842238086 0.026707945745273954 0.027012785892771517
0 0.6187650554330765 0.7558837311049534 0.03470225292686617 0.05885478174358649
0 0.6827452213205129 0.899407665543188 0.022074987899751618 0.036032588382282425
0 0.7007639682954506 0.8894523250863131 0.022120439695149586 0.043845088382282425
0 0.7226026068591322 0.8940447367040308 0.01885908430895533 0.020170790041956366
0 0.885280910622879 0.5826308721772394 0.0392533975406721 0.03577247925407558