0 0.6172356845485457 0.27805479095183966 0.047825494804219916 0.03778384288963732
0 0.6392474423422159 0.2230980355146322 0.05095049480421991 0.037911176882026165
0 0.9899580005042031 0.2725807933861165 0.02008399899159379 0.039155341901054186
0 0.7745236606633321 0.28653184133240045 0.04916947351689629 0.0347225098858317
0 0.8484146287323469 0.27882015901316687 0.04448197351689629 0.03453150889724856
0 0.6934539771231927 0.28121694163641164 0.047825494804219916 0.03778384288963732
0 0.9922803351492938 0.012789229696863877 0.01543932970141242 0.025578459393727753
0 0.5980657954246386 0.03752529144613124 0.045028276735205 0.04234400889724856
0 0.8015132235168965 0.008676709202353531 0.03666947351689629 0.017353418404707062
0 0.875513452229573 0.006494785286076918 0.047825494804219916 0.012989570572153835
0 0.9440831357697125 0.012722904107432076 0.06744957995351371 0.02544580821486415
0 0.2067737959288416 0.20076270946808986 0.05313570767745457 0.06916117688202617
0 0.06508904048095998 0.1689290721293907 0.06421531930985205 0.04935801285158128
0 0.033249178596460996 0.11695007806088972 0.027731516091543375 0.040081171939110274
0 0.032910688988021186 0.04488407707230656 0.032637537378866856 0.04339717292769345
0 0.3061514470337928 0.05333726973448244 0.04619729282674854 0.08134284190105419