3 0.8983176836222805 0.08886101306513775 0.15065927956950453 0.08552362602253201
0 0.20226678308416127 0.21081416488541022 0.029871590570540542 0.03831835391920828
2 0.2143772930089587 0.3700527725655422 0.06570639081820957 0.1376651360516618
0 0.2453085392849051 0.7822117917658721 0.06500856989237622 0.022176528371529967
0 0.6849273875084407 0.3782658085254265 0.03612159057054054 0.03850021034569897
0 0.8155268399468589 0.7132054466886595 0.06871576674922295 0.03476745658477522
0 0.5284185998716563 0.8811504307870347 0.04258991439185813 0.04336956677218993
0 0.1390926567388631 0.4669026920032989 0.03292381596343472 0.036846782132453626
0 0.5829070467285031 0.8920819191085524 0.042735463606069855 0.046494566772189924
0 0.7590391296505579 0.40740172756747184 0.03917381596343468 0.03702863855894432
0 0.22080730706758533 0.9112233418450144 0.06246576674922295 0.03458560015828453
0 0.682202763644342 0.6724931816449646 0.0652268937136938 0.026864028371529968
0 0.7824017009906761 0.37151805186150894 0.04549659057054054 0.03877299498543509
0 0.967015256719727 0.2792981449601645 0.06596948656054594 0.026909492478152684
0 0.06880158146980345 0.5197980229612535 0.032778266749222996 0.03372178213245362
0 0.24707440053361007 0.8369220238191835 0.06664384449948199 0.023784492478152685
0 0.5587159520241334 0.4734683114284204 0.03782963978475244 0.041670674452321775
0 0.8701627584770554 0.18981575930421404 0.04705909057054072 0.038818459092057764
5 0.6113017204259862 0.8466641190294102 0.03782963978475244 0.041670674452321775
0 0.7218303438758003 0.700285561032709 0.07162244292790554 0.03017088479802066
0 0.795139411286977 0.6785947659681316 0.08441354135632881 0.03678459765100221
0 0.9219780471427879 0.7312303694916285 0.06246576674922295 0.03458560015828453
0 0.02189642473094037 0.050212948667216484 0.04015411910658786 0.024574102665567032
0 0.15650075040977557 0.7902719958433648 0.08226884449948199 0.0242391335443795
0 0.9100729367226524 0.3748439771717604 0.05018409057054072 0.038909387305303154
3 0.14318526715899857 0.8235164048562804 0.15963186517764644 0.04365437476889085
5 0.8977207557864592 0.6975145990376573 0.08626713978475209 0.04308006175762476
0 0.9873610287409351 0.7538207718406265 0.02527794251812985 0.03458560015828453
0 0.9146940084770554 0.18852003226546762 0.04520549214211726 0.03252299498543505
5 0.15995958250326076 0.6125872650436948 0.06744436517764645 0.04097199247815268
0 0.6292234286553725 0.9627066561764286 0.04364299214211727 0.03247753087881229
0 0.17165702356913934 0.8469395329903835 0.06664384449948199 0.023784492478152685
5 0.21613249979060303 0.5421096289920329 0.05196491439185813 0.04364235141192587
0 0.94701001054397 0.37846307066612744 0.051819365177646404 0.040517351411925875
5 0.9826360644109942 0.7211446641604944 0.03472787117801168 0.0394549565847754