0 0.0609375 0.20390625 0.02734375 0.021875
0 0.209375 0.25546875 0.025 0.021875
0 0.7890625 0.46953125 0.028125 0.021875
0 0.39140625 0.26953125 0.028125 0.02265625
0 0.353125 0.3671875 0.0296875 0.02265625
0 0.40234375 0.375 0.02578125 0.021875
0 0.865625 0.4453125 0.025 0.021875
0 0.10078125 0.2078125 0.02578125 0.021875
0 0.9671875 0.48671875 0.02734375 0.0203125
0 0.609375 0.8109375 0.0109375 0.05625
0 0.646875 0.2875 0.021875 0.05
0 0.8515625 0.29609375 0.03125 0.0234375
0 0.221875 0.21328125 0.0296875 0.02265625
0 0.44140625 0.37734375 0.02421875 0.0203125
0 0.1796875 0.20859375 0.0296875 0.0234375
5 0.01640625 0.2453125 0.03203125 0.025
0 0.296875 0.2171875 0.0296875 0.025
0 0.64609375 0.81328125 0.01171875 0.03984375
0 0.66328125 0.79921875 0.0125 0.05546875
0 0.43203125 0.40859375 0.0203125 0.01875
0 0.61484375 0.14296875 0.01328125 0.05
0 0.8078125 0.32578125 0.0328125 0.028125
0 0.2640625 0.21953125 0.02421875 0.02109375
0 0.73125 0.4046875 0.0265625 0.028125
0 0.5921875 0.0640625 0.0171875 0.05859375
5 0.81015625 0.36484375 0.03203125 0.0234375
0 0.84609375 0.365625 0.03203125 0.02890625
1 0.64765625 0.72109375 0.01875 0.09765625
1 0.64140625 0.90078125 0.01796875 0.1296875