0 0.70859375 0.59375 0.034375 0.028125
3 0.5484375 0.37421875 0.05390625 0.03984375
0 0.2671875 0.4265625 0.03203125 0.02578125
0 0.69921875 0.3953125 0.034375 0.02578125
0 0.0890625 0.44296875 0.03359375 0.02734375
0 0.0375 0.3796875 0.034375 0.028125
0 0.1875 0.46640625 0.03125 0.02578125
0 0.4359375 0.31171875 0.03515625 0.028125
5 0.71953125 0.29765625 0.03515625 0.02734375
0 0.48359375 0.440625 0.03359375 0.0265625
0 0.07421875 0.4078125 0.03359375 0.028125
0 0.3078125 0.453125 0.03203125 0.0265625
0 0.26875 0.37578125 0.03203125 0.02734375
0 0.41171875 0.590625 0.025 0.0625
0 0.88046875 0.58359375 0.03125 0.02734375
0 0.87734375 0.403125 0.0359375 0.0296875
5 0.76953125 0.296875 0.0375 0.028125
0 0.5515625 0.9515625 0.0140625 0.05859375
0 0.88046875 0.5203125 0.0328125 0.0265625
0 0.92265625 0.02734375 0.0171875 0.05390625
0 0.5671875 0.94609375 0.0140625 0.0609375
0 0.61796875 0.940625 0.01328125 0.05234375
5 0.65078125 0.559375 0.0359375 0.02890625
0 0.65390625 0.94140625 0.0140625 0.059375
0 0.634375 0.94140625 0.01328125 0.05859375
0 0.67734375 0.7359375 0.01328125 0.0453125
0 0.81953125 0.34375 0.0375 0.034375
0 0.81328125 0.3046875 0.0390625 0.028125
0 0.62890625 0.8703125 0.0125 0.06015625
5 0.94921875 0.734375 0.01796875 0.059375
0 0.58359375 0.9375 0.0125 0.040625
0 0.9265625 0.1625 0.0171875 0.06484375
0 0.53671875 0.9546875 0.01484375 0.05703125
0 0.64921875 0.86796875 0.01484375 0.0609375
0 0.8171875 0.02734375 0.021875 0.04765625
0 0.6734375 0.9453125 0.0140625 0.059375
5 0.77265625 0.975 0.01875 0.05
5 0.765625 0.96640625 0.01953125 0.05234375
0 0.60390625 0.93984375 0.0140625 0.04921875
0 0.47265625 0.75625 0.01640625 0.0546875
0 0.87734375 0.17109375 0.01328125 0.040625
0 0.76953125 0.19140625 0.015625 0.04921875