0 0.39811464373385175 0.639317530416594 0.027102720542635784 0.03353992570596294
0 0.49897144663160053 0.8746305562808413 0.02544009099298634 0.031931961599340045
0 0.4158807395072001 0.7583630471096414 0.03012759099298634 0.03206835391920819
0 0.3607705397840554 0.8596922148980454 0.030227720542635783 0.03363085391920819
0 0.384075236729423 0.9888759465556454 0.025239831893687815 0.022248106888709172
0 0.7109803793927658 0.3864104569139797 0.05578892504614252 0.018778743731793845
0 0.4037626688722794 0.6909482265765281 0.03002746144333699 0.03050585391920819
0 0.3128139011351074 0.8536180596460536 0.028665220542635695 0.03358538981258548
0 0.7782785009228507 0.3657546276053777 0.05911418414544123 0.02199467194503919
0 0.45661425200258476 0.33534073574772805 0.027002590992986342 0.03197742570596294
0 0.4248381161314141 0.09501961262818989 0.03012759099298634 0.03206835391920826
0 0.4568702776024377 0.5583690587881238 0.025239831893687815 0.02880696159934022
0 0.4623914875046154 0.4376617536944167 0.02846496144333699 0.030460389812585652
0 0.3336549321336311 0.9719732545523465 0.02856509099298634 0.03202288981258548
0 0.3074569702288687 0.7700243096460537 0.021814443244739846 0.024028533386094963
0 0.4326494185677376 0.15607077289474658 0.02856509099298634 0.03202288981258557
0 0.309429282844225 0.8129703275927425 0.02856509099298634 0.03202288981258548
0 0.2969925208194909 0.14432562767188467 0.027102720542635694 0.03353992570596289
5 0.33582328577888576 0.21485708801758366 0.0304279796419344 0.036755853919208284
0 0.5640262338039875 0.33222775910469304 0.05921431369509058 0.02355717194503919
0 0.36389012415097854 0.11741979836328265 0.025339961443337167 0.03036946159934022
0 0.23274715299003393 0.27346154671392997 0.0319904796419344 0.036801318025830906
0 0.3412033096806956 0.6516978584715548 0.025239831893687815 0.02880696159934022
0 0.34803190545404405 0.7704251264182435 0.02700259099298643 0.03197742570596294
0 0.2075702729789593 0.09961486975432586 0.02191457279438911 0.025591033386094853
0 0.23223721082502827 0.22899849287386403 0.027102720542635784 0.03353992570596294
0 0.2118326781284615 0.32431935306127846 0.03637759099298643 0.03225021034569906
0 0.39061901218161765 0.3154852253228868 0.026902461443337168 0.030414925705962936
0 0.21204223164451919 0.36409490690134444 0.04106509099298643 0.03238660266556703
0 0.7888049907438178 0.38399616224511374 0.06682655459579187 0.020659492478152595
3 0.26767406307678165 0.2222316673261857 0.05091975478036197 0.08881845909205772
0 0.6758043429955712 0.3729102465682807 0.042988536397194466 0.013727530878812377
0 0.4436753585732749 0.242948647267926 0.026902461443336988 0.030414925705962936
0 0.06886153300110856 0.4418070667721897 0.05578892504614252 0.018778743731793845