3 0.4133947037361735 0.3466808119430481 0.09330571509696402 0.06513519867918127
3 0.4880788782480586 0.18490697059995762 0.05863070616851011 0.047547709341181486
3 0.9263336655900218 0.8078048372056422 0.10746940097293453 0.1605931493475449
0 0.4479390734595201 0.24708025393859376 0.044459112012708954 0.041134077339272504
5 0.5987128206201463 0.4694990519175947 0.0459670649348082 0.038027258672817865
0 0.3890044042226409 0.26729330394654793 0.04125229139585773 0.0364102146721816
0 0.693191297891975 0.33717635323841344 0.03648297077900686 0.03166817067154524
0 0.5318328323879739 0.22892005259391243 0.0444045649348082 0.03800907733927241
0 0.3465305320636623 0.28419044995227494 0.0333034237011061 0.02850680800445433
0 0.3599930142067548 0.31840181795036593 0.042814791395857824 0.03642839600572696
0 0.6274998883943284 0.2074984912476403 0.03492047077900686 0.031649989337999784
0 0.6153258019524599 0.6364592852482767 0.04130683847375849 0.039535214672181594
5 0.5122958538983292 0.31897288792968503 0.045967064934808025 0.038027258672817865
0 0.29649616112579497 0.8237256646244564 0.04980117694751698 0.07868862133990859
0 0.5952393985438933 0.713239961250822 0.04292388555165907 0.04267839600572696
5 0.14218831088091366 0.6247807293125465 0.04130683847375849 0.039535214672181594
0 0.4949680320636623 0.2824632232654577 0.0444045649348082 0.0380090773392725
0 0.32705641437220584 0.7733802192870931 0.04662162986961631 0.07552725867281787
0 0.3990863364451636 0.04768932861236613 0.03810001785690744 0.03481135200509067
0 0.29257054586667525 0.9143779366247745 0.04810230925276535 0.0708579400063634
0 0.5961759760573079 0.3015939365850038 0.04758411201270896 0.041170440006363405
0 0.6355507528459643 0.7307359965786404 0.042978432629559825 0.04580339600572714
0 0.7525376554437522 0.7856133058959593 0.044568206168510115 0.0473840773392725
0 0.035597391644034415 0.6455483099936365 0.04761138555165918 0.04273294000636341
0 0.10448948782843068 0.5471102626511826 0.046021612012708865 0.04115225867281787
0 0.19199303652788915 0.2773966519732739 0.04346935633066593 0.07392839600572695
0 0.46285278165662513 0.10865355327023019 0.03968979139585791 0.036392033338636144
0 0.34625957102388816 0.1654677219525931 0.0463216209411625 0.05833975867281791
0 0.3214046578793841 0.8734256726209566 0.04495003571381497 0.06925907733927232
0 0.32776730073464394 0.5984074912874112 0.03732845048646736 0.08010567067154532
0 0.8264194403467883 0.8488031018857779 0.044595479707460584 0.048946577339272324
0 0.5476799748394919 0.2607603985916852 0.04440456493480802 0.0380090773392725
0 0.5961086030908456 0.9319354172501857 0.03902731818121907 0.08793635200509087
0 0.11210534456613375 0.6477824246499099 0.04286933847375849 0.03955339600572696
0 0.29447178531336843 0.71595861795832 0.040235262174864596 0.06764203333863605
0 0.4149532495962582 0.3021404712762753 0.0444045649348082 0.0380090773392725
0 0.10280821104306945 0.5986818533179552 0.05553297970746054 0.04907384667409058
5 0.32019453409555243 0.674261466621593 0.04037162986961631 0.07545453333863605
3 0.3055421043086617 0.9767143046228657 0.07724433847375849 0.03995338534372692
0 0.475018807230761 0.977866629933185 0.05369774431795715 0.03343066534054486