0 0.696875 0.246875 0.0375 0.03125
5 0.26875 0.58828125 0.04609375 0.04921875
0 0.5671875 0.46640625 0.0375 0.03125
0 0.5765625 0.51640625 0.03359375 0.03203125
0 0.50546875 0.44375 0.0375 0.03515625
0 0.32734375 0.56171875 0.0390625 0.0359375
0 0.709375 0.809375 0.02734375 0.06484375
0 0.50625 0.54453125 0.03828125 0.0359375
0 0.45078125 0.45625 0.03671875 0.03671875
5 0.38671875 0.53359375 0.040625 0.03984375
0 0.31640625 0.5140625 0.04296875 0.04296875
0 0.51796875 0.484375 0.03671875 0.03515625
0 0.75625 0.61328125 0.0203125 0.06484375
0 0.2609375 0.53515625 0.03671875 0.0390625
0 0.44921875 0.5171875 0.03984375 0.03828125
5 0.56640625 0.421875 0.040625 0.0359375
0 0.70546875 0.01875 0.0171875 0.03671875
0 0.3828125 0.48984375 0.03828125 0.03359375
5 0.803125 0.22890625 0.0453125 0.03515625
0 0.5859375 0.51328125 0.03515625 0.0328125
5 0.90390625 0.315625 0.0484375 0.03359375
0 0.92109375 0.5234375 0.03359375 0.0421875
0 0.940625 0.271875 0.0390625 0.03203125
0 0.34375 0.77265625 0.0359375 0.04296875
0 0.69453125 0.3046875 0.03828125 0.03359375
0 0.9828125 0.01171875 0.034375 0.0234375
3 0.67890625 0.09609375 0.02265625 0.1375
5 0.959375 0.22109375 0.046875 0.03203125
0 0.6234375 0.84453125 0.02578125 0.06328125
0 0.63984375 0.9390625 0.02890625 0.0640625
0 0.29453125 0.9890625 0.02265625 0.02109375
0 0.709375 0.66484375 0.01875 0.071875
0 0.64375 0.140625 0.015625 0.078125
0 0.29609375 0.81328125 0.0390625 0.04765625
5 0.70546875 0.1265625 0.0203125 0.0828125
0 0.265625 0.1203125 0.03046875 0.05703125
5 0.2015625 0.97734375 0.034375 0.04453125
5 0.44609375 0.86953125 0.040625 0.06015625
0 0.590625 0.29453125 0.040625 0.040625
0 0.77109375 0.71796875 0.03046875 0.06640625
0 0.75234375 0.39609375 0.03984375 0.05703125