0 0.7668227440685009 0.08182660635974277 0.02126750494291585 0.024857888367602544
0 0.7917272435742093 0.08591852665833052 0.02283000494291585 0.02496714901126431
0 0.8541834812169198 0.14904659337029252 0.021394838935304604 0.027982888367602543
0 0.7239176610646954 0.07725943865904505 0.021331171939110403 0.02642038836760254
0 0.8571930760837233 0.09441372369212339 0.022702670950527092 0.021842149011264266
0 0.6975050582892262 0.16786265932594988 0.021394838935304604 0.027982888367602588
0 0.7457289940685009 0.08035158767030934 0.02126750494291585 0.024857888367602544
0 0.7390930390118544 0.26243746799214024 0.021331171939110227 0.0264203883676025
0 0.7208788912930318 0.17106406898087592 0.021394838935304604 0.027982888367602588
0 0.3317607000765497 0.2605922006400891 0.021394838935304604 0.027982888367602588
0 0.8112266600761121 0.08806553470410222 0.02126750494291585 0.024857888367602565
0 0.6982836496959889 0.12952677900411902 0.022957338935304605 0.028092149011264313
0 0.3184251229670621 0.6263264612837508 0.023021005931498983 0.02965464901126431
3 0.25947459281527524 0.7655803493992519 0.036667011862998145 0.0586537341605581
0 0.3376764135361533 0.03849867935276564 0.021331171939110227 0.026420388367602556
0 0.6672379436507591 0.31460661934919304 0.02126750494291585 0.0248578883676025
0 0.38913421239665835 0.6022823099266981 0.021458505931498985 0.0295453883676025
0 0.689112943650759 0.3161362683604573 0.021140170950527094 0.021732888367602586
0 0.7180311225099516 0.2601811993027068 0.021331171939110227 0.026420388367602587
0 0.9023782420913345 0.10070728235831372 0.024328837946721648 0.023513909654926037
0 0.8721230563120599 0.1894748514160642 0.021394838935304604 0.027982888367602543
0 0.6598339619395478 0.22712304484356088 0.021331171939110403 0.0264203883676025
0 0.6907192060080487 0.25748788803862643 0.02308467292769336 0.031217149011264312
0 0.7388675459319366 0.2295157073484785 0.02126750494291585 0.0248578883676025
0 0.8295588715213682 0.2726808353245208 0.02133117193911005 0.0264203883676025
0 0.9166105439547703 0.2513464207259163 0.02289367193911005 0.02652964901126431
0 0.893398537034688 0.28262927171465196 0.022957338935304605 0.028092149011264313
0 0.6453947771488562 0.31229572033792874 0.02126750494291585 0.0248578883676025
0 0.35837234924106587 0.7419403896281104 0.024647172927693452 0.03132640965492613
0 0.7843100385175628 0.26794977665833053 0.022957338935304605 0.028092149011264313
0 0.40354156368925265 0.5178908844323302 0.02464717292769336 0.03132640965492613
0 0.8051146284414505 0.23806553470410222 0.022957338935304605 0.028092149011264313
0 0.32561288186431064 0.5845213735365669 0.02126750494291585 0.0248578883676025
0 0.8324384738025458 0.18278245500268997 0.02295733893530496 0.028092149011264313
0 0.6787643285551813 0.07018462999285473 0.02126750494291585 0.024857888367602544
0 0.9173400558177682 0.19498716008225453 0.021394838935304604 0.027982888367602543
0 0.8074384738025457 0.1810342847041022 0.02133117193911005 0.026420388367602587
5 0.30678189920169724 0.1045007377668544 0.02152217292769345 0.031107888367602542
0 0.8970593893158656 0.19278552171465196 0.021394838935304604 0.027982888367602543
0 0.6929329634224225 0.2223862683604573 0.02126750494291585 0.02485788836760259
0 0.2993315661607106 0.498851671306994 0.027517504942915848 0.025294930942249393
0 0.34867103848038167 0.6339257938351547 0.021394838935304604 0.027982888367602498
0 0.8994004807226281 0.15455890203648284 0.02126750494291585 0.024857888367602544
0 0.7426557322055028 0.1365469573484785 0.021394838935304604 0.027982888367602543
0 0.941054787034688 0.2859617213463349 0.022957338935304605 0.028092149011264313
0 0.9641195553234766 0.20060872939210656 0.02295733893530496 0.028092149011264313
0 0.39124312943003375 0.20442396413374242 0.021394838935304604 0.027982888367602588
0 0.33139062695857585 0.21199080967459646 0.02308467292769345 0.031217149011264312
0 0.9203987302283366 0.15837767072591627 0.02133117193911005 0.026420388367602587
0 0.3108446580989458 0.06247712873234701 0.021394838935304604 0.027982888367602543
0 0.591064057300643 0.1651204355569519 0.04588550296574958 0.017231058666190346
0 0.36552827464021725 0.7009165518809264 0.024647172927693452 0.03132640965492613
0 0.36406256962075173 0.4869251076971251 0.038582338935304605 0.029184755447881728
0 0.7419089742968374 0.17410158767030934 0.021394838935304604 0.027982888367602543
0 0.944553813232142 0.16163371070267316 0.02126750494291585 0.02485788836760259
0 0.29827703802327116 0.23631346647953091 0.02308467292769336 0.031217149011264312
0 0.7140811101526618 0.31866568865904504 0.021140170950527094 0.021732888367602586
0 0.33092505334631034 0.16573316870910387 0.02464717292769336 0.031326409654926037
0 0.7358606096583703 0.3225390876703093 0.02126750494291585 0.0248578883676025
0 0.7630027242968375 0.17557660635974276 0.022957338935304605 0.028092149011264313
0 0.2995424717881985 0.5513593122724865 0.02620967292769345 0.03143567029858776
0 0.9851151462359476 0.16603698743787826 0.02126750494291585 0.024857888367602544
0 0.33783823961987663 0.07298293999642738 0.021394838935304604 0.027982888367602543
0 0.7224387326997944 0.1327828189808759 0.021394838935304604 0.027982888367602588
0 0.4065418882901013 0.5596249163633154 0.02464717292769336 0.03132640965492613
0 0.8089028147150168 0.1450967847041022 0.021522172927693362 0.031107888367602587
0 0.8744959812169195 0.15046698173789508 0.02133117193911005 0.02642038836760254
0 0.7599612959319366 0.2309907260379119 0.019577670950527093 0.021623627723940865
0 0.9582303581754955 0.3451399793921066 0.021140170950527094 0.0217328883676025
0 0.8698310444490618 0.2457248514160642 0.022957338935304605 0.028092149011264313
0 0.3588935444490618 0.20999662093867685 0.021458505931498985 0.029545388367602586
5 0.3809423690127294 0.6495015173520511 0.02471083992388783 0.03288890965492612
0 0.833902814715017 0.14684495500268996 0.02133117193911005 0.026420388367602587
0 0.3582104535365908 0.24598875126050776 0.021394838935304604 0.027982888367602498
0 0.8919514421678842 0.33737140203648286 0.02283000494291585 0.02496714901126431
0 0.3856178705327852 0.24633831252458807 0.02152217292769345 0.031107888367602497
0 0.9836707099623814 0.2591696284033708 0.018269838935304605 0.027764367080279052
0 0.274310367035563 0.6514467935830531 0.021140170950527094 0.0217328883676025
0 0.3435829959713052 0.835706815122478 0.024647172927693452 0.03132640965492613
0 0.9610781269585758 0.2560228490702757 0.02126750494291585 0.0248578883676025
0 0.760206693650759 0.32110762764706624 0.019577670950527093 0.021623627723940865
0 0.5871949579852151 0.24084705523512104 0.04113433596955503 0.015340776735205086
5 0.34855433886094256 0.7906128364098016 0.024774506920082297 0.03445140965492612
0 0.9648344797340449 0.1638353490702757 0.02126750494291585 0.02485788836760259
0 0.9160866205327853 0.28343230104774714 0.02139483893530496 0.027982888367602588
0 0.5949358152093085 0.1277843265224445 0.04438666996194378 0.018684298022528578
0 0.5913041378329907 0.1784563158787828 0.04438666996194396 0.018684298022528578
0 0.5884218769585757 0.22996418555695194 0.04269683596955502 0.01545003737886681
0 0.0766805637264337 0.09859567314857935 0.04189833992388783 0.03409077673520509
0 0.5894405488976862 0.2049641855569519 0.04113433596955503 0.015340776735205086
0 0.5935152366541272 0.1049641855569519 0.04744800296574958 0.01734031930985207
0 0.48025791399326384 0.44255738468443173 0.04926517095052709 0.023699579953513704
0 0.7848976289357422 0.23430139633649966 0.021394838935304604 0.027982888367602498
0 0.3384311472245309 0.11611558096191996 0.021394838935304604 0.027982888367602588
0 0.5892057855518132 0.2684093265224445 0.04425933596955502 0.015559298022528622
0 0.9694065746008487 0.10931174003576831 0.024265170950526736 0.021951409654926035
0 0.6350143285551813 0.06712533197032615 0.02464717292769336 0.031326409654926037
0 0.6561080785551814 0.06860035065975958 0.021331171939110227 0.02642038836760254
0 0.8947673774528674 0.24903552171465196 0.021394838935304604 0.027982888367602498
0 0.8308958784414507 0.23986833532452084 0.02133117193911005 0.0264203883676025
0 0.5857770380232712 0.25641742491329017 0.04113433596955503 0.015340776735205086
0 0.9881565746008487 0.11062286775970913 0.021140170950526737 0.021732888367602544
0 0.6220527776431478 0.3083130606830027 0.021394838935304604 0.027982888367602588
0 0.7863447238025458 0.1795592660146688 0.021394838935304604 0.027982888367602543
0 0.4660136832706357 0.3498946372823218 0.04177100593149916 0.030965776735205175
0 0.588931212928131 0.21746418555695196 0.044259335969555204 0.015559298022528622
0 0.7585287885175628 0.26614697603791193 0.021394838935304604 0.027982888367602498
0 0.869179787034688 0.2809357317378951 0.021394838935304604 0.027982888367602498
0 0.7677512326997944 0.13595137764706625 0.021394838935304604 0.027982888367602543
0 0.7887813157036001 0.13898889633649966 0.021331171939110227 0.026420388367602587
0 0.5879151995822581 0.28085469620061365 0.0411343359695552 0.015340776735205175
0 0.8481815375289795 0.2771169630484617 0.02133117193911005 0.026420388367602587
0 0.9483764915970431 0.10627422134633488 0.024265170950527094 0.021951409654926035
0 0.9407974604566729 0.25382121070267316 0.019641337946721647 0.023186127723940776
0 0.658110999962819 0.44245846774003866 0.05063666996194396 0.019121340597175518
5 0.2954332223196711 0.15228267390488398 0.024647172927693452 0.031326409654926037
0 0.929971412510389 0.4810557000590114 0.05226283695813834 0.02079310124083733
0 0.041210001445693714 0.3922692634936533 0.05376166996194391 0.019339861884498967
0 0.8494867109509647 0.24508571304846166 0.02126750494291585 0.02485788836760259
0 0.7739734219019292 0.42548912504917613 0.042824169961943784 0.01857503737886681
5 0.7005438280608898 0.07405802900411902 0.021331171939110403 0.02642038836760254
0 0.59707534087529 0.40215054199356925 0.038009335969555025 0.015122255447881549
0 0.9809502751716899 0.3451617587252017 0.016325336958138335 0.018280106436617326
0 0.5259325113315254 0.37915580238512947 0.050891337946721474 0.025371340597175517
0 0.8053401215213685 0.270987295347764 0.021394838935304604 0.027982888367602498
0 0.29865638140720013 0.1885479558358692 0.021458505931498985 0.029545388367602586
5 0.9378860246773983 0.344500841024504 0.02126750494291585 0.0248578883676025
0 0.717837462928131 0.22647818865904507 0.02126750494291585 0.02485788836760259
0 0.9860263888215739 0.2013571284033709 0.018269838935304605 0.027764367080279052
0 0.6812593398867068 0.412738116751303 0.05057300296574958 0.017558840597175517
0 0.3605462973776303 0.592448488018956 0.027517504942915848 0.025294930942249393
0 0.5971814061217795 0.09190145684427538 0.046076503954332715 0.021918558666190302
0 0.8376936595818206 0.09226671564635171 0.02439250494291585 0.025076409654926014
0 0.8805032420913346 0.0991776333470494 0.02595500494291585 0.02518567029858776
0 0.9265651585932375 0.10318207233507062 0.028952670950527094 0.022279191585911205
0 0.9407457223196711 0.19740731973718056 0.024710839923887562 0.03288890965492599
0 0.9724758833843665 0.22626429325407696 0.04282416996194414 0.01857503737886681
0 0.8510611398101571 0.18721858272663078 0.021458505931499162 0.029545388367602586
0 0.9651143695442019 0.29156151132309177 0.021458505931499162 0.0295453883676025