3 0.22303578423772624 0.06491233229837297 0.09919656847545247 0.11366870181924557
3 0.5543739381506108 0.6894586838271682 0.09755492288667415 0.06374147642635145
0 0.8198163564138066 0.31002601074885777 0.0469937183831675 0.07696491439185812
0 0.4609512985788122 0.33770993920385173 0.0413654796419344 0.037756865177646405
3 0.5049771105758596 0.5749937694353102 0.07507914558877822 0.05334763192686935
0 0.7393077475267646 0.804004989037236 0.03838018198597286 0.06410104135632899
0 0.8548841664082693 0.22519940053361007 0.045130829734219446 0.07220463978475226
0 0.05452413247508479 0.6685145595532939 0.0253399614433371 0.03077911910658777
0 0.9772421367940215 0.6273676761741732 0.0429279796419344 0.03782963978475227
0 0.7773377621816177 0.33998318444634085 0.0452309592838688 0.07376713978475227
0 0.503871181367664 0.27817442741702747 0.04156573874123311 0.0408818651776464
0 0.32881541486710975 0.0503661428851242 0.04176599784053163 0.044006865177646425
0 0.7474065515042476 0.9992402905277593 0.027102720542635694 0.0015194189444812877
0 0.7570237785252883 0.9224467739834241 0.034193329734219444 0.07169521753501122
0 0.4744247108250283 0.24408837179267504 0.04176599784053181 0.044006865177646404
0 0.8097971275378393 0.9773674445805351 0.023516645588778216 0.0452651108389297
0 0.7838368884920645 0.4049360963569996 0.03555557063492074 0.06864299214211708
0 0.8162788625784444 0.9111860963569995 0.028804922886673977 0.06053939371369381
3 0.7852384160945022 0.935478524295265 0.059912825415282714 0.12904295140947006
3 0.8709516525286085 0.13559324503309206 0.06997014342931003 0.09517125889134018
0 0.4245086466685125 0.04859178122213443 0.03026729333702498 0.059049668320799574
5 0.7521455999354016 0.43305894230422376 0.03978199568106326 0.085976041356329
0 0.5025521059523813 0.12388718775610971 0.04372901603912886 0.050329639784752266
0 0.43286558528054864 0.8839813176160647 0.03804022054263569 0.03448631596343503
0 0.42467235347914584 0.8898310572769823 0.03804022054263569 0.034486315963434676
0 0.7759068676725736 0.26903498366055256 0.04170544108527156 0.06737159057054054
0 0.8185857210040611 0.24220280996306948 0.04180557063492074 0.06893409057054053
0 0.9109258104558879 0.12732913481784436 0.04120479333702463 0.05955909057054058
0 0.317476199104836 0.10436228411761857 0.04392927513842757 0.05345463978475227
0 0.47645370141196264 0.9685767954901581 0.0413654796419344 0.037756865177646405