3 0.17179887491694562 0.8142341279837734 0.06438147748246603 0.07881589067472702
0 0.27854621606681557 0.479149508633047 0.03687823874123301 0.039462489337999784
0 0.22257562075489248 0.532965399307774 0.038741127390180985 0.044168170671545326
5 0.3051914543466233 0.3459279286282745 0.04196625693983034 0.045767033338636055
3 0.19865036011443435 0.3792227813096829 0.08605621838316742 0.0759454293443631
5 0.3430008513196775 0.911534747294729 0.0420663864894796 0.04732953333863606
0 0.375044988427466 0.7649591919557748 0.038540868290882366 0.04104317067154532
0 0.23690463833518094 0.7321659679742284 0.038741127390180985 0.044168170671545326
5 0.609672993521595 0.11956268658500376 0.05017927513842757 0.05210794000636336
3 0.8878720627630147 0.9349042338876871 0.16930880937615383 0.10814085868872639
0 0.348205478866742 0.5901410052912291 0.038640997840531634 0.042605670671545325
5 0.35871337985419116 0.5345086232893201 0.04382914558877822 0.0504727146721816
0 0.9721229287467704 0.261456548536006 0.0557541425064592 0.04298747867599957
0 0.5727899645256561 0.324831989258458 0.045091256939830335 0.04580339600572696
0 0.7805661983296436 0.6390564792330047 0.04957849784053163 0.04273294000636341
5 0.297553439230345 0.6415495112985471 0.04040375693983034 0.04574885200509069
5 0.6488751958656336 0.14568883457991308 0.04997901603912887 0.048982940006363315
5 0.3405968306570701 0.41040805195736557 0.0436288864894796 0.047347714672181594
0 0.7609255243632352 0.6009752239020045 0.046453497840531634 0.042696577339272325
5 0.3312557017257296 0.2158404392902747 0.07946625693983034 0.04620338534372674
0 0.9385987438261367 0.6528542552116875 0.052803627390181164 0.044331802673454136
0 0.5578904480251017 0.10452857992523072 0.04997901603912887 0.048982940006363315
0 0.63562542180694 0.07313258191441303 0.03677810919158375 0.03789998933799978
0 0.6848333937338518 0.621406449912504 0.04322836829088246 0.041097714672181596
0 0.5898425524363236 0.054119499920458204 0.04841651603912887 0.04896475867281791
5 0.3249205683185689 0.4707915686266837 0.04226664558877822 0.05045453333863605
5 0.3489111759689932 0.35714669195577475 0.04362888648947969 0.047347714672181594
0 0.7877035656976753 0.3356223965627321 0.07291586829088245 0.041443160009545024
3 0.38780249768364816 0.4028222712842295 0.05390505243632351 0.06151930267345414
0 0.3422348835548189 0.6433750932925019 0.03521560919158375 0.037881808004454245
0 0.3710841694905882 0.48354555995386583 0.038540868290882366 0.04104317067154532
0 0.9643348623523444 0.32417472453855134 0.07133027529531119 0.04456816000954502
5 0.8395070951550396 0.3021826405554142 0.09090440468807692 0.054143154678544914
0 0.08082131245847282 0.4071761533259094 0.04186612739018099 0.044204533338636054
5 0.5920232210040611 0.1979513159214127 0.0790657387412331 0.03995338534372683
0 0.8721286304724998 0.33542185455127804 0.07311612739018117 0.04456816000954502
0 0.7073151588501301 0.3256121445735497 0.07115310919158375 0.03829997867599957
0 0.9726511736526413 0.7572235818746421 0.05210272054263569 0.03339430267345413
0 0.14420149444444566 0.46898526265118257 0.04362888648947964 0.047347714672181594
3 0.9827063826319684 0.6138730238701878 0.03458723473606327 0.03819089067472703
0 0.8989015954595814 0.8386104892186872 0.0525032387412331 0.03964430267345449
0 0.7103505212809162 0.2997763505729134 0.07427810919158376 0.038336341343090476
0 0.8605004295127376 0.8249843412237776 0.04957849784053181 0.04273294000636341
0 0.9621132803802149 0.2999741558720968 0.06812823874123311 0.03982611600890866
0 0.6731964705426358 0.025003617242231463 0.03703892504614252 0.017605670671545226
4 0.9967042774501668 0.5628372352005515 0.006591445099666515 0.03797271467218159