0 0.2 0.4125 0.03046875 0.0234375
0 0.1578125 0.34609375 0.03203125 0.02421875
5 0.94921875 0.21875 0.03515625 0.02578125
0 0.83515625 0.29921875 0.03046875 0.021875
0 0.325 0.26953125 0.028125 0.0234375
0 0.828125 0.21796875 0.0296875 0.021875
0 0.45390625 0.63671875 0.0125 0.0453125
0 0.2109375 0.34375 0.028125 0.02421875
0 0.9046875 0.215625 0.02734375 0.0234375
0 0.18046875 0.2703125 0.0296875 0.025
0 0.4546875 0.70859375 0.0125 0.05546875
0 0.9859375 0.21328125 0.028125 0.0234375
0 0.71484375 0.54609375 0.02734375 0.02265625
0 0.884375 0.54140625 0.03203125 0.02421875
0 0.621875 0.55 0.03125 0.02578125
0 0.35 0.6984375 0.0125 0.05078125
0 0.8703125 0.21953125 0.0296875 0.0203125
0 0.7546875 0.52890625 0.01328125 0.05625
0 0.77890625 0.21796875 0.02890625 0.0234375
0 0.71796875 0.25390625 0.02890625 0.02265625
0 0.7828125 0.64296875 0.01171875 0.0453125
0 0.84453125 0.64609375 0.01171875 0.05
0 0.76875 0.53046875 0.01328125 0.05234375
0 0.678125 0.54765625 0.028125 0.0234375
0 0.38984375 0.66953125 0.0109375 0.04921875
0 0.815625 0.64453125 0.01328125 0.05546875
0 0.67890625 0.64140625 0.0140625 0.05390625
0 0.36796875 0.0125 0.0109375 0.02421875
5 0.83828125 0.54140625 0.03828125 0.02421875
0 0.79609375 0.640625 0.01171875 0.04921875
0 0.4203125 0.66875 0.01328125 0.0515625
0 0.64765625 0.64921875 0.0125 0.0546875
0 0.384375 0.01171875 0.01171875 0.0234375
0 0.465625 0.86015625 0.0140625 0.06328125
0 0.628125 0.65078125 0.0109375 0.034375
0 0.66328125 0.64375 0.01328125 0.05625
0 0.7265625 0.21953125 0.028125 0.01875
2 0.6359375 0.8953125 0.10859375 0.03984375
0 0.86640625 0.64609375 0.01328125 0.059375
0 0.9953125 0.646875 0.009375 0.0578125
0 0.90078125 0.64140625 0.01171875 0.053125
0 0.34921875 0.9828125 0.0140625 0.034375
0 0.934375 0.525 0.0140625 0.059375
0 0.3953125 0.92578125 0.01328125 0.05546875
0 0.71015625 0.64453125 0.01171875 0.046875
0 0.725 0.6453125 0.01015625 0.05625
0 0.82890625 0.6421875 0.01328125 0.04765625