0 0.43733128879255645 0.20392067819874615 0.04502908008391256 0.04094373545613248
0 0.6127579252914502 0.8557534715404849 0.04268625269929238 0.09199605242559414
0 0.2819459717808984 0.1590073066776581 0.058121075934727706 0.04977660151720871
0 0.5682947624243327 0.9902253557692726 0.04439046265733602 0.01954928846145485
0 0.3559135002004926 0.3136148004687403 0.046709979254075586 0.04263378121376702
0 0.1928620062237773 0.027534423946682384 0.05177598755244537 0.02751896424430513
0 0.19082314169698583 0.18930097137130686 0.05319677759440165 0.046268964244305134
5 0.3053350049743775 0.22380313031507973 0.06100927759440165 0.046906693032477874
0 0.5791166311003091 0.8640125106301596 0.049765046890433595 0.10344373545613265
0 0.9707133964708706 0.16727987140040185 0.047443685062934546 0.031823826971401514
0 0.5188306651422027 0.16576671608047294 0.04682837842423861 0.04419628121376702
0 0.5082376298741311 0.09808500850412757 0.05343357593472771 0.04939396424430513
0 0.3777670346433716 0.19119766652981657 0.04202247925407558 0.0422511439408634