0 0.19931524053203023 0.28975675028434045 0.037690897540671967 0.03368532218833344
0 0.6486168455254411 0.58298856515757 0.031404536104353474 0.027289851823611145
0 0.2952464058302914 0.5325819895507642 0.034538626463433086 0.028925087005972294
0 0.698448153001621 0.4208892618709381 0.031404536104353474 0.027289851823611145
0 0.5099078277678519 0.371975717133681 0.0361193071815924 0.03208645459715278
0 0.35424818022717985 0.33554464181121557 0.0392443071815924 0.03215918977951393
0 0.8231628484523072 0.643293551574202 0.0376908975406721 0.03368532218833344
5 0.7560379392041703 0.3839536127446187 0.04238748789975162 0.03535692496187508
5 0.380619782686508 0.303350390861285 0.04237839754067192 0.03379442496187508
0 0.38491445647078015 0.9072748246568754 0.025354524004105095 0.06151938145888884
0 0.5731866161117006 0.9100946193941324 0.025354524004105095 0.06151938145888884
0 0.4625445527817881 0.9582937704203129 0.022193162567786473 0.05519664627652787
0 0.9054192739059094 0.14683808529354242 0.02997839149054755 0.05069098423243057
0 0.8336084273003138 0.29045949230364654 0.02531816256778683 0.05526938145888893
0 0.4476780768840891 0.9540420283040977 0.023764752926866174 0.056795513867708536
5 0.9194873608471432 0.41666027602298683 0.036337475799503235 0.06958645459715278
0 0.9836811501729507 0.30645078105698 0.026935204722264315 0.06468074905006951
3 0.763206586352059 0.6762683993137506 0.056513620413308985 0.04662173328249999
0 0.5634348870907436 0.9751052365588023 0.023773843285945874 0.04978952688239531
0 0.4789644383204076 0.9610193801277088 0.02219316256778665 0.05519664627652787
0 0.8944873608471433 0.416078394564098 0.03157725292686635 0.05697735182361115
0 0.5438763660135046 0.9725341891139238 0.023773843285945874 0.054931621772152536
0 0.9344442194547913 0.30218020193479245 0.020576120413308984 0.04578527868534721
0 0.5536371853935413 0.9065150245043755 0.02532725292686635 0.056831881458888844
0 0.42465769164005723 0.7566578820275698 0.026935204722264315 0.06468074905006951
0 0.5141434142181066 0.9657439009292712 0.02375566256778665 0.055233013867708534
0 0.5798820437066018 0.9799836664125003 0.02374657220870695 0.040032667174999405
0 0.49537068832040754 0.9614012398351047 0.02218407220870695 0.05363414627652787
0 0.6279508632830302 0.7902919188810422 0.020576120413308984 0.04578527868534721
0 0.5274246642181066 0.9660530254543058 0.023773843285945874 0.05835801386770854
3 0.08396048964826745 0.8705865633546181 0.08808178298109555 0.1020365851061115
5 0.2269913095192834 0.4817812493344099 0.04708407825883114 0.03702852773541672
0 0.8491521349494443 0.41111748441986184 0.04554884933607006 0.041679660144236054
0 0.973088562937129 0.23121439171430636 0.030069295081343837 0.06631598423243057