0 0.5984158422204316 0.12813901674885986 0.03258425782192056 0.07688976400381801
0 0.21998731931936724 0.9477311647039983 0.05125866311182729 0.04900112133990895
0 0.7680711056569599 0.4232804361075405 0.031203768345264393 0.07999658267027261
0 0.3583735270848181 0.813311806055043 0.04409861049510884 0.03330339600572714
0 0.6978613763507115 0.044863987428359266 0.0324022472985769 0.07376476400381801
0 0.7546287738892848 0.22455203477081342 0.03184080517696728 0.09093408267027261
0 0.18807019040840695 0.9841033746817267 0.048877115756780665 0.03179325063654659
0 0.11261516410004768 0.991506794676954 0.03859206314006221 0.016986410646092055
0 0.04487392725422731 0.9871460113383179 0.059359589448421436 0.025707977323364162
0 0.0018475952042034682 0.9915517006683636 0.0036951904084069364 0.016896598663272755
0 0.2644415165614744 0.8153459260423161 0.04437162628012441 0.03799089600572714
0 0.45375464554302186 0.8535106394016332 0.04905912628012441 0.03804544000636341
0 0.3583063666744139 0.9352686220559974 0.057235647326811724 0.04438634667409076
0 0.7921239847090946 0.5337912221116767 0.04195925782192056 0.07699885200509068