3 0.73203125 0.275 0.0828125 0.0609375
3 0.7265625 0.51640625 0.040625 0.0828125
5 0.496875 0.41328125 0.0453125 0.03671875
0 0.59453125 0.54921875 0.03828125 0.03515625
0 0.5078125 0.484375 0.034375 0.03203125
0 0.221875 0.66640625 0.03671875 0.040625
0 0.921875 0.5515625 0.0375 0.0453125
3 0.46328125 0.3640625 0.06484375 0.05
5 0.62578125 0.36640625 0.0390625 0.0328125
5 0.659375 0.71015625 0.02578125 0.08515625
0 0.1546875 0.703125 0.034375 0.0359375
0 0.53203125 0.5671875 0.03984375 0.03671875
0 0.55625 0.52109375 0.03828125 0.03671875
0 0.41328125 0.61796875 0.03828125 0.0359375
0 0.44296875 0.55546875 0.0375 0.03671875
0 0.98359375 0.02890625 0.03203125 0.02890625
3 0.89375 0.1171875 0.0640625 0.096875
0 0.2890625 0.621875 0.04140625 0.04453125
0 0.26875 0.1703125 0.02890625 0.0625
0 0.3609375 0.59453125 0.03984375 0.0375
5 0.76171875 0.6640625 0.025 0.07109375
0 0.70625 0.028125 0.015625 0.05625
5 0.7046875 0.14453125 0.01796875 0.075
5 0.57734375 0.4484375 0.03671875 0.0421875
5 0.7296875 0.6578125 0.025 0.078125
0 0.35234375 0.821875 0.03515625 0.0421875
2 0.67734375 0.10078125 0.0234375 0.2015625
0 0.73984375 0.32734375 0.03984375 0.0359375
0 0.31015625 0.86328125 0.03828125 0.04921875
0 0.92265625 0.29921875 0.046875 0.03203125
5 0.13828125 0.0203125 0.0359375 0.0390625
0 0.46796875 0.5875 0.040625 0.03515625
0 0.65 0.16171875 0.01640625 0.0828125
5 0.459375 0.9109375 0.040625 0.05703125
0 0.740625 0.76484375 0.028125 0.07265625
0 0.815625 0.39296875 0.04140625 0.0546875
5 0.91171875 0.3375 0.04609375 0.028125
3 0.890625 0.246875 0.0796875 0.04921875