0 0.4109375 0.29453125 0.0453125 0.03359375
0 0.25546875 0.30234375 0.04453125 0.034375
0 0.3875 0.23984375 0.04765625 0.0390625
0 0.09921875 0.290625 0.04765625 0.0359375
0 0.1828125 0.30078125 0.04375 0.03125
0 0.07265625 0.01796875 0.05078125 0.0359375
0 0.33359375 0.29765625 0.04375 0.03203125
0 0.96640625 0.0109375 0.05546875 0.021875
0 0.9609375 0.18671875 0.05625 0.03671875
0 0.9875 0.13515625 0.025 0.05
0 0.9875 0.06015625 0.02421875 0.04140625
0 0.85390625 0.22421875 0.0453125 0.0671875
0 0.875 0.33515625 0.05625 0.05703125
0 0.7625 0.09140625 0.0328125 0.06640625
0 0.6875 0.04296875 0.02890625 0.0859375
0 0.33046875 0.0625 0.046875 0.04375
0 0.2171875 0.0203125 0.04453125 0.028125
0 0.14375 0.0171875 0.05078125 0.03359375
0 0.01796875 0.021875 0.03515625 0.040625