0 0.5369058762113316 0.4086917481970481 0.036341691585911204 0.028925087005972294
0 0.08963276642051951 0.6367161371584722 0.037904191585911226 0.02896145459715278
0 0.5611414156838854 0.5305842787822564 0.03612317029858776 0.025800087005972118
0 0.3592671952690821 0.4393456022048608 0.03623243094224948 0.027362587005972293
0 0.30031889414446034 0.6130928799402775 0.03310743094224948 0.027289851823611145
0 0.5321916070176951 0.5764968440367356 0.03477919158591121 0.02888871941479181
0 0.4173482209958809 0.6907067740326038 0.03968521287323483 0.03212282218833344
0 0.8672160890845664 0.36980455404913115 0.036232430942249746 0.027362587005972293
5 0.6108139977310861 0.6456449279085759 0.04291947351689647 0.033758057370694414
0 0.863533714210617 0.33323127441385336 0.03623243094224939 0.027362587005972293
5 0.6958991919148874 0.6335248279848258 0.04313799480421991 0.036883057370694416
0 0.4500018198909297 0.5472106939604856 0.03968521287323483 0.03212282218833344
0 0.941849738347932 0.27291006383277694 0.033325952229572665 0.030414851823611144
0 0.8479419291775386 0.46697049477857566 0.036232430942249746 0.027362587005972116
0 0.6237278050598941 0.21557622141156196 0.018793558666190258 0.045676175911805575
0 0.9233693560092888 0.860663983760659 0.024573665102807497 0.06141027868534721
0 0.8147355812908961 0.31720753733163126 0.031217149011264312 0.02256598423243057
0 0.7941399499606591 0.6117387873316312 0.046044473516896466 0.033830792553055565
0 0.8897752420311029 0.7499089749269437 0.026026904459146037 0.05988414627652787
0 0.28279254055783454 0.5737219086256247 0.02987317029858776 0.025654616641249996
0 0.5841511248739492 0.02648421252939212 0.022901904459146038 0.05296842505878424
0 0.5857575475183255 0.08932349914697867 0.026026904459146037 0.05988414627652781
0 0.48344093069014793 0.03554649534725653 0.022792643815484227 0.058248911094166675
0 0.5667343959091712 0.09366616024114535 0.027917186390131122 0.06460801386770836
0 0.8163709569980245 0.8849937961653463 0.03173060124083733 0.05221711664124982
0 0.49906593069014793 0.03518281943545097 0.022683383171822412 0.05668641109416669
0 0.5343860716556406 0.03202079863388844 0.022574122528160778 0.05512391109416668
0 0.5504481142302875 0.027265789134583107 0.022792643815484227 0.054531578269166214
0 0.864797021364198 0.7278709739770131 0.02035605866619008 0.04571254350298624
0 0.567072885517611 0.0278833849742706 0.028135707677454748 0.0557667699485412
0 0.41867431830144586 0.23672844206062466 0.028244968321116382 0.06929551386770835
0 0.4638004200464862 0.0375635902370135 0.02290190445914586 0.059811411094166676
0 0.6036113190577506 0.019634473880103916 0.024027361884498964 0.03926894776020783
3 0.09289805816198722 0.09923497416444435 0.08736859604505716 0.08939111474138897
0 0.5160895397246554 0.03712652593246484 0.024027361884499145 0.05359777868534724
3 0.9387583172930398 0.5178952555121519 0.05102690445914604 0.06046602773541672
0 0.9154143803987054 0.729032777263645 0.02758940445914604 0.05992051386770836
0 0.763633359111382 0.7356854336081591 0.022574122528160778 0.05512391109416672
5 0.8765811093634834 0.6597385698167006 0.044416271539424915 0.07747168977951394