0 0.1015625 0.378125 0.03046875 0.0234375
0 0.121875 0.4109375 0.03046875 0.0234375
0 0.03515625 0.3765625 0.03125 0.02421875
0 0.2125 0.44609375 0.028125 0.02265625
5 0.1859375 0.40859375 0.03125 0.021875
0 0.06328125 0.409375 0.0234375 0.021875
0 0.6578125 0.2484375 0.028125 0.0203125
0 0.30078125 0.40078125 0.03046875 0.02578125
0 0.7125 0.28046875 0.028125 0.0203125
0 0.2953125 0.3234375 0.034375 0.02890625
0 0.05546875 0.3390625 0.0359375 0.025
0 0.7828125 0.278125 0.03125 0.025
0 0.35234375 0.43984375 0.02265625 0.02109375
0 0.43046875 0.3703125 0.03046875 0.02578125
0 0.9859375 0.190625 0.02734375 0.0234375
0 0.66171875 0.2828125 0.02734375 0.0203125
0 0.01015625 0.41484375 0.0203125 0.0203125
0 0.38515625 0.22265625 0.0234375 0.04453125
0 0.41953125 0.6765625 0.0109375 0.05625
0 0.884375 0.51953125 0.03125 0.02421875
0 0.82734375 0.1953125 0.03046875 0.02421875
0 0.6171875 0.284375 0.028125 0.021875
0 0.71015625 0.24453125 0.0296875 0.0203125
0 0.72578125 0.20234375 0.02890625 0.01953125
0 0.90390625 0.1921875 0.02734375 0.021875
0 0.67734375 0.53125 0.02890625 0.02265625
0 0.621875 0.5359375 0.03046875 0.02421875
0 0.234375 0.3703125 0.03046875 0.0234375
0 0.81640625 0.62421875 0.0125 0.05078125
0 0.615625 0.25390625 0.0296875 0.015625
5 0.946875 0.1953125 0.03671875 0.02578125
0 0.778125 0.19609375 0.03046875 0.02421875
0 0.75390625 0.509375 0.0125 0.05390625
0 0.78359375 0.6265625 0.01171875 0.046875
0 0.7140625 0.5296875 0.0265625 0.021875
0 0.846875 0.63046875 0.0125 0.05234375
0 0.6015625 0.4015625 0.02734375 0.02421875
0 0.23359375 0.33125 0.03125 0.0234375
0 0.76875 0.5109375 0.0125 0.04765625
0 0.86640625 0.62578125 0.0140625 0.059375
2 0.6375 0.88125 0.1109375 0.04765625
0 0.86953125 0.196875 0.03125 0.02109375
0 0.67890625 0.62578125 0.01328125 0.05390625
0 0.8296875 0.62578125 0.0140625 0.053125
0 0.79609375 0.62421875 0.01171875 0.05
0 0.52265625 0.37109375 0.0328125 0.02578125
0 0.9953125 0.625 0.00859375 0.05625
0 0.34921875 0.6859375 0.01171875 0.05078125
0 0.35 0.97734375 0.0140625 0.04453125
0 0.6453125 0.6328125 0.01640625 0.0578125
0 0.9015625 0.62421875 0.0109375 0.04921875
5 0.16640625 0.33359375 0.03828125 0.0328125
0 0.934375 0.5015625 0.01640625 0.0546875
5 0.83828125 0.521875 0.0375 0.02578125
0 0.71171875 0.62890625 0.01328125 0.05859375
0 0.72578125 0.628125 0.0125 0.0609375
0 0.6609375 0.63125 0.0140625 0.05703125
0 0.628125 0.62890625 0.01484375 0.0421875