0 0.73046875 0.4640625 0.040625 0.03125
0 0.596875 0.1359375 0.03515625 0.0328125
0 0.8265625 0.56328125 0.03984375 0.03125
0 0.6265625 0.08828125 0.0359375 0.03359375
0 0.57890625 0.5046875 0.03671875 0.03046875
0 0.603125 0.16953125 0.03671875 0.0328125
0 0.5078125 0.259375 0.03359375 0.0296875
0 0.67421875 0.48046875 0.03671875 0.028125
0 0.9375 0.48203125 0.03671875 0.03046875
0 0.596875 0.346875 0.015625 0.0578125
0 0.77265625 0.57578125 0.03828125 0.0296875
5 0.18515625 0.621875 0.03984375 0.0359375
0 0.721875 0.5859375 0.0390625 0.0328125
0 0.5859375 0.03046875 0.03984375 0.0328125
0 0.98359375 0.5171875 0.0328125 0.034375
0 0.50703125 0.22265625 0.03671875 0.0296875
0 0.6265625 0.05078125 0.0375 0.03203125
0 0.63359375 0.12109375 0.0328125 0.0296875
0 0.5046875 0.1859375 0.028125 0.0265625
0 0.93359375 0.5359375 0.0359375 0.02890625
0 0.3984375 0.10234375 0.0140625 0.06484375
0 0.62109375 0.49609375 0.0359375 0.0296875
0 0.509375 0.29140625 0.03359375 0.028125
0 0.88984375 0.54453125 0.03671875 0.0296875
0 0.78828125 0.45078125 0.0421875 0.03359375
0 0.91875 0.41328125 0.03984375 0.0328125
0 0.9796875 0.946875 0.0265625 0.0609375
0 0.24296875 0.0328125 0.021875 0.065625
5 0.25859375 0.8234375 0.040625 0.05703125
0 0.40078125 0.184375 0.01328125 0.06015625
3 0.2609375 0.2265625 0.03359375 0.11875
0 0.32734375 0.35546875 0.0140625 0.05
0 0.58203125 0.00546875 0.034375 0.0109375
0 0.67265625 0.96640625 0.0140625 0.0609375
0 0.55078125 0.62734375 0.03828125 0.0265625
0 0.62734375 0.0171875 0.03984375 0.034375
0 0.58828125 0.09453125 0.0375 0.04375
0 0.61640625 0.33828125 0.015625 0.0671875
0 0.57421875 0.346875 0.01953125 0.06015625
0 0.5515625 0.35625 0.01640625 0.07734375
0 0.63984375 0.33671875 0.021875 0.0671875
0 0.65859375 0.3328125 0.02265625 0.071875
0 0.87265625 0.428125 0.04375 0.04296875
0 0.5921875 0.61953125 0.03984375 0.03515625
0 0.640625 0.60546875 0.03828125 0.0390625
0 0.61015625 0.859375 0.0171875 0.078125
0 0.6953125 0.96328125 0.0171875 0.0609375
0 0.71953125 0.96484375 0.0234375 0.06796875
0 0.8984375 0.9546875 0.0203125 0.03203125
5 0.325 0.95625 0.025 0.07734375
5 0.45234375 0.8640625 0.0203125 0.075
5 0.2171875 0.76484375 0.040625 0.0765625
5 0.40859375 0.28515625 0.021875 0.06328125