3 0.84921875 0.921875 0.06953125 0.14765625
3 0.1078125 0.5484375 0.071875 0.05390625
0 0.20546875 0.7375 0.02421875 0.071875
0 0.58515625 0.6703125 0.03359375 0.03046875
0 0.2328125 0.77109375 0.03046875 0.06953125
0 0.5484375 0.73984375 0.03359375 0.03359375
0 0.3921875 0.07421875 0.0265625 0.05859375
0 0.584375 0.76875 0.034375 0.0375
0 0.7515625 0.878125 0.0359375 0.04375
0 0.05546875 0.5171875 0.0359375 0.03203125
0 0.27265625 0.73203125 0.0296875 0.0734375
3 0.2 0.953125 0.04921875 0.09296875
0 0.51875 0.03515625 0.02734375 0.02421875
0 0.1203125 0.4953125 0.04375 0.03828125
5 0.11875 0.971875 0.0390625 0.05625
0 0.2375 0.0328125 0.01484375 0.0625
0 0.64921875 0.95546875 0.0171875 0.0578125
0 0.18046875 0.165625 0.01484375 0.059375
3 0.21015625 0.115625 0.0265625 0.15546875
0 0.25703125 0.66640625 0.02265625 0.06484375
0 0.4515625 0.153125 0.03359375 0.046875
0 0.56484375 0.8953125 0.0328125 0.04453125
5 0.2421875 0.84140625 0.03046875 0.0703125
0 0.184375 0.09296875 0.01484375 0.05390625
0 0.1828125 0.01484375 0.0171875 0.02890625
0 0.2390625 0.14296875 0.0171875 0.06875
0 0.26328125 0.85859375 0.025 0.06015625
5 0.290625 0.63046875 0.025 0.0828125
0 0.73984375 0.9296875 0.03515625 0.0375
0 0.56171875 0.11484375 0.0359375 0.01953125
0 0.540625 0.20625 0.0296875 0.0359375