0 0.6245536991659948 0.9285663886677711 0.027708337748947896 0.03374008293962447
0 0.6461732057045989 0.6516938646211539 0.02932540145127884 0.03535714664195524
0 0.5755084977225653 0.464868476416719 0.02937996515360979 0.03691964664195542
0 0.6400769068935744 0.14112838685367252 0.03428571996293321 0.043333337748947987
0 0.4933780108845912 0.2408977522774347 0.029434528855940556 0.038482146641955414
0 0.486698935749515 0.18403019338442728 0.034012901451278665 0.035520837748947987
5 0.6636632290334259 0.2341690587233714 0.03261409255827132 0.04015377404661713
5 0.6265476310328587 0.06729158276998852 0.0714583377489479 0.03526786660488852
0 0.1359499791182438 0.5779935360275166 0.06164682813030113 0.022440484390903494
1 0.3859623257680484 0.16642852033360203 0.05127481252120454 0.08294147477225651
0 0.12089043039203737 0.39313738639033635 0.06164682813030113 0.022440484390903313
0 0.040711857071059676 0.38185763520921007 0.05534226442797028 0.02065972958157989
0 0.06727933547151328 0.515468743376578 0.06159226442797028 0.020877984390903492
0 0.06327139255042218 0.4678943389300743 0.05534226442797028 0.020659729581580067
0 0.05293160407583479 0.41819443929289407 0.058521828130301136 0.022331356986241602
0 0.06366326215053557 0.5015153707812398 0.05690476442797028 0.020714293283910834
0 0.27098717802978467 0.5474652439247322 0.063263891832632 0.02405754809323426
0 0.12232644482000765 0.411860104539171 0.058467264427970275 0.0207688569862416
0 0.051550153350195374 0.40103422114405946 0.06482639183263199 0.02411211179556503
0 0.06537952957373074 0.48346477522774356 0.058467264427970275 0.0207688569862416
0 0.058219304801474206 0.4352182481859014 0.05534226442797028 0.020659729581580067
0 0.05951890997361733 0.450034716334736 0.05539682813030113 0.022222229581580065
0 0.9121775961864685 0.09329848894577276 0.050927582939624474 0.028308538474587384
5 0.46540183302444255 0.3357390263240518 0.06827877404661713 0.03359623920022674
0 0.7650595487262064 0.1586655725183695 0.056959328130301044 0.022276793283910835
0 0.7566964333024442 0.010415377910406875 0.06482639183263199 0.02083075582081375
3 0.12479674662625698 0.8857886778601486 0.08872024881887364 0.0826885036281972
0 0.24740580117327715 0.34256941279920616 0.049146828130301135 0.022003974772256553
0 0.7584970354793625 0.0603371999230312 0.05227182813030105 0.022113102176918243
0 0.9417708377489479 0.004134362258901248 0.02867063702330839 0.008268724517802495