0 0.007239188780414012 0.41709723423243056 0.014478377560828024 0.0398625870059723
0 0.06385649528889425 0.37798148926642366 0.035746052425594324 0.03670121941479163
0 0.036513518916617554 0.6074689675149306 0.06390300333397989 0.01864220364722229
0 0.45605958392922535 0.2814409829012504 0.03469373545613248 0.04291485182361114
0 0.5714610565084802 0.1909815966927088 0.03300368969849785 0.04131598423243057
0 0.2087867448298523 0.5011131307932988 0.03249350666795978 0.03506598423243066
0 0.1035568530150208 0.40943216422829876 0.035746052425594324 0.03670121941479163
0 0.13766078604555892 0.40396406743868074 0.03587359818322886 0.03826371941479163
0 0.577105536504601 0.29443390501333383 0.03300368969849785 0.04131598423243057
0 0.45987036801793035 0.34023475465274344 0.03144118969849785 0.041279616641249996
0 0.5588492283291308 0.12493836939413243 0.03274859818322895 0.03819098423243057
0 0.2472593134663041 0.4996603867772224 0.03262105242559432 0.03662848423243048
0 0.46856009968104095 0.4351478643601393 0.03262105242559432 0.03662848423243048
0 0.02276910968298059 0.37311149810013894 0.03600114394086339 0.03982621941479172
0 0.13971788043576597 0.5034192067813543 0.028858323637421624 0.02874324905006951
0 0.09430926983470146 0.3692974734988542 0.0326210524255943 0.03662848423243066
0 0.5750007736277233 0.2435071846486116 0.03105855242559432 0.03659211664124999
0 0.9409290493814785 0.35377972273635494 0.05440045757634522 0.016861498100138927
0 0.17571915331458324 0.5034744113785072 0.03249350666795978 0.03506598423243048
0 0.3178905489224365 0.45903669319798635 0.06702800333397985 0.01871493882958326
0 0.4671887893795389 0.39441376158659763 0.0344386439408634 0.039789851823611146
0 0.4346463248453697 0.09308634450850732 0.0331312354561323 0.04287848423243057
0 0.4520574812040687 0.2249909611497573 0.0331312354561323 0.04287848423243066
3 0.13791703800241298 0.7460249340799308 0.11973841515269071 0.03397756933854179
0 0.5812831113499706 0.3775009781515977 0.029496052425594322 0.03655574905006951
0 0.3153393758938381 0.41357872283326425 0.060905549091614476 0.020131968464861316
0 0.3132348708928682 0.4393599728332642 0.059215503333979846 0.018533100873680652
0 0.566135440906446 0.08362303837208382 0.02911341515269079 0.031868249050069464
0 0.12211617906833842 0.603982251234271 0.06715554909161443 0.02027743882958344
0 0.9388722128671793 0.33103255375840357 0.04802291181871077 0.015153527735416717
5 0.22249881634124202 0.6016222770698266 0.08265300333397985 0.01907861474138901
5 0.524699818757138 0.8309526332618408 0.04276132697140156 0.046221689779513755
5 0.6706180966369251 0.8077359516504521 0.07012105242559433 0.03750130642076392
5 0.7350631049718748 0.7661855377064937 0.07075878121376711 0.04531380642076392
5 0.8770112310348906 0.7053052019347924 0.09579073212215264 0.02718205547083343
5 0.80307900770673 0.565823168215452 0.07873077787978708 0.028344511967847198
0 0.42976905346436445 0.5555688139232989 0.05149859818322895 0.03862739532659738
0 0.8320485148337315 0.4122987779228479 0.08016573212215264 0.026818379559027862
0 0.9444365577164284 0.31081097273635494 0.05140300333398003 0.018351262917777868
0 0.4403224978739681 0.13861705005559063 0.039636326971401556 0.04614895459715278
0 0.5507494280295683 0.03238719348232685 0.0360011439408634 0.0398262194147917
0 0.5835791928633 0.4260839485163199 0.0391261439408634 0.03989895459715278
0 0.5887292074071675 0.46847147026781305 0.03651132697140156 0.04607621941479181
0 0.31230997074308703 0.3931571200597225 0.06415809484924892 0.02176720364722229
0 0.3114967698347015 0.3743525686729517 0.06859050333397984 0.018751306420763926
0 0.3110662061992195 0.35086051728618084 0.08003818636451801 0.02525587955902786
0 0.0686078971056654 0.41566332722232646 0.037946281213766975 0.044550087005972294
0 0.001315976432619802 0.37856141109416674 0.002631952865239604 0.03655574905006951