3 0.846875 0.925 0.06640625 0.1421875
0 0.52734375 0.2484375 0.034375 0.0265625
0 0.4 0.28828125 0.03671875 0.02734375
0 0.403125 0.24765625 0.03515625 0.02421875
5 0.57890625 0.2515625 0.03984375 0.03125
5 0.446875 0.3328125 0.040625 0.03046875
0 0.58515625 0.671875 0.034375 0.03125
0 0.26484375 0.75703125 0.02734375 0.06875
0 0.10625 0.44140625 0.0390625 0.0359375
0 0.54765625 0.74140625 0.034375 0.03515625
0 0.52421875 0.0359375 0.0296875 0.02578125
5 0.46171875 0.25234375 0.03671875 0.02578125
0 0.29921875 0.5453125 0.01640625 0.059375
0 0.08828125 0.49453125 0.0421875 0.0375
0 0.65 0.96328125 0.01875 0.0625
0 0.7484375 0.88359375 0.0328125 0.04296875
0 0.7484375 0.92890625 0.02890625 0.0421875
3 0.20234375 0.94296875 0.04921875 0.10703125
0 0.4671875 0.28984375 0.03515625 0.0265625
0 0.58046875 0.76953125 0.034375 0.0375
0 0.5671875 0.1171875 0.03359375 0.02734375
0 0.29140625 0.078125 0.01875 0.065625
0 0.3203125 0.04375 0.0140625 0.0671875
0 0.31953125 0.29296875 0.0171875 0.08046875
0 0.2375 0.134375 0.01875 0.075
5 0.53125 0.340625 0.03984375 0.02890625
0 0.56328125 0.89296875 0.0375 0.04921875
0 0.5515625 0.93203125 0.03359375 0.05625