5 0.8141837999531178 0.8737032255460179 0.0392352168225127 0.03196263154179633
5 0.760965812838933 0.3176660571725186 0.05208065046753809 0.09206567363517096
5 0.10065100243588691 0.38620208148532653 0.05031816256778661 0.05759966837349921
5 0.9681208244482022 0.6194769990823668 0.04871930113146803 0.051258663111827474
5 0.8801400771786767 0.8002271991670714 0.04553066861791066 0.04013915258848364
0 0.9463145230221464 0.7642511727881249 0.04239657825883114 0.0383946420651398
0 0.5571106015755654 0.5830426152626705 0.04557612041330898 0.04795165258848364
5 0.8186076795398088 0.8286637413310334 0.047093168617910665 0.04023015785015573
5 0.7830584605759968 0.22211063346676047 0.0457761083130606 0.08232665258848364
0 0.5653816438282389 0.5280743942018656 0.04713862041330898 0.04804265785015538
0 0.528253827669656 0.45562327055257723 0.05183521077238851 0.049878173635170955
5 0.8367849869177929 0.7313183044710956 0.048710210772388504 0.0496961631118273
0 0.694654490728422 0.19587508618230096 0.03946247579950324 0.07102513154179624
0 0.21937879741903502 0.5235417287415511 0.042460210772388506 0.049332142065139986
0 0.590186201108027 0.49593672838861524 0.04713862041330898 0.04804265785015538
0 0.5014464088553534 0.5462181784733199 0.04399543969514959 0.04473564732681172
0 0.6851300206844554 0.303877301981434 0.026898843285945873 0.059359589448421436
0 0.8540639113894363 0.88227385971865 0.04082498789975162 0.036741136803468064
0 0.9481997307694728 0.8198109280497967 0.02832498789975162 0.03601309471009344
5 0.7670890686926656 0.43048457558837006 0.044313602262936416 0.0994231473268119
0 0.514432222185266 0.49621047319753053 0.05028180113146803 0.05134966837349921
0 0.6750293546006274 0.5813197625188951 0.036437469749379045 0.08803062101845249
0 0.4243510810875016 0.18169367591307112 0.044040891490547726 0.05254814732681177
0 0.39201075887879455 0.1267030680487982 0.047202252926866264 0.058980157850155465
0 0.7530618883672898 0.1672565334949953 0.041006795081344014 0.06799113680346806
0 0.6989794181269315 0.4023070967056447 0.036437469749379045 0.08803062101845249
0 0.20838325184671175 0.7814074366481762 0.04257838544042354 0.06964464206513998
0 0.967080499214433 0.5749002464515309 0.04083407825883114 0.038303636803468065
5 0.6304269443705317 0.9641848983951746 0.034838608313060605 0.07163020320965074
0 0.7970169423274284 0.33929042819097116 0.04105224687674216 0.07580363680346806
5 0.05127979985492191 0.8940909052193196 0.04245112041330892 0.047769642065139804
0 0.3725452249157404 0.6738209917545565 0.03774543969514967 0.044371626280124234
5 0.7944419090517452 0.43363966766762746 0.04427724082661779 0.09317314732681173
0 0.7972477047222644 0.11047518345264302 0.026717036104353654 0.028109589448421436
5 0.5474113311856975 0.12403934158514718 0.050372704722264315 0.06697466837349916
5 0.7786113342107596 0.12891437031258085 0.047311337235821684 0.07773015785015547
3 0.5555587545771863 0.9707121313300349 0.05364315046753827 0.05857573733993036