0 0.38984375 0.2453125 0.0453125 0.034375
0 0.4140625 0.3 0.04296875 0.03359375
0 0.26171875 0.309375 0.04375 0.03359375
0 0.73203125 0.62734375 0.01875 0.0578125
0 0.24375 0.11171875 0.04296875 0.0375
0 0.18515625 0.30546875 0.04140625 0.03125
0 0.33984375 0.3046875 0.04375 0.03203125
0 0.21953125 0.03203125 0.03671875 0.0328125
0 0.08515625 0.0296875 0.05234375 0.04375
0 0.01875 0.0375 0.0375 0.04375
0 0.1484375 0.0234375 0.04921875 0.03359375
0 0.72734375 0.17109375 0.02890625 0.08671875
0 0.7609375 0.06328125 0.0234375 0.07265625
0 0.95625 0.17890625 0.0578125 0.040625
0 0.98828125 0.121875 0.0234375 0.03125