3 0.07265625 0.5953125 0.05625 0.03984375
5 0.634375 0.3140625 0.0375 0.0265625
0 0.5859375 0.47421875 0.03515625 0.02578125
0 0.86328125 0.43046875 0.03515625 0.028125
0 0.403125 0.5375 0.03046875 0.02578125
5 0.82578125 0.46953125 0.04140625 0.04921875
5 0.7203125 0.30390625 0.0359375 0.028125
0 0.4421875 0.30703125 0.034375 0.0265625
5 0.6890625 0.4734375 0.03671875 0.025
5 0.78359375 0.47265625 0.0359375 0.02890625
0 0.671875 0.9453125 0.0140625 0.06015625
0 0.565625 0.94375 0.0140625 0.05859375
0 0.928125 0.03671875 0.01484375 0.0609375
0 0.65234375 0.94140625 0.01328125 0.0578125
0 0.678125 0.73515625 0.01328125 0.0484375
5 0.94765625 0.74609375 0.01796875 0.06171875
0 0.778125 0.1953125 0.01484375 0.05078125
0 0.63203125 0.940625 0.01328125 0.0578125
0 0.584375 0.94140625 0.01484375 0.04921875
0 0.60234375 0.93828125 0.0140625 0.046875
0 0.93046875 0.1703125 0.01875 0.06328125
0 0.534375 0.95 0.01328125 0.0578125
0 0.64765625 0.86640625 0.01484375 0.06328125
0 0.628125 0.871875 0.0125 0.05859375
0 0.55 0.9484375 0.01328125 0.05703125
0 0.4734375 0.75078125 0.01640625 0.06484375
0 0.73203125 0.46640625 0.03046875 0.02578125
0 0.81484375 0.31484375 0.0390625 0.0265625
0 0.6171875 0.940625 0.01484375 0.06328125
0 0.82265625 0.03671875 0.03125 0.053125
0 0.8796875 0.178125 0.0109375 0.040625