0 0.32174042607544556 0.6079144174593399 0.038122712873234654 0.03208645459715278
0 0.25177712336133995 0.4707066646095484 0.03165419158591121 0.02881598423243048
0 0.6442924052923251 0.4568908992232286 0.03823197351689629 0.03364895459715278
0 0.43045949823528923 0.5032067740326037 0.04124771287323483 0.03215918977951393
0 0.47839960752189814 0.4311129152751384 0.038122712873234654 0.03208645459715278
0 0.37623617398175857 0.4420705587018746 0.029982430942249484 0.027217116641249994
0 0.43838515680493445 0.025086673110468572 0.027370883171822413 0.050173346220937144
0 0.45675274455211834 0.02799346756338523 0.027480143815484227 0.05598693512677046
0 0.10798356469514962 0.5192922478157985 0.03488845222957297 0.030451219414791807
0 0.6052123878633995 0.11227003666604114 0.029261165102807674 0.06151938145888893
0 0.007015552462004038 0.441660169927882 0.014031104924008076 0.03535692496187508
0 0.40504387101555145 0.375881861038576 0.036341691585911204 0.028925087005972294
0 0.5033163881155011 0.041323716661909295 0.026824579953513707 0.048983013867708355
0 0.2122668731092384 0.5449442516155206 0.04459123416055819 0.03535692496187508
5 0.14740061581977135 0.34599956497013873 0.0412477128732347 0.03215918977951393
0 0.5363474094028244 0.03743499724711761 0.02915190445914586 0.05995688145888891
0 0.01762259361165518 0.4808856708778125 0.03524518722331036 0.028997822188333446
0 0.5199411594028245 0.03781685695451345 0.02758940445914586 0.059920513867708344
0 0.1542790465099193 0.3926381756274651 0.038231973516896424 0.03364895459715278
0 0.4874564413338097 0.03389307636930514 0.027480143815484227 0.05835801386770836
0 0.5892374626211332 0.02920040373380184 0.030714404459146038 0.05840080746760368
0 0.42460152623100206 0.09619436103857602 0.032823207677454745 0.06784211664125002
0 0.07896233623457465 0.4435298348217708 0.04644866510280767 0.06191942496187508
0 0.5869437170606087 0.28429050703076336 0.03104218639013112 0.06468074905006951
3 0.2461112674289257 0.33980215672576364 0.0861995799535138 0.050364982332569495
0 0.5586437544394756 0.24283035885437448 0.03438570767745475 0.06787848423243066
0 0.3581028050598941 0.22175871191225666 0.027152361884498967 0.05367051386770836
0 0.4420075475183255 0.0926693175355899 0.03315098960843983 0.07252961664125002
0 0.4207988190577505 0.02179834555534705 0.030277361884498966 0.0435966911106941
0 0.5522619865063467 0.044084387539721756 0.030823665102807672 0.06155574905006946
0 0.470105050368317 0.03663686987229127 0.027480143815484227 0.05835801386770836
5 0.12276696655640551 0.4417302922687151 0.05116901609154336 0.04018989532659738
5 0.16686117398175856 0.44694381592006927 0.04993429802252858 0.04484102773541672
5 0.20646462336133994 0.4717613247537845 0.04480975544788164 0.03848192496187508
5 0.1965547557768578 0.635787457162604 0.04480975544788164 0.03848192496187508
5 0.002328416440189983 0.6843743467896181 0.004656832880379966 0.07420121941479163
0 0.10873232768459987 0.6089723436554859 0.047825494804219916 0.03699216014423605
0 0.11438175812264628 0.728957535334861 0.03060514381548418 0.05843074905006951
0 0.027767278905766656 0.8744895473027082 0.03819912252816073 0.05548758700597247
0 0.01408823017610962 0.7250532449660069 0.02817646035221924 0.04745688145888884
0 0.025029317040938137 0.6124805097836458 0.028605601240837254 0.05214438145888885
0 0.06492769736276902 0.6107718862085416 0.05215236188449899 0.0542523953265972