0 0.44609375 0.5328125 0.0296875 0.0234375
0 0.20390625 0.5703125 0.02890625 0.021875
0 0.82109375 0.32734375 0.0390625 0.02890625
0 0.4515625 0.396875 0.03046875 0.02734375
0 0.84375 0.43828125 0.02890625 0.0546875
5 0.721875 0.3171875 0.03671875 0.028125
0 0.14609375 0.534375 0.03515625 0.02421875
5 0.72109375 0.46953125 0.040625 0.0296875
0 0.9328125 0.059375 0.0125 0.05859375
0 0.45703125 0.8875 0.01328125 0.0609375
0 0.54375 0.94609375 0.0109375 0.05390625
0 0.64140625 0.87109375 0.01328125 0.059375
0 0.82578125 0.05390625 0.02109375 0.0453125
0 0.46875 0.7578125 0.01484375 0.0609375
0 0.528125 0.9453125 0.0125 0.05625
0 0.64375 0.94296875 0.015625 0.06171875
0 0.8828125 0.2 0.01171875 0.0453125
0 0.57734375 0.93984375 0.01328125 0.04921875
0 0.59453125 0.94296875 0.0125 0.04921875
0 0.62734375 0.94296875 0.015625 0.0625
0 0.6109375 0.9421875 0.0140625 0.05546875
0 0.621875 0.8734375 0.01484375 0.05859375
0 0.9296875 0.190625 0.01640625 0.05546875
0 0.5609375 0.94140625 0.0125 0.05703125
5 0.8953125 0.25234375 0.015625 0.06015625
0 0.90546875 0.1453125 0.01484375 0.05390625
0 0.6734375 0.7453125 0.01171875 0.0453125
3 0.1578125 0.94140625 0.06640625 0.08203125
0 0.66484375 0.95234375 0.015625 0.06484375
0 0.7796875 0.21171875 0.0171875 0.046875
0 0.909375 0.009375 0.0125 0.01875