0 0.23037691452848671 0.5171875 0.03255952885594056 0.0375
3 0.8979835328626556 0.72890625 0.10961310217691818 0.0515625
3 0.8533555352249085 0.88828125 0.15450893992586606 0.084375
0 0.25789925771973027 0.35546875 0.03255952885594056 0.0375
3 0.49110110500250703 0.63515625 0.03779266587924894 0.053125
0 0.2632315653467934 0.60546875 0.032668656260602266 0.040625
5 0.16911697759784539 0.63828125 0.032668656260602266 0.040625
0 0.5610217685195036 0.42265625 0.057668656260602094 0.040625
3 0.5867236952833438 0.11171875 0.06679068511654282 0.078125
0 0.29766116216623406 0.3578125 0.03250496515360961 0.0359375
0 0.21494534356976175 0.690625 0.02921627404661713 0.03125
0 0.2697469493748771 0.553125 0.02921627404661713 0.03125
0 0.6422469427514551 0.60234375 0.035684528855940555 0.0375
5 0.28280247696487326 0.7609375 0.03434028366526398 0.04375
0 0.1482985021926167 0.809375 0.032668656260602266 0.040625
5 0.3008754090861911 0.64609375 0.03434028366526398 0.04375
0 0.7151859349469067 0.571875 0.03880952885594056 0.0375
0 0.3110068664352525 0.5796875 0.03579365626060227 0.040625
5 0.7863615636175129 0.3234375 0.07641865626060226 0.040625
5 0.2775346567239384 0.48671875 0.03428571996293313 0.0421875
0 0.29386895173712974 0.7125 0.032668656260602266 0.040625
3 0.24752727522774345 0.0484375 0.09447917549789597 0.065625
3 0.14488837014826755 0.16875 0.15465278366526394 0.04375
0 0.2810291566391204 0.81171875 0.03105159255827141 0.0390625
0 0.2846502414776615 0.4171875 0.03261409255827141 0.0390625
0 0.09424844157032872 0.52265625 0.032450401451278844 0.034375
0 0.7388218423886354 0.6109375 0.04193452885594055 0.0375
0 0.7474453965571375 0.296875 0.07792659255827132 0.0390625
5 0.24236104855657042 0.46484375 0.032668656260602266 0.040625
0 0.5332985949205241 0.1203125 0.04538691106992552 0.046875
0 0.8263515803229179 0.7890625 0.04829365626060209 0.040625
0 0.32086550527265956 0.52109375 0.032668656260602266 0.040625
5 0.22906486335520962 0.86796875 0.03110615626060227 0.040625
0 0.05592507386913187 0.18828125 0.06627976442797026 0.01875
0 0.02579110744957782 0.46953125 0.030778774046617118 0.03125
0 0.12639383049255382 0.1390625 0.06164682813030113 0.0203125
0 0.1332860826851705 0.9484375 0.03261409255827141 0.0390625
5 0.6532588869384905 0.309375 0.10281746515360979 0.0359375
0 0.8764879895787449 0.78515625 0.04522321996293286 0.0421875
3 0.2558604871316742 0.95078125 0.04080853847458741 0.05
3 0.3275644277753306 0.41875 0.045024812521204535 0.08125
0 0.16637150054815417 0.20234375 0.07124008293962455 0.0265625
5 0.09840026134792737 0.26953125 0.07749008293962456 0.0265625
0 0.8656298790491241 0.60390625 0.06084821996293286 0.0421875
3 0.21824644756077846 0.59609375 0.057633939925866254 0.084375