3 0.15234375 0.2971542630130053 0.1078125 0.06877936305535756
3 0.0421875 0.42511339206514 0.084375 0.07210178413027997
5 0.45078125 0.6106300179923284 0.053125 0.05465667889684287
0 0.4828125 0.4562456258566014 0.0390625 0.04133763154179633
0 0.64296875 0.10776116517796588 0.0375 0.04437162628012441
5 0.36953125 0.1543352443853923 0.0625 0.05207771046687397
0 0.5359375 0.4569960547534443 0.0390625 0.03977513154179633
0 0.434375 0.4635807127447741 0.0359375 0.036468121018452496
3 0.846875 0.30479360182614224 0.165625 0.07058405773721602
5 0.2265625 0.3100707629424181 0.0953125 0.055551320961982766
0 0.596875 0.08398275995864635 0.0296875 0.036104099971765134
0 0.94921875 0.3732544464656483 0.053125 0.03434417889684287
0 0.3953125 0.8144305812029777 0.046875 0.04960515785015538
0 0.40546875 0.04705336540384483 0.034375 0.03481461575678067
0 0.25703125 0.25168911554501916 0.0703125 0.046282736775233244
0 0.46484375 0.5317615653473751 0.0453125 0.04951415258848364
0 0.309375 0.3188002918110261 0.0828125 0.03763577886860796
5 0.58359375 0.04727171523443563 0.0359375 0.028655621018452537
0 0.21484375 0.7140757234798792 0.0484375 0.045008663111827295
5 0.1171875 0.35448164462538867 0.0859375 0.05031778939195171
0 0.87265625 0.7266076886437277 0.0703125 0.04472023677523325
0 0.63671875 0.0589596441312785 0.0296875 0.036104099971765134
0 0.6921875 0.12234658092062914 0.040625 0.05080363680346807
0 0.17578125 0.7610193419380831 0.0578125 0.053367194681858444
5 0.1046875 0.6185973525320139 0.0625 0.050515210466873836
0 0.03671875 0.3896386236492885 0.06875 0.03994173151356133
0 0.33203125 0.28261986810526796 0.075 0.04186825256024873
0 0.784375 0.07771589135926824 0.05625 0.04858868942018655