3 0.4189215495135327 0.07235091802235855 0.08965460957707698 0.12496481818121905
3 0.9376217674564611 0.7373103015487181 0.10021028003177221 0.10328073295387127
3 0.4616448376629796 0.0856633957012242 0.09110801542127547 0.11874209172016939
0 0.23515133239126912 0.7120833940763711 0.03505683847375849 0.03966251785690744
0 0.2560084922893623 0.054107252842669075 0.04136138555165925 0.04289661201270885
0 0.317295225246529 0.43573335389832923 0.03505683847375849 0.03966251785690744
0 0.3560774870176518 0.674827081577195 0.03508411201270878 0.041225017856907444
3 0.06636356534184526 0.30192496428618504 0.13272713068369052 0.061775071427629946
5 0.2661515109603439 0.36789701745316566 0.042978432629559825 0.04604888555165916
5 0.3934160255741358 0.862399219564486 0.04155230032431154 0.0538341120127086
5 0.1729940259778776 0.5593089959428102 0.05240797970746054 0.049337526785361165
0 0.36739995982195817 0.07090719480771976 0.042951159090609536 0.04448638555165918
0 0.2449235730557783 0.5549294131510946 0.03823638555165916 0.0428420649348082
5 0.22892997483949182 0.2631101059269242 0.047720479707460586 0.0492557061685102
0 0.41017505723076103 0.9761344370970821 0.03651024431795715 0.03343979139585755
0 0.6321952966741589 0.2927786461082613 0.07422843262955983 0.04659435633066593
5 0.40731883848034905 0.9160463709444577 0.039935253246410875 0.05068183847375849
0 0.38358310390162453 0.7993088843371384 0.03667388555165916 0.04281479139585773
0 0.2707188652657103 0.8668839423720878 0.03508411201270887 0.041225017856907444
0 0.7318701939969408 0.4886348425375388 0.04289661201270896 0.041361385551659066
5 0.36537462054071607 0.7238685535740178 0.03667388555165916 0.04281479139585791
5 0.4159390511383858 0.28796228125288337 0.06956820616851012 0.048075035713814974
0 0.6715815304421044 0.5420149870176518 0.041388659090609535 0.044459112012708954
0 0.3602362962671218 0.12336003896352113 0.046130706168510206 0.04766593262955987
0 0.7322828457806544 0.1965291631543899 0.07102161201270896 0.041852309252765306
0 0.7680843835263597 0.5169001643722059 0.04761138555165907 0.04300570616851011
0 0.6574231676153215 0.23454340625453102 0.0662795649348082 0.038645488635914306
5 0.09051849107484153 0.4967056302766534 0.0726932061685102 0.04812958279171564
0 0.2728361132338201 0.47712201298893875 0.03667388555165925 0.04281479139585791
0 0.27771234821628643 0.2872509894499885 0.041388659090609535 0.04445911201270878
0 0.467655104302071 0.014068633930101382 0.04281479139585791 0.028137267860202764
0 0.6114618311701578 0.18301786242304124 0.06778751785690744 0.03554776217486459
0 0.08513906453106636 0.26796302151035545 0.06770569724005646 0.030860262174864594
0 0.04391445211461571 0.6162329261367381 0.03823638555165918 0.0428420649348082
0 0.8112805990270653 0.14516548620687286 0.07422843262956 0.04659435633066598
0 0.5772720174531656 0.2624968567409984 0.06935001785690745 0.03557503571381489
0 0.10607312743727963 0.32148744196505075 0.05515115016215577 0.02751707386326192
0 0.3324644833642038 0.5510583449698755 0.03826365909060954 0.04440456493480802
3 0.9560264886392096 0.3988108632371154 0.06474433847375849 0.04018071509696401
0 0.1270036416440344 0.643680041802895 0.03823638555165916 0.0428420649348082
0 0.5738294176153215 0.2360025405883742 0.06932274431795715 0.034012535713814976
0 0.9510451136408573 0.6394495000065905 0.045939791395857556 0.036728432629559826
5 0.9489327832814783 0.31302336770134226 0.042787517856907445 0.03511138555165916
4 0.9515941331193225 0.3395313206234416 0.05068183847375849 0.039935253246410875
5 0.42079374107154627 0.012510975244881312 0.039580697240056396 0.025021950489762624
5 0.8848368758124266 0.09233476664568206 0.08220457386326174 0.05610572402541767