0 0.3926219514630208 0.10270775667026236 0.02732621941479172 0.034204581637205765
0 0.4839366292746874 0.1450390988229177 0.02881598423243048 0.03116146879233552
0 0.29385583672163185 0.17888075305221773 0.028888719414791632 0.034286468792335524
0 0.3317584930661458 0.02911977046507227 0.027108013867708357 0.024829581637205788
0 0.40991398176388866 0.33436387041964377 0.02732621941479163 0.034204581637205765
0 0.36260779635277773 0.08157970714523219 0.02725348423243057 0.03107958163720579
0 0.32483569262930556 0.05769847184455327 0.027289851823611145 0.03264208163720579
0 0.32386672577996495 0.3681822704650723 0.024019381458888843 0.026228307326946344
0 0.3115952765980549 0.7609872461548127 0.03045121941479172 0.03436835594746519
0 0.3402859338924995 0.6373383842144537 0.027289851823611145 0.032642081637205854
0 0.12183983273447843 0.8816704811168075 0.02888871941479172 0.034286468792335614
0 0.14546047711114518 0.8078169012886238 0.02732621941479172 0.034204581637205675
0 0.264138395139166 0.7835306315009202 0.02732621941479163 0.034204581637205675
0 0.2898365646857983 0.38517169662978257 0.02732621941479163 0.034204581637205765
0 0.35313861132291646 0.2531681021022781 0.02725348423243057 0.031079581637205856
0 0.38142334622093715 0.44941898236000277 0.02732621941479172 0.034204581637205675
0 0.2741414423449651 0.2529390507682256 0.03208645459715278 0.03757524310259504
0 0.6500414871791313 0.7044151780852743 0.05207164627652787 0.024577276119281777
0 0.30188719547909715 0.13628049525030161 0.030487587005972296 0.03593085594746528
0 0.16368575988055498 0.6969170228399214 0.03205008700597225 0.03601274310259513
0 0.7208079288585063 0.722203543643678 0.04894664627652787 0.024413501809022263
0 0.15877940112308966 0.7396810549520971 0.027289851823611145 0.03264208163720568
0 0.6387955158644786 0.6834885244218012 0.05995688145888885 0.028111711894930558
0 0.4195584726458329 0.4913099112382467 0.02242051386770836 0.024583920171816587
0 0.4288808808902081 0.3932409034363305 0.022456881458888845 0.026146420171816585
0 0.38649009308680504 0.5677971681356515 0.03215918977951393 0.040700243102595124
0 0.2881864117597568 0.2208225915868285 0.02242051386770836 0.024583920171816587
0 0.7281664871791313 0.7085095358417618 0.04262391109416672 0.020960953188503238
0 0.1430472579806939 0.6426456026681049 0.05247168977951393 0.041764776119281775
0 0.3685362608304855 0.7342476837394838 0.030414851823611144 0.032805855947465365
0 0.013748803002291459 0.5119610894391219 0.027497606004582918 0.03017217887824373
0 0.0037562071626039647 0.4926788229307785 0.007512414325207929 0.019732645861557076
5 0.47034494832888873 0.22489369515944455 0.03052395459715278 0.03749335594746537
0 0.22611759717086768 0.46787465400215744 0.04920121941479172 0.035351001809022266
0 0.7483692311952077 0.7478962624360135 0.041170513867708355 0.025566566033373483
1 0.6596704071070134 0.7276036945936177 0.10563305737069442 0.04611143939369331
1 0.8354146363054508 0.7720131931232797 0.12136716014423606 0.05161781094499105