0 0.0125 0.28046875 0.025 0.01953125
0 0.01171875 0.15 0.02265625 0.02265625
0 0.1078125 0.33828125 0.02578125 0.01953125
0 0.196875 0.284375 0.0234375 0.01875
0 0.0125 0.259375 0.02421875 0.01953125
0 0.5859375 0.58515625 0.02734375 0.01953125
0 0.0109375 0.1890625 0.021875 0.02109375
0 0.01171875 0.23515625 0.0234375 0.0203125
0 0.16015625 0.69765625 0.02734375 0.0203125
0 0.25625 0.68515625 0.02421875 0.01796875
0 0.0125 0.30078125 0.025 0.01953125
0 0.103125 0.07109375 0.0265625 0.0203125
0 0.15859375 0.1109375 0.02421875 0.01875
0 0.5015625 0.5828125 0.02734375 0.0203125
0 0.62109375 0.62109375 0.02578125 0.01953125
0 0.19765625 0.33125 0.0265625 0.01953125
0 0.2578125 0.3484375 0.02109375 0.0203125
0 0.0703125 0.34140625 0.028125 0.021875
0 0.196875 0.30546875 0.0234375 0.01953125
0 0.259375 0.3734375 0.021875 0.01796875
0 0.16171875 0.221875 0.025 0.0203125
5 0.67109375 0.5921875 0.03046875 0.02109375
0 0.0703125 0.29765625 0.0234375 0.01796875
0 0.06171875 0.009375 0.021875 0.01875
0 0.103125 0.140625 0.0234375 0.01875
0 0.25546875 0.30078125 0.01875 0.01875
0 0.25625 0.32578125 0.01953125 0.01875
0 0.571875 0.65 0.021875 0.01796875
0 0.1078125 0.31875 0.02421875 0.01875
0 0.00859375 0.01328125 0.0171875 0.0203125
0 0.10546875 0.22734375 0.0234375 0.01875
0 0.103125 0.1171875 0.02578125 0.01953125
0 0.19296875 0.12890625 0.02421875 0.0203125
0 0.06640625 0.165625 0.0234375 0.01875
0 0.1625 0.2890625 0.021875 0.01953125
0 0.64609375 0.559375 0.02421875 0.01953125
0 0.19375 0.19453125 0.02265625 0.01796875
0 0.171875 0.3703125 0.02265625 0.01953125
0 0.190625 0.0828125 0.02421875 0.01953125
0 0.1625 0.334375 0.02109375 0.01875
0 0.25546875 0.2796875 0.0203125 0.01953125
0 0.15703125 0.0453125 0.0234375 0.01953125
0 0.10390625 0.16328125 0.02421875 0.0203125
0 0.10390625 0.20703125 0.0234375 0.01953125
0 0.1 0.02734375 0.025 0.0203125
0 0.18828125 0.0171875 0.02265625 0.0203125
0 0.0640625 0.0546875 0.02109375 0.01796875
0 0.19453125 0.2390625 0.02421875 0.01953125
0 0.0125 0.32578125 0.025 0.01953125
0 0.0171875 0.41484375 0.0265625 0.02109375
0 0.06640625 0.11875 0.0234375 0.0203125
0 0.16015625 0.15703125 0.02421875 0.01953125
0 0.1609375 0.26796875 0.01796875 0.0171875
0 0.06484375 0.09921875 0.02265625 0.01953125
0 0.246875 0.1234375 0.021875 0.0203125
0 0.06953125 0.32109375 0.02421875 0.01796875
0 0.19140625 0.10703125 0.02421875 0.01875
0 0.15859375 0.08984375 0.0203125 0.0171875
0 0.16171875 0.24375 0.0234375 0.0203125
0 0.06328125 0.03046875 0.02265625 0.01953125
0 0.06640625 0.14453125 0.02265625 0.01875
0 0.19296875 0.175 0.0234375 0.01953125
0 0.01015625 0.07734375 0.0203125 0.0203125
0 0.15859375 0.06640625 0.02265625 0.01796875
0 0.0171875 0.38984375 0.0203125 0.0171875
0 0.06875 0.25546875 0.025 0.01875
0 0.06640625 0.1859375 0.0234375 0.01953125
0 0.0671875 0.209375 0.0234375 0.01953125
0 0.15546875 0.0203125 0.0203125 0.01953125
0 0.24296875 0.0125 0.015625 0.0203125
0 0.1953125 0.08671875 0.0234375 0.01875
0 0.2578125 0.39296875 0.021875 0.01875
0 0.01484375 0.37109375 0.0203125 0.0171875
0 0.10859375 0.29375 0.0234375 0.01796875
0 0.10078125 0.0078125 0.0265625 0.015625
0 0.06953125 0.23046875 0.0265625 0.0203125
0 0.1546875 0.00546875 0.0203125 0.01015625
0 0.19453125 0.153125 0.025 0.0203125
0 0.121875 0.44296875 0.0109375 0.04453125
0 0.3859375 0.1984375 0.0125 0.04921875
0 0.06484375 0.0734375 0.02109375 0.01875
5 0.42265625 0.91328125 0.0125 0.05703125
0 0.00546875 0.6578125 0.0109375 0.0203125
0 0.3703125 0.2078125 0.01015625 0.040625
0 0.159375 0.13125 0.0234375 0.01875
0 0.06328125 0.11171875 0.0234375 0.01953125
0 0.246875 0.05703125 0.01640625 0.01796875
0 0.2484375 0.078125 0.02265625 0.021875
0 0.19765625 0.2640625 0.02421875 0.01796875
0 0.13515625 0.440625 0.0109375 0.04375
0 0.225 0.4359375 0.01015625 0.0421875
0 0.10625 0.27265625 0.025 0.02109375
0 0.009375 0.10234375 0.01875 0.0203125
0 0.0578125 0.44765625 0.0109375 0.0453125
0 0.01015625 0.0578125 0.0203125 0.021875
0 0.159375 0.3125 0.0203125 0.01796875
0 0.16015625 0.196875 0.0234375 0.01796875
0 0.2359375 0.43203125 0.009375 0.04296875
0 0.06875 0.27578125 0.0234375 0.01796875
0 0.10703125 0.2515625 0.025 0.01875
0 0.1625 0.17734375 0.021875 0.01796875
0 0.17265625 0.4375 0.01015625 0.04375
0 0.42265625 0.5953125 0.0125 0.0484375
0 0.19609375 0.43671875 0.0109375 0.040625
0 0.18515625 0.434375 0.01015625 0.04140625
0 0.0359375 0.33203125 0.01328125 0.046875
0 0.16015625 0.43828125 0.009375 0.0421875
0 0.5765625 0.61640625 0.021875 0.01796875
0 0.12890625 0.96328125 0.028125 0.03828125
0 0.0125 0.21328125 0.0234375 0.01953125
0 0.21171875 0.43515625 0.0109375 0.040625
0 0.0859375 0.440625 0.0109375 0.0421875
0 0.19375 0.03671875 0.02265625 0.02109375
0 0.3734375 0.315625 0.01015625 0.03828125
0 0.1921875 0.06015625 0.025 0.02109375
0 0.0484375 0.45 0.0109375 0.0453125
0 0.25390625 0.259375 0.01875 0.0171875
1 0.3484375 0.1953125 0.01640625 0.11328125
5 0.38515625 0.2875 0.01171875 0.059375
0 0.1015625 0.05078125 0.025 0.0171875
0 0.009375 0.0390625 0.01875 0.021875
0 0.01171875 0.1234375 0.0234375 0.0234375
5 0.0140625 0.3421875 0.02421875 0.0203125
0 0.0125 0.17109375 0.02421875 0.02109375
0 0.10390625 0.184375 0.02890625 0.02578125
0 0.10078125 0.09140625 0.02734375 0.0203125
0 0.19609375 0.21484375 0.0296875 0.01640625
0 0.24375 0.0359375 0.01875 0.02109375
0 0.24453125 0.1 0.0171875 0.021875