3 0.5192806743362061 0.7859401021084909 0.04833934091247087 0.03866765785015556
3 0.15807248517125239 0.07968604195220044 0.07760502965749523 0.14481124203690504
0 0.9253847301911555 0.5441206833114688 0.03239600593149916 0.02994510523343692
0 0.4366591753247892 0.7764293232398829 0.0354573389353046 0.028564615756780754
3 0.2591655281002584 0.6736852128859484 0.08258700692008221 0.03754477360693613
0 0.38069301821442664 0.7277496285580245 0.035521005931499074 0.030127115756780752
0 0.4039129312934694 0.3500796548663837 0.03564833992388792 0.033252115756780755
1 0.20582164669305825 0.5029940103115822 0.07353034190105419 0.04481124203690499
0 0.10473269608503595 0.6584256919804353 0.03539367193911027 0.027002115756780753
0 0.2634736847163294 0.7217054839326358 0.032268671939110226 0.02682010523343692
0 0.8648027158566993 0.6087222386296103 0.03721083992388756 0.03334312101845249
5 0.8778730602292114 0.5570155254613132 0.05159167490485998 0.04197466837349921
0 0.5370040266173837 0.6969153994635375 0.032268671939110226 0.02682010523343692
0 0.8600926526245573 0.5129092096904151 0.038837006920082476 0.03499662628012423
5 0.5008781842220378 0.7378820337067568 0.04020850593149916 0.030400131541796327
5 0.558563350229649 0.7443742283886152 0.04177100593149916 0.030491136803468065
5 0.04900927810025838 0.6614450051910847 0.04821200692008223 0.03554265785015538
0 0.44496369562792537 0.28434053377734403 0.035775673916276673 0.03637711575678067
0 0.7199253200778623 0.897080541387503 0.021551347832553348 0.06984206314006229
5 0.174726861104064 0.6703334287556685 0.046649506920082205 0.03545165258848364
0 0.356044411558987 0.04501345229201752 0.022286176882026075 0.049620568401734046
0 0.9312235533091293 0.593013209619828 0.040335839923887916 0.03352513154179633
5 0.43997251772013507 0.7335515785015547 0.038646005931498986 0.03030912628012423
0 0.09772666791041547 0.7919284367187635 0.04502333992388783 0.0337981473268119
0 0.2508528927759066 0.12816061028334733 0.03603034190105418 0.042627115756780666
0 0.4343777978347408 0.9859885208349258 0.03233233893530461 0.028022958330148385
0 0.48481944410786965 0.6899604731975305 0.04346083992388792 0.033707142065139806
0 0.41101711855561884 0.25260541538972736 0.03590300790866543 0.039502115756780753
0 0.2549793186693496 0.0845471181758551 0.029780341901054184 0.042263094710093305
5 0.4246631941078697 0.6864567706231643 0.04189833992388792 0.03361613680346807
5 0.3306320098114696 0.7647722154461971 0.04177100593149898 0.030491136803468065
0 0.2928481669218323 0.8079915944277445 0.03552100593149898 0.030127115756780752
0 0.392966230648266 0.9070121943289227 0.03552100593149898 0.030127115756780398
0 0.3847292608000529 0.7632243969738759 0.04020850593149898 0.030400131541796327
5 0.3142549347163294 0.7246631549369709 0.044896005931499075 0.03067314732681172
0 0.5672870928152752 0.7801220125894822 0.029143671939110227 0.026638094710093263
0 0.44957423566554394 0.09431477325400031 0.03810217787060921 0.05521812101845254
0 0.9659924841454881 0.5276913174841008 0.03147017589344294 0.04547909997176518
0 0.6616565167315519 0.7511618256589573 0.020116181824942105 0.07287605787839038
0 0.5813655443746997 0.9926095181335028 0.03484984387822045 0.014780963732994224
3 0.79660840315603 0.11061169134515078 0.04533635771838505 0.11799113680346807