0 0.4515610662722537 0.716752492286067 0.037656508897248565 0.04281479139585791
0 0.5086281028498312 0.8910627455324779 0.037656508897248565 0.04281479139585791
0 0.4851654506452034 0.5643229675293007 0.039346342889637495 0.0459670649348082
0 0.2843046517103362 0.328950709007884 0.03596667490485981 0.03966251785690744
0 0.4041701186299809 0.569154743503883 0.031279174904859805 0.039580697240056396
5 0.5666250617864483 0.3026508563273707 0.037656508897248565 0.042814791395857824
0 0.24868419220506538 0.12534842207625302 0.03427684091247105 0.03651024431795715
5 0.4063135973754427 0.4684825876596843 0.0409725098858317 0.04755683847375849
0 0.7395545899238878 0.044136747154035635 0.06039367193911023 0.026036394480112923
0 0.2898104827741565 0.7131484310047067 0.062083505931498986 0.02918866801906326
5 0.4103869906456409 0.35769509212391115 0.037656508897248565 0.042814791395857824
0 0.5217171269957569 0.21599060754518667 0.034595175893442943 0.04432274431795715
0 0.5003103592012597 0.1313019618472578 0.06064833992388792 0.032286394480112925
0 0.22701205243208927 0.6472546497551187 0.062019838935304696 0.027626168019063257
0 0.3290095870325004 0.8129808356310895 0.07008700692008221 0.034012535713814886
0 0.11332889581601824 0.6928926578727935 0.060521005931499026 0.02916139448011279
0 0.06533311170989872 0.5304511590906096 0.06358233893530466 0.027653441558013546
0 0.05603902475176041 0.5131136546263827 0.07171317391627663 0.03560230925276535
0 0.17217867790779037 0.45112394358660846 0.049392504942915846 0.024282979707460583
0 0.33358972729976805 0.29311834902377 0.04215300790866543 0.03820911201270878
0 0.5183401176042167 0.17143208400623636 0.0565975098858317 0.04782957386326192
5 0.4433851744477493 0.43946328936396767 0.036094008897248564 0.042787517856907445
4 0.4878964501880928 0.9570598924482228 0.046360346843970036 0.06482615909060954
0 0.77787694368794 0.14161176501094314 0.06272017589344295 0.04481366801906326
0 0.6500331279843401 0.22291453773911457 0.06377333992388792 0.03234094155801355
0 0.8286807569200823 0.04725383887420502 0.06527217292769336 0.030805715096963938
5 0.8581945019771663 0.024348172883736648 0.07576400395433254 0.020059129869616322
5 0.6908915968439701 0.07607649390762476 0.07659167490485981 0.04037162986961631
0 0.625645940227899 0.12255998173276014 0.051146005931499164 0.028997753246410872
0 0.6134841798477757 0.07316395372958293 0.0685245069200823 0.03398526217486462