3 0.09481635641380654 0.27716101045275654 0.1603948843300113 0.09807202090551304
3 0.42152215144887445 0.14052264434304002 0.07581962523071262 0.0900327367752332
3 0.260881447406793 0.3179665629283007 0.10506703423772627 0.060602842008670166
3 0.7787827413621267 0.21347908611171382 0.1409044046880769 0.06113346302712266
0 0.7245818044389083 0.4243641072289884 0.0353157387412331 0.040973610495108836
0 0.8584501688722794 0.7279279939618692 0.0353157387412331 0.040973610495108836
0 0.6295696930878563 0.4235002862670056 0.04156573874123311 0.04133763154179633
0 0.6872541802879298 0.3155582546263873 0.0585529796419344 0.03921368942018653
0 0.6399040206626074 0.5361822967903492 0.0353157387412331 0.040973610495108836
5 0.5350033744555203 0.6725076626883043 0.03707849784053163 0.04418961575678075
0 0.30433556291989816 0.5952493997458862 0.04469073874123301 0.041519642065139986
0 0.4821406739664084 0.06621986533325766 0.038440738741233105 0.041155621018452535
5 0.5479098804725 0.3759357705525772 0.054366127390180985 0.04675317363517104
0 0.37796283003876124 0.6267793917827913 0.0382404796419344 0.03803062101845249
0 0.5997086196751583 0.5891028994635376 0.03707849784053163 0.04418961575678075
5 0.8871025023071265 0.9078353018402596 0.037178627390181164 0.04575211575678075
0 0.24915460055371036 0.2199917945124492 0.08022772054263569 0.03736276308359247
0 0.505415092534146 0.2107889126883043 0.06566457279438911 0.028731215728545756
0 0.9193609831856786 0.5610204859987744 0.0353157387412331 0.040973610495108836
0 0.7084222856220022 0.6094447625188951 0.0353157387412331 0.040973610495108836
0 0.28022623688630655 0.6319835602974647 0.04459060919158375 0.039957142065139804
0 0.9384686219915102 0.20332137806391426 0.04348918414544123 0.022769642065139983
5 0.5205208559523813 0.13072198109003835 0.038440738741233105 0.041155621018452535
0 0.3515169393872285 0.2991171233669398 0.0773029796419344 0.04030575256024882
0 0.6255060633813235 0.7851889441877482 0.031890350092285046 0.03610409997176518
0 0.1478910055463291 0.8017360762236546 0.048116127390180986 0.04638915258848364
3 0.1836561296973076 0.9104509235645839 0.14094397748246604 0.08604245776545091
0 0.9501768800110746 0.22813166226478127 0.034014054595791876 0.020661110495108836
0 0.7868102105112612 0.9866510680840918 0.036978368290882455 0.026697863831816448
5 0.7925052799187895 0.18470163872843232 0.08169009099298634 0.03589126834526431
0 0.9832740306893694 0.5064764701431717 0.03345193862126124 0.04575211575678075
0 0.11090094771133477 0.8439466920510224 0.02544009099298643 0.03261507892507751
5 0.4752281423495758 0.14053732587071882 0.04881703423772628 0.05732665258848364
0 0.7954986744278336 0.25570438346676044 0.06762759099298635 0.03507222099021767
5 0.9401219571244004 0.16839264121809389 0.02952681369509058 0.02351309471009331
0 0.04002063001107464 0.17512109734092923 0.060415868290882344 0.04399219468185844
0 0.2535102359634559 0.28796054451244923 0.08415375693983033 0.050044773606936134
0 0.3778384099298642 0.33334020492285343 0.0804279796419344 0.040487763083592476
0 0.41345123072166856 0.03886913908136815 0.035476425046142526 0.019189615756780687