0 0.7033432548093235 0.00625 0.019186509618646853 0.0125
0 0.2836185757680484 0.1796875 0.01967758293962456 0.0265625
0 0.7220932548093234 0.00625 0.019186509618646853 0.0125
0 0.8110739092558271 0.00390625 0.022147818511654194 0.0078125
0 0.3807589929132419 0.478125 0.03837301923729371 0.025
0 0.34013897131369547 0.6125 0.019623019237293704 0.025
0 0.3081424376484315 0.56875 0.01967758293962447 0.0265625
0 0.37173371169504865 0.6 0.019623019237293704 0.025
0 0.4014484935462141 0.60078125 0.019623019237293704 0.025
0 0.8666170703257527 0.05078125 0.019568455534962937 0.0234375
0 0.9832514988188737 0.0796875 0.02285714664195524 0.028125
0 0.8086061628840243 0.08984375 0.019623019237293704 0.025
0 0.4059301516209149 0.684375 0.021185519237293705 0.025
0 0.681140905712448 0.24296875 0.019459328130301046 0.0203125
0 0.44777045515644465 0.87578125 0.021294646641955416 0.028125
0 0.8961061628840243 0.08984375 0.022748019237293703 0.025
0 0.7369072668750409 0.184375 0.022748019237293703 0.025
0 0.8289186628840242 0.08984375 0.019568455534962937 0.0234375
0 0.6768353185116542 0.0078125 0.019295637023308564 0.015625
0 0.6336210649682752 0.246875 0.019459328130301046 0.0203125
0 0.6826909928284238 0.153125 0.01951389183263199 0.021875
0 0.6459325480932343 0.0625 0.019623019237293704 0.025
0 0.7626215402886859 0.09296875 0.019623019237293704 0.025
0 0.44376251223535357 0.828125 0.02296627404661713 0.03125
0 0.8424256021769182 0.0515625 0.019568455534962937 0.0234375
0 0.4406895867374576 0.7625 0.019623019237293704 0.025
0 0.35877244254257296 0.9 0.02280258293962456 0.0265625
0 0.6285193588003402 0.10078125 0.021294646641955416 0.028125
0 0.7665699411069926 0.0046875 0.02063988221398514 0.009375
0 0.6487897079820335 0.1890625 0.019623019237293704 0.025
0 0.40523818165798176 0.6421875 0.022857146641955418 0.028125
0 0.8636136106144388 0.14375 0.021130955534962935 0.0234375
0 0.3979439705959053 0.16484375 0.022857146641955418 0.028125
0 0.6700421706885725 0.059375 0.019568455534962937 0.0234375
0 0.77690972958158 0.0546875 0.019623019237293704 0.025
0 0.3527827488188736 0.0796875 0.021130955534962848 0.0234375
0 0.5382143065307547 0.1546875 0.04095238221398514 0.009375
0 0.4336087183184706 0.64921875 0.01951389183263199 0.021875
5 0.43400058791858404 0.6828125 0.01973214664195542 0.028125
0 0.3489186827542901 0.2375 0.019568455534962847 0.0234375
0 0.01746529691210788 0.1421875 0.025873019237293692 0.025
0 0.8460367302145521 0.17734375 0.022748019237293703 0.025
0 0.33999008293962457 0.0265625 0.019623019237293704 0.025
0 0.6705828624285373 0.18671875 0.01951389183263199 0.021875
0 0.37628224700477514 0.03671875 0.01951389183263199 0.021875
0 0.9379117169677083 0.07890625 0.019623019237293704 0.025
0 0.2717981328469573 0.13203125 0.019623019237293704 0.025
0 0.3218875122353536 0.828125 0.019623019237293704 0.025
0 0.4260640253125615 0.2765625 0.024310519237293705 0.025
0 0.8176017061679349 0.14609375 0.022748019237293703 0.025
0 0.7076091472749276 0.15078125 0.01940476442797028 0.01875
0 0.7536756154237623 0.15 0.022693455534962936 0.0234375
0 0.4311359935462141 0.60078125 0.019623019237293704 0.025
0 0.5298462458236488 0.11640625 0.04736607332097762 0.0140625
0 0.6601017194147789 0.24453125 0.01940476442797028 0.01875
0 0.952309033665264 0.04375 0.01951389183263217 0.021875
0 0.6081547842982362 0.16640625 0.01951389183263199 0.021875
0 0.7821106394703794 0.18125 0.019568455534962937 0.0234375
0 0.6565501003628198 0.00859375 0.01935020072563951 0.0171875
0 0.6217683617955652 0.0640625 0.022857146641955418 0.028125
0 0.9913839465492881 0.13359375 0.014935519237293703 0.025
0 0.8492038810328587 0.0890625 0.021185519237293705 0.025
0 0.505481196001134 0.3359375 0.05076389183263199 0.021875
0 0.6347023822139851 0.009375 0.01940476442797028 0.01875
0 0.6986954495445131 0.096875 0.021185519237293705 0.025
0 0.8717906983633867 0.1765625 0.021185519237293705 0.025
0 0.6955555805773719 0.1859375 0.019568455534962937 0.0234375
0 0.7574330432839108 0.05625 0.019568455534962937 0.0234375
0 0.6127182879264332 0.25234375 0.01951389183263199 0.021875
0 0.6413393065307547 0.1546875 0.01951389183263199 0.021875
0 0.43916180307219366 0.71875 0.017951391832631815 0.021875
0 0.7317063569862416 0.0578125 0.019623019237293704 0.025
0 0.7392386039910168 0.09453125 0.01956845553496276 0.0234375
0 0.533435037293461 0.1296875 0.044131945916316084 0.0109375
0 0.7061136238612826 0.2421875 0.019459328130301046 0.0203125
0 0.9583184754052286 0.17109375 0.01951389183263217 0.021875
0 0.7197346358421821 0.0953125 0.019623019237293704 0.025
0 0.8876289747722567 0.0484375 0.021076391832632168 0.021875
0 0.6911359206885725 0.059375 0.019568455534962937 0.0234375
0 0.8206051658792489 0.053125 0.01951389183263217 0.021875
0 0.9298834513586115 0.13984375 0.019568455534962937 0.0234375
0 0.6534647950980094 0.09921875 0.021185519237293705 0.025
0 0.9102852247722566 0.0484375 0.01951389183263217 0.021875
0 0.8920486346610559 0.175 0.021185519237293705 0.025
0 0.4572843536124986 0.946875 0.022857146641955418 0.028125
0 0.8010739158792491 0.053125 0.019568455534962937 0.0234375
0 0.5433755216843645 0.190625 0.04256944591631608 0.0109375
0 0.5402133161494016 0.1671875 0.044131945916316084 0.0109375
0 0.8394221424656042 0.14453125 0.01951389183263217 0.021875
0 0.5191790751350762 0.05703125 0.04731150961864685 0.0125
0 0.8572941779449668 0.23125 0.0210218281303014 0.0203125
0 0.5422123257680485 0.1796875 0.04407738221398514 0.009375
0 0.9049380150609425 0.14140625 0.019568455534962937 0.0234375
0 0.5894171640651505 0.01015625 0.019459328130301046 0.0203125
0 0.9185987217770316 0.08515625 0.01967758293962447 0.0265625
0 0.7294841472749276 0.15078125 0.01951389183263199 0.021875
0 0.13679568338726228 0.36015625 0.04747520072563942 0.0171875
0 0.7114211388374071 0.05859375 0.019623019237293704 0.025
0 0.548990604623989 0.2171875 0.044131945916316084 0.0109375
0 0.975746533665264 0.04375 0.021185519237293705 0.025
0 0.8854340469121078 0.1421875 0.019459328130301046 0.0203125
0 0.6737772950980093 0.09921875 0.019623019237293704 0.025
0 0.9312698473675948 0.0453125 0.01951389183263217 0.021875
0 0.5943328425582713 0.0390625 0.04758432813030104 0.0203125
0 0.7263442783077864 0.23984375 0.01940476442797028 0.01875
0 0.7396230722246694 0.41875 0.044186509618646855 0.0125
0 0.8047396076192138 0.18046875 0.022748019237293703 0.025
0 0.8902480656012475 0.36953125 0.05049107332097762 0.0140625
0 0.8239955830244426 0.3515625 0.04574900961864685 0.0125
0 0.5525793960938012 0.23046875 0.04256944591631608 0.0109375
0 0.07775055480147419 0.43671875 0.05043650961864685 0.0125
0 0.5454563768565075 0.20546875 0.04100694591631608 0.0109375
0 0.6758309015360968 0.359375 0.04407738221398514 0.009375
0 0.284928104623989 0.2171875 0.019623019237293704 0.025
0 0.970329891284478 0.22421875 0.019295637023308387 0.015625
0 0.5675967277674814 0.01171875 0.01951389183263199 0.021875
0 0.9501141058051153 0.1375 0.01940476442797028 0.01875
0 0.9953199510421256 0.16953125 0.009360097915748966 0.025
0 0.9832639117028978 0.16953125 0.019623019237293704 0.025
0 0.7891989092558271 0.00390625 0.019022818511654195 0.0078125
5 0.26168157758214694 0.22265625 0.01984127404661713 0.03125
0 0.5246577488188736 0.0796875 0.04736607332097762 0.0140625
0 0.9734697602516189 0.13515625 0.01951389183263217 0.021875
0 0.9916282386096636 0.221875 0.01674352278067275 0.015625
0 0.8250248257680484 0.1796875 0.021185519237293705 0.025
0 0.15199914208708604 0.996875 0.034593254809323425 0.00625
0 0.7746602380191004 0.146875 0.01951389183263199 0.021875
0 0.5891443786706061 0.2484375 0.021185519237293705 0.025
0 0.7614782248570746 0.3734375 0.04736607332097762 0.0140625
0 0.7837152902886859 0.09296875 0.019623019237293704 0.025
0 0.9381151028098904 0.17421875 0.021185519237293705 0.025
0 0.9267708642426358 0.2296875 0.01935020072563951 0.0171875
0 0.7942187698702659 0.14765625 0.019513891832631813 0.021875
0 0.9614583443723699 0.08203125 0.01967758293962447 0.0265625
0 0.5179613155164293 0.04453125 0.04736607332097762 0.0140625
0 0.9781175820749842 0.34296875 0.043764835850031505 0.015625
0 0.8734226310328588 0.0890625 0.01967758293962447 0.0265625
0 0.4074306534350134 0.72734375 0.022857146641955418 0.028125
0 0.6624057746795893 0.15390625 0.01795139183263199 0.021875
0 0.7158680805773718 0.1859375 0.019623019237293704 0.025
0 0.9154861346610559 0.175 0.022748019237293703 0.025
0 0.9460838594333122 0.2234375 0.022420637023308387 0.015625
0 0.8814038005403049 0.228125 0.022202382213985315 0.009375
0 0.9032788005403048 0.228125 0.022420637023308387 0.015625
0 0.5743601376562808 0.13828125 0.04106150961864685 0.0125
0 0.5480927596186469 0.0125 0.022748019237293703 0.025
5 0.6136086322139851 0.009375 0.02409226442797028 0.01875
0 0.7501909729581581 0.00546875 0.022256945916316086 0.0109375
0 0.8352653774046617 0.003125 0.023655754809323425 0.00625
0 0.8571403774046618 0.003125 0.020530754809323426 0.00625
0 0.9000818455534961 0.00234375 0.022038691106992303 0.0046875
0 0.7603447668750409 0.184375 0.022748019237293703 0.025
5 0.5395486611547436 0.371875 0.05986607332097762 0.0140625
0 0.5659846755827139 0.390625 0.03481150961864685 0.0125