0 0.17265625 0.39921875 0.0359375 0.02734375
0 0.69921875 0.45 0.02421875 0.02109375
0 0.6296875 0.353125 0.03203125 0.025
0 0.04765625 0.40859375 0.03125 0.02421875
0 0.89609375 0.478125 0.03203125 0.025
0 0.4078125 0.41796875 0.03203125 0.025
0 0.7890625 0.61328125 0.028125 0.0234375
5 0.30390625 0.33671875 0.03515625 0.02578125
0 0.896875 0.43671875 0.03359375 0.0234375
0 0.81953125 0.33203125 0.040625 0.028125
5 0.725 0.3203125 0.03671875 0.028125
0 0.953125 0.5671875 0.025 0.021875
0 0.30390625 0.6046875 0.03125 0.02265625
5 0.8859375 0.35078125 0.03203125 0.0671875
0 0.86328125 0.32265625 0.0375 0.040625
0 0.47265625 0.6015625 0.03203125 0.025
1 0.01640625 0.365625 0.0328125 0.03671875
0 0.72890625 0.4140625 0.03359375 0.0265625
0 0.9359375 0.06171875 0.0171875 0.059375
0 0.45546875 0.88828125 0.0125 0.06015625
0 0.6421875 0.94765625 0.0125 0.065625
0 0.67265625 0.7484375 0.0109375 0.04453125
0 0.54140625 0.94765625 0.01171875 0.05390625
0 0.62109375 0.87890625 0.0140625 0.05234375
5 0.90546875 0.21953125 0.01875 0.0734375
0 0.8296875 0.05859375 0.02421875 0.046875
0 0.640625 0.875 0.01328125 0.05859375
0 0.55859375 0.94765625 0.01171875 0.05546875
0 0.59375 0.9453125 0.01328125 0.05234375
0 0.4671875 0.75625 0.015625 0.0640625
0 0.6078125 0.94453125 0.0140625 0.05390625
0 0.575 0.9453125 0.01171875 0.053125
0 0.5234375 0.9484375 0.0140625 0.05625
0 0.43203125 0.72265625 0.0125 0.0578125
0 0.625 0.9484375 0.0140625 0.06484375
0 0.884375 0.20234375 0.0125 0.0453125
3 0.1515625 0.94140625 0.0703125 0.0875
0 0.66171875 0.95625 0.01484375 0.065625
0 0.78359375 0.215625 0.01328125 0.05859375
0 0.9359375 0.2 0.01875 0.05859375
5 0.915625 0.09453125 0.0203125 0.075