0 0.1 0.29453125 0.02421875 0.02109375
0 0.42265625 0.3109375 0.0296875 0.0234375
0 0.071875 0.3390625 0.02734375 0.02265625
0 0.81640625 0.22265625 0.0296875 0.02109375
0 0.24375 0.2984375 0.0296875 0.021875
0 0.18515625 0.33515625 0.02890625 0.02265625
0 0.1625 0.4359375 0.0265625 0.01953125
0 0.39609375 0.42578125 0.0203125 0.01640625
0 0.06171875 0.4421875 0.03203125 0.021875
0 0.0296875 0.30625 0.0296875 0.025
0 0.80703125 0.25546875 0.028125 0.02109375
0 0.55859375 0.4453125 0.02890625 0.02265625
0 0.77109375 0.29296875 0.03046875 0.021875
0 0.05078125 0.26484375 0.0296875 0.02265625
0 0.21796875 0.43203125 0.02734375 0.021875
0 0.90546875 0.290625 0.02421875 0.0203125
0 0.01015625 0.2703125 0.0203125 0.01953125
0 0.71015625 0.38203125 0.02734375 0.02109375
0 0.16796875 0.2546875 0.0296875 0.02265625
5 0.29140625 0.2546875 0.03125 0.02265625
0 0.6609375 0.409375 0.02890625 0.02265625
0 0.67265625 0.646875 0.0125 0.0546875
0 0.5796875 0.30234375 0.02890625 0.02421875
0 0.2078125 0.253125 0.0296875 0.02265625
0 0.30703125 0.32734375 0.02578125 0.02109375
0 0.48203125 0.41875 0.03046875 0.02265625
0 0.71640625 0.43671875 0.02890625 0.021875
0 0.24921875 0.253125 0.01875 0.01875
0 0.37421875 0.45625 0.02578125 0.01953125
0 0.1125 0.43203125 0.03203125 0.02109375
4 0.31484375 0.4296875 0.04375 0.02421875
0 0.5125 0.22734375 0.02890625 0.046875
0 0.5890625 0.0453125 0.01328125 0.05234375
5 0.49296875 0.275 0.034375 0.025