0 0.73125 0.46328125 0.04140625 0.03125
0 0.6046875 0.1671875 0.0375 0.03359375
0 0.67421875 0.47578125 0.03671875 0.02890625
5 0.18359375 0.6171875 0.03984375 0.034375
0 0.72109375 0.5859375 0.0390625 0.03125
0 0.6359375 0.11875 0.03359375 0.0296875
0 0.7734375 0.57578125 0.03828125 0.02890625
0 0.5796875 0.503125 0.03828125 0.03046875
0 0.62890625 0.08515625 0.03515625 0.03359375
0 0.5984375 0.13046875 0.03515625 0.03203125
0 0.82734375 0.56484375 0.03984375 0.0296875
0 0.59765625 0.34609375 0.01640625 0.059375
0 0.91953125 0.415625 0.040625 0.0328125
0 0.58671875 0.0265625 0.03984375 0.03359375
0 0.5078125 0.2546875 0.03359375 0.02890625
0 0.50546875 0.1828125 0.02890625 0.0265625
0 0.509375 0.28828125 0.034375 0.02890625
0 0.55234375 0.353125 0.01484375 0.065625
0 0.50703125 0.21796875 0.0328125 0.028125
0 0.32734375 0.3296875 0.01640625 0.06484375
0 0.628125 0.0484375 0.0375 0.0328125
0 0.6203125 0.49375 0.03671875 0.03125
0 0.78828125 0.45078125 0.0421875 0.03359375
0 0.8921875 0.546875 0.03671875 0.02890625
0 0.89765625 0.96015625 0.02421875 0.03984375
0 0.62421875 0.015625 0.03203125 0.0296875
0 0.309375 0.1359375 0.01484375 0.05390625
0 0.7671875 0.584375 0.0359375 0.028125
0 0.9796875 0.95234375 0.02421875 0.06015625
0 0.571875 0.3453125 0.01484375 0.0546875
0 0.39921875 0.09375 0.01484375 0.06484375
0 0.584375 0.00390625 0.0375 0.0078125
0 0.6421875 0.60625 0.03046875 0.02734375
0 0.93203125 0.5390625 0.03515625 0.028125
0 0.59296875 0.61796875 0.03515625 0.028125
5 0.21328125 0.7609375 0.0359375 0.05703125
5 0.25546875 0.81953125 0.03359375 0.0609375
5 0.321875 0.95078125 0.02265625 0.090625
5 0.45234375 0.86640625 0.02421875 0.084375
5 0.409375 0.278125 0.01953125 0.07890625
3 0.26328125 0.21640625 0.03125 0.1359375
0 0.24609375 0.03359375 0.02265625 0.0671875
0 0.40546875 0.1828125 0.02109375 0.071875
0 0.45625 0.4765625 0.03828125 0.0484375
0 0.6078125 0.85546875 0.01796875 0.07421875
0 0.66796875 0.9671875 0.01484375 0.065625
0 0.69296875 0.96796875 0.02109375 0.06171875
0 0.71953125 0.96796875 0.01875 0.05859375
0 0.54921875 0.6234375 0.040625 0.03671875
0 0.87578125 0.428125 0.04140625 0.03984375
0 0.9859375 0.525 0.02734375 0.03828125
0 0.590625 0.0953125 0.04296875 0.04609375
0 0.61875 0.33515625 0.015625 0.06953125
0 0.63828125 0.3359375 0.0171875 0.0640625
0 0.66015625 0.3265625 0.01953125 0.065625