0 0.5379419823543532 0.47076242314106087 0.045147479254075765 0.041519642065139806
5 0.125750558289081 0.401242523536349 0.05426237012586883 0.05916216837349921
5 0.8759388898228859 0.504573064923852 0.04791728174358667 0.03701415258848364
5 0.6994868240606279 0.27536516510737874 0.05085395020978147 0.09629814732681172
5 0.75963384790683 0.7967689992235412 0.03693316016782511 0.07682010523343692
0 0.43850882218652815 0.5403021074407499 0.04526587842423861 0.04308214206513981
0 0.605481912018703 0.6253581888554892 0.04140717261537965 0.053746626280124235
5 0.6543421126526917 0.15660048357969994 0.04881785352912935 0.08995714206513994
0 0.6667942298555536 0.8517834519390817 0.033452962657336015 0.07195059471009344
0 0.6985392920933269 0.9669451483245876 0.030564760997662078 0.06610970335082485
0 0.6588795991562298 0.6041426124906601 0.044768970955705714 0.05705363680346807
3 0.6717283383590604 0.954615965446197 0.04699524440092269 0.09076806910760596
3 0.6437925925082453 0.9596790444065684 0.04640324855010754 0.08064191118686317
0 0.6165004157669026 0.06572558362205223 0.0357491684661948 0.061195105233436985
0 0.24727371263411416 0.8893403049652058 0.04607136182749905 0.07424113680346807
0 0.24755839377157826 0.19176037869919882 0.05184776514684693 0.06835515785015547
0 0.29386470870864384 0.22270654181102612 0.05125576929603186 0.06054265785015547
5 0.3953698543543219 0.12582310751133705 0.05172936597668389 0.06679265785015547
0 0.7166132792447868 0.38072749929412836 0.038022063487172984 0.07066111049510884
0 0.6320523769511242 0.8442670835514651 0.03189046265733601 0.07185958944842134
5 0.6927288452075376 0.8823277966491748 0.039679651869455414 0.09253611049510865