1 0.38924408912730774 0.8190619277902499 0.05414815260503385 0.09285127344521663
0 0.4627030138582481 0.7628935155478324 0.029726041356328815 0.03650618506293455
0 0.3915945328792735 0.15015856243826586 0.02979881596343468 0.03806868506293441
0 0.4126903211352305 0.3992346798648424 0.029726041356328992 0.03650618506293446
0 0.3581697950803825 0.3496499995757928 0.03143409057054054 0.0397495842330974
0 0.570141102152477 0.36161351284853993 0.029726041356328815 0.03650618506293446
0 0.40176982196379996 0.7005603815245163 0.03455909057054054 0.03998638257342364
0 0.4497213627009563 0.9078983622284845 0.02979881596343468 0.03806868506293455
0 0.46590963627009563 0.05889309978092979 0.028017992142117087 0.03326278589277141
0 0.3887885181969651 0.004062675202814855 0.02630994292790536 0.00812535040562971
5 0.314505262410506 0.7188502854685641 0.034704639784752266 0.04311138257342364
0 0.5231805190255346 0.2834302358788382 0.0346318651776464 0.041548882573423464
0 0.3782575091007371 0.4532243628531843 0.029726041356328815 0.03650618506293455
0 0.3320137859841546 0.8109426970862816 0.03485018899896399 0.04623638257342364
0 0.8614381902418182 0.341875817613136 0.06188356989237605 0.02493006763635792
0 0.37052843817490366 0.5690269616084288 0.03455909057054054 0.03998638257342364
0 0.9352095223353036 0.5130036111795773 0.06515411910658812 0.028291865976683893
0 0.07204797291620398 0.9769983626526916 0.062174668320799584 0.031180067636358187
0 0.061298871592296425 0.8734948543543218 0.051382717535011294 0.033476273445216975
0 0.8614445366033271 0.5255996221772394 0.061956344499482084 0.026492567636357833
0 0.9265494598865255 0.4147912541259629 0.05556079528527036 0.022893970955705712
0 0.69283373945603 0.35153792799074257 0.05556079528527036 0.02289397095570589
0 0.2104127677871895 0.7975807819440792 0.055706344499481995 0.02601897095570571
0 0.8638439445850444 0.5075124730070764 0.060321069892376046 0.024811668466194804
0 0.7296958846174657 0.37910589832174846 0.06515411910658778 0.028291865976683983
0 0.7389124110865984 0.5823726082797922 0.04760274607105863 0.019176975104890737
0 0.9265451517809735 0.48174195578563683 0.052508569892376046 0.02421967261537965
0 0.9304728265119138 0.4308423066154738 0.05868579528527036 0.02313076929603177
0 0.9272365105484791 0.46689820578563684 0.05563356989237604 0.02445647095570571
0 0.9344111557099151 0.49671576034974035 0.06820634449948174 0.026966164317009954
0 0.9258238678682428 0.39694090329612597 0.061956344499482084 0.026492567636357923
0 0.31422266439636737 0.8753487392028305 0.06410104135632881 0.03911096680652122
0 0.9257660558337495 0.4483258045408814 0.052435795285270356 0.02265717261537965
5 0.0973219547192389 0.9525069255151648 0.07779966832079957 0.03236405933798814
0 0.9436748397464804 0.5318244661585991 0.05719606989237604 0.02457487012586874
3 0.8875299251452251 0.03744507488582051 0.09426373035529281 0.07489014977164102
0 0.2048433562908155 0.9505873827739162 0.06373716832079959 0.03129846680652086
0 0.2080625556288617 0.8981844331888347 0.049456344499482 0.025545374275053944
5 0.2410377214684619 0.9089201010303297 0.0799443651776464 0.04498245850815117
5 0.6231118209303427 0.7787642014359594 0.03982878742738745 0.05284158008391256