0 0.18359375 0.4 0.034375 0.02734375
0 0.4375 0.56328125 0.03203125 0.0265625
0 0.0984375 0.57578125 0.034375 0.02734375
0 0.61953125 0.390625 0.034375 0.028125
0 0.48515625 0.47421875 0.03515625 0.0296875
0 0.43359375 0.39296875 0.03515625 0.028125
0 0.278125 0.4390625 0.0265625 0.02421875
0 0.8390625 0.58203125 0.03046875 0.02578125
0 0.8453125 0.38828125 0.03359375 0.02890625
0 0.459375 0.8859375 0.01484375 0.06171875
0 0.628125 0.94609375 0.0125 0.0578125
0 0.646875 0.946875 0.0125 0.05546875
0 0.57890625 0.9421875 0.01484375 0.05546875
0 0.4953125 0.9546875 0.01484375 0.05703125
5 0.725 0.3140625 0.03671875 0.02890625
0 0.7046875 0.48515625 0.02421875 0.02578125
0 0.53125 0.43203125 0.02578125 0.0234375
0 0.43828125 0.86171875 0.0140625 0.04765625
0 0.5953125 0.940625 0.0140625 0.0546875
0 0.89453125 0.478125 0.0265625 0.05546875
0 0.52890625 0.94375 0.0125 0.04453125
0 0.9578125 0.45859375 0.03203125 0.02734375
0 0.0046875 0.4 0.009375 0.02734375
0 0.54609375 0.94921875 0.01328125 0.05625
0 0.89765625 0.31015625 0.01484375 0.04375
0 0.56171875 0.94453125 0.01328125 0.05703125
0 0.53203125 0.60625 0.03203125 0.0234375
0 0.99140625 0.5890625 0.0171875 0.028125
0 0.8203125 0.32578125 0.04140625 0.02578125
0 0.784375 0.20859375 0.01640625 0.05546875
0 0.93515625 0.05625 0.015625 0.0671875
0 0.93671875 0.1875 0.015625 0.0640625
0 0.8828125 0.1984375 0.021875 0.05234375
0 0.8625 0.315625 0.03828125 0.046875
5 0.921875 0.22734375 0.021875 0.06796875
0 0.83046875 0.05234375 0.02734375 0.053125
5 0.7515625 0.47421875 0.040625 0.0359375
5 0.8015625 0.4875 0.04375 0.034375
5 0.85 0.4859375 0.0453125 0.03125
0 0.43359375 0.7171875 0.01484375 0.05703125
0 0.4703125 0.75078125 0.01875 0.0609375
0 0.675 0.74296875 0.0140625 0.0453125
0 0.64296875 0.87421875 0.01484375 0.05859375
0 0.625 0.8765625 0.01640625 0.06171875
0 0.6125 0.9421875 0.01328125 0.059375
0 0.66640625 0.95234375 0.01484375 0.0640625