0 0.6408860420950765 0.41171875 0.04001724623907634 0.0328125
0 0.48712820777190957 0.52421875 0.038318353919208195 0.028125
0 0.30622491943775676 0.0796875 0.02355717194503919 0.0578125
0 0.30823632963780645 0.5515625 0.027289925705962937 0.025
0 0.2867845976510021 0.0828125 0.023557171945039278 0.0578125
0 0.9069740433487177 0.40078125 0.03836381802583091 0.0296875
0 0.5226588793212373 0.4296875 0.03041492570596276 0.025
0 0.4821342015702104 0.1109375 0.025210600158284534 0.0609375
5 0.9491782637235466 0.34765625 0.05113660266556721 0.0390625
5 0.5738636781467383 0.47109375 0.03836381802583091 0.0296875
5 0.3118039473470683 0.459375 0.04318771034569906 0.034375
0 0.37079588479802067 0.0703125 0.02355717194503919 0.0578125
5 0.3263367749398106 0.7171875 0.04157974623907634 0.0328125
0 0.35457149122451137 0.0765625 0.023466243731793845 0.0546875
0 0.3854805104248412 0.06484375 0.021949207838416564 0.05625
5 0.26565402454409925 0.56484375 0.04318771034569906 0.034375
1 0.7348095383341529 0.44453125 0.0985571719450391 0.0578125
1 0.42760479209507646 0.41171875 0.08748327962517113 0.053125
5 0.2101625424907879 0.5640625 0.048147994985435094 0.04375
5 0.1504609335570147 0.5796875 0.05021060015828453 0.0609375
5 0.034375280812305384 0.51015625 0.04010817445232166 0.0359375
5 0.15097672525637976 0.8390625 0.030079956584775313 0.0671875
0 0.12766594272821474 0.65546875 0.03173338479802066 0.0703125
0 0.23120613136630136 0.7234375 0.043324102665567035 0.0390625
0 0.19337952243252815 0.7390625 0.05007420783841652 0.05625
0 0.2747361371722891 0.984375 0.036846782132453626 0.03125
0 0.29070681498982304 0.83515625 0.023466243731793845 0.0546875
0 0.19543141890903132 0.86328125 0.02342077962517113 0.053125
0 0.1701168333322231 0.98671875 0.027335389812585563 0.0265625
0 0.1434741138153241 0.8765625 0.02511967194503919 0.0578125
0 0.29591085972519604 0.2890625 0.02351170783841656 0.05625
0 0.30686742860895677 0.15546875 0.023829956584775314 0.0671875
0 0.3231827503957114 0.15234375 0.023602636051661817 0.059375
0 0.4944787403665815 0.23984375 0.03173338479802066 0.0703125
0 0.5391152904457238 0.2703125 0.025119671945039102 0.0578125
0 0.40494356426490724 0.0625 0.02530152837152997 0.0640625
0 0.3218953835443794 0.08125 0.026727636051661906 0.059375
0 0.2687249194377567 0.0796875 0.026864028371529968 0.0640625
0 0.3374521873844454 0.07890625 0.02525606426490725 0.0625