0 0.7037836946112712 0.16851197761030445 0.044371626280124234 0.03971095318850328
0 0.5626189102692299 0.2989730042954132 0.040973610495108836 0.034859678878243816
0 0.702615307737216 0.20194195330004497 0.04115562101845249 0.03798467887824382
0 0.7084488078078032 0.12825546980838834 0.04437162628012441 0.03971095318850333
0 0.7579670205525773 0.5638997207128995 0.04749662628012423 0.03987472749876275
0 0.6041972784450851 0.5581775859326189 0.041064615756780755 0.03642217887824373
0 0.8399744257013098 0.6881428041591275 0.0441896157567804 0.03658595318850324
0 0.7017170205525772 0.5609517831282285 0.04418961575678075 0.03658595318850324
0 0.666094707836038 0.0964389037750148 0.044462631541796326 0.041273453188503305
0 0.666663855233437 0.06609298450770942 0.03904708944842135 0.02852779172311406
0 0.6664726813865045 0.236654467999366 0.042718121018452494 0.03806656603337357
0 0.646384778445085 0.5603885391211222 0.042627115756780756 0.03650406603337366
0 0.6660785682605598 0.20314260515449578 0.04115562101845249 0.03798467887824382
0 0.567716662970653 0.22602682722619166 0.03132559471009344 0.02968085594746528
0 0.5590612707643388 0.331498899252459 0.041064615756780755 0.03642217887824373
0 0.4724203025461313 0.11432800938379581 0.02891322625188959 0.06849769448207602
0 0.9066613967621144 0.6830702018297069 0.03922909997176518 0.03165279172311415
0 0.7336334204396378 0.6810119776103045 0.04740562101845249 0.03831222749876275
0 0.4001277596057105 0.9859839241285453 0.018734589448421345 0.027463258706427497
0 0.7876306757013095 0.6853995844622809 0.04088260523343692 0.033297178878243724
0 0.5636052866199414 0.26241802860567265 0.03307010523343692 0.032887743102595034
0 0.39480395179790734 0.8945776741285453 0.0285492052052021 0.0622476944820761
0 0.5937162628012438 0.40497069877748915 0.028913226251889412 0.0684976944820761
0 0.6399920233245875 0.41051136985381687 0.028640210466874018 0.0638101944820761
0 0.8149527679217414 0.5661073518751355 0.04749662628012459 0.03987472749876275
0 0.38322899992941284 0.09407638511896482 0.025515210466874015 0.06364642017181651
5 0.19963087578601418 0.5657931755988834 0.04758763154179624 0.04143722749876275
0 0.6147645101704079 0.4052949253717408 0.028367194681858443 0.0591226944820761
0 0.9071619257013095 0.691663951829707 0.03766659997176518 0.03157090456798421
0 0.7048841920510225 0.09379858265325859 0.040973610495108836 0.034859678878243795
0 0.556888909916294 0.6686337290806424 0.039411110495108835 0.03477779172311415
3 0.32296560509226263 0.19606493102595038 0.05415542093374794 0.12745661465389255
0 0.9513074968750539 0.5670224779489887 0.04575211575678075 0.03666784034363317
0 0.07913011803468076 0.40915699400710615 0.03278167889684287 0.05468085594746537
5 0.20749512564483985 0.7141897320213186 0.06025423151356133 0.07169793758467105
5 0.24247634137338564 0.7798899751239137 0.06347023677523325 0.07342421189493056
5 0.29243708597053947 0.928934984734852 0.04121580517696728 0.09250840456798422
5 0.4362256123494859 0.8702670708946136 0.034328768345264396 0.08124335594746554
5 0.45903117868508136 0.2989962584792846 0.032220236775233245 0.0717864687923356
5 0.3780703340455752 0.19272192503305657 0.03414675782192056 0.07811835594746527
0 0.32660029735504664 0.031135971844553266 0.03132559471009326 0.02968085594746528
0 0.3684362707643387 0.3215086663266293 0.040487763083592476 0.0800084045679843
0 0.46842231826055974 0.19278388003058217 0.033782736775233246 0.07186835594746528
0 0.48483335744074985 0.5012957428754523 0.045008663111827295 0.05064845318850324
0 0.5928242228445948 0.911186399252459 0.03727175782192056 0.07828213025772471
0 0.6031191678088018 0.6733931501569701 0.04437162628012441 0.03971095318850324
0 0.6536729046546222 0.6721482326986872 0.04951415258848364 0.047769114653892684
0 0.9542721441312786 0.6847865100611644 0.050621626280124586 0.04003850180902226
0 0.9895982747105926 0.6849812618701867 0.020803450578814876 0.053855340343633
0 0.9037422521367258 0.5660874197175312 0.047678636803468066 0.042999727498762755