0 0.3277529500092888 0.3503842514606024 0.03134508838228234 0.024472319698425872
0 0.7757877083076585 0.29545770339231625 0.03314438672260831 0.027734020735185095
0 0.587684057062903 0.3142739283218067 0.03638778589277134 0.02956992280870363
0 0.5998083166106727 0.4846547788401862 0.03638778589277134 0.029569922808703807
0 0.7925994678554281 0.46542845080041817 0.03302598755244528 0.026171520735185184
0 0.4427859541584736 0.3324558747404175 0.033144386722608485 0.02773402073518518
0 0.0988233892214081 0.39086015438259275 0.029782588382282336 0.024335618661666558
0 0.20533257573423502 0.3123360302543059 0.04119368506293446 0.03154252591898139
5 0.2999346807132569 0.2946222670119913 0.04119368506293446 0.03154252591898139
0 0.60992348072719 0.8360901397261585 0.0185616684661948 0.06060530933083328
5 0.5804626302983384 0.2708656809137048 0.03951278589277134 0.029843324882222078
0 0.10099658278320493 0.11856548934958351 0.020360966806520952 0.06386701036759254
0 0.1349240647365729 0.24457162327981505 0.0256637734452168 0.05191381451462966
0 0.07018336805127642 0.05441480645611123 0.01699916846619489 0.06046860829407406
3 0.5268686466945852 0.5287847791230101 0.04947978174358649 0.0384760311027776
5 0.1310779369370342 0.2975988784636113 0.03357136182749913 0.07433561866166656
0 0.5287811471187925 0.9068899467479176 0.01664397095570571 0.05578110829407414
0 0.08343149710021497 0.18773515438259275 0.018561668466194912 0.06060530933083328
0 0.4242344344614565 0.8452579625821304 0.018561668466194982 0.06060530933083328
0 0.17752227137062432 0.03873243491972255 0.025426975104890736 0.04878881451462959
0 0.42565614711879257 0.9159122151740284 0.01676237012586874 0.057343608294074144
0 0.1324609929510301 0.1913099222430558 0.015815176764564676 0.04484360829407406
0 0.49512819753371107 0.9090477690382415 0.01676237012586874 0.05734360829407379
0 0.5435656975337111 0.9048100368987047 0.01676237012586874 0.05734360829407379
0 0.46207889919338496 0.9087934908101859 0.01664397095570589 0.05578110829407414
0 0.510516399193385 0.904555758670649 0.01676237012586874 0.057343608294074144
0 0.2338342388018452 0.19030520537208376 0.01832487012586892 0.057480309330833326
0 0.44590944753371103 0.9133538516961581 0.01676237012586874 0.057343608294074144
0 0.47680425002322196 0.905932330960973 0.015815176764564676 0.044843608294073786
0 0.4459318357062119 0.8410003980675007 0.01688076929603195 0.058906108294074146
0 0.5886143979439851 0.7105528975018529 0.020360966806520865 0.0638670103675926
0 0.40894224379944466 0.9236659265783803 0.017235966806520862 0.06359360829407379
0 0.3845422045826809 0.7158240322805562 0.014252676764564676 0.04470690725731483
3 0.915748350853059 0.8659568396316221 0.0716633576783142 0.08542894354388864