0 0.27554368119437034 0.471875 0.036798369395056166 0.0296875
0 0.701500661190491 0.575 0.041868506667959694 0.034375
0 0.5639370172496276 0.6140625 0.031855777879787085 0.0265625
0 0.20877076937565953 0.4859375 0.0416134151526907 0.03125
0 0.6358438392200594 0.59453125 0.04174096091032524 0.0328125
5 0.7081016054309168 0.628125 0.04512105242559432 0.0359375
0 0.36707631651041994 0.12578125 0.029974284547746866 0.0609375
5 0.7391279490722178 0.496875 0.04719373545613248 0.0421875
0 0.8010862019471556 0.59921875 0.046556006667960045 0.034375
0 0.5347420486325725 0.10078125 0.029846738790112327 0.059375
0 0.5652105407566647 0.02421875 0.028953918486670636 0.0484375
0 0.5546559359054761 0.09609375 0.028156693032477875 0.0578125
0 0.5303253577261267 0.03046875 0.03309928454774678 0.0609375
0 0.4467635586345121 0.04921875 0.026594193032477877 0.0578125
0 0.4631060357556949 0.05 0.028156693032477875 0.0578125
0 0.39619024741492614 0.24765625 0.03309928454774695 0.0609375
0 0.4307559213616086 0.05390625 0.029974284547746775 0.0609375
0 0.3360345131667417 0.40078125 0.046268964244305086 0.05
0 0.4989000145438675 0.0421875 0.02946410151720862 0.0546875
0 0.7802001328516619 0.72109375 0.029336555759574168 0.053125
0 0.4798311501497812 0.04609375 0.027901601517208795 0.0546875
0 0.6017386168099823 0.21796875 0.02413887272903601 0.046875
0 0.546604061968492 0.03203125 0.031791876063016034 0.0640625
0 0.9184016345186519 0.7125 0.031281693032477874 0.0578125
0 0.5139988560591366 0.0390625 0.02946410151720862 0.0546875
3 0.06130467757052636 0.1390625 0.09540783697334118 0.096875
0 0.8822728158822001 0.71484375 0.0235011439408634 0.0390625
0 0.8497159231492848 0.86484375 0.04170901000193936 0.0515625
0 0.9313480446703728 0.70703125 0.02735946757828529 0.0671875