0 0.440625 0.39140625 0.028125 0.02109375
0 0.05234375 0.275 0.0296875 0.0234375
0 0.2109375 0.2625 0.02890625 0.0234375
0 0.32578125 0.43671875 0.0234375 0.01875
0 0.9359375 0.4203125 0.028125 0.02265625
0 0.77109375 0.37109375 0.02578125 0.0203125
0 0.8078125 0.2984375 0.02890625 0.01875
0 0.21484375 0.4390625 0.02578125 0.02109375
0 0.01015625 0.27890625 0.0203125 0.0203125
0 0.865625 0.290625 0.02890625 0.02109375
0 0.89296875 0.2578125 0.0296875 0.021875
0 0.16875 0.2625 0.03046875 0.0234375
0 0.25625 0.26328125 0.02421875 0.01953125
0 0.44453125 0.29140625 0.0296875 0.0265625
0 0.37109375 0.43125 0.0296875 0.02109375
5 0.29375 0.2609375 0.03515625 0.025
0 0.4234375 0.43046875 0.0203125 0.01640625
4 0.275 0.43984375 0.04453125 0.02578125
0 0.8390625 0.2609375 0.0328125 0.0234375
5 0.80625 0.33046875 0.03359375 0.0203125