3 0.4609375 0.3359375 0.084375 0.0453125
0 0.45625 0.25234375 0.03515625 0.028125
0 0.45390625 0.88515625 0.034375 0.03515625
0 0.41640625 0.29375 0.03671875 0.02890625
0 0.45078125 0.39921875 0.034375 0.02734375
0 0.51875 0.24921875 0.0359375 0.0296875
0 0.409375 0.2578125 0.028125 0.02421875
0 0.584375 0.67265625 0.034375 0.03125
0 0.9359375 0.38359375 0.0296875 0.025
3 0.8453125 0.9265625 0.06640625 0.140625
0 0.546875 0.740625 0.0328125 0.03359375
0 0.2328125 0.765625 0.0296875 0.06953125
0 0.20625 0.85234375 0.03125 0.06328125
0 0.2734375 0.72578125 0.02890625 0.07109375
0 0.11484375 0.44609375 0.03984375 0.03125
0 0.51953125 0.046875 0.040625 0.04140625
0 0.58203125 0.76796875 0.034375 0.0359375
5 0.13359375 0.53203125 0.034375 0.03125
0 0.21640625 0.08984375 0.015625 0.07890625
5 0.56171875 0.3359375 0.03828125 0.02734375
0 0.565625 0.11875 0.03515625 0.028125
0 0.73359375 0.934375 0.03515625 0.04375
0 0.02421875 0.5265625 0.0390625 0.0359375
0 0.096875 0.54453125 0.03515625 0.03046875
5 0.4734375 0.29296875 0.0375 0.0296875
0 0.6484375 0.34140625 0.03828125 0.028125
0 0.55546875 0.30078125 0.03671875 0.028125
0 0.6640625 0.8375 0.03359375 0.04375
0 0.3171875 0.55234375 0.01640625 0.06875
0 0.2609375 0.66328125 0.02109375 0.065625
0 0.15625 0.9703125 0.034375 0.05859375
0 0.6796875 0.259375 0.0296875 0.02421875
0 0.24375 0.821875 0.02890625 0.0640625
5 0.86328125 0.49609375 0.03828125 0.02734375
0 0.10078125 0.4953125 0.03984375 0.03203125
3 0.41875 0.11171875 0.05078125 0.06875
0 0.603125 0.25390625 0.034375 0.03125
0 0.6125 0.2890625 0.03984375 0.03359375
5 0.29140625 0.6265625 0.02265625 0.07578125
3 0.19609375 0.9515625 0.04453125 0.096875
0 0.3453125 0.9890625 0.028125 0.021875