0 0.1140625 0.43359375 0.0265625 0.02265625
0 0.159375 0.43359375 0.034375 0.0328125
0 0.09140625 0.36171875 0.03125 0.025
0 0.203125 0.3921875 0.0296875 0.02734375
0 0.196875 0.43203125 0.03125 0.025
0 0.1375 0.36328125 0.028125 0.02890625
0 0.20390625 0.35625 0.02578125 0.02265625
0 0.41640625 0.69375 0.01328125 0.04296875
0 0.45390625 0.68203125 0.01484375 0.05703125
0 0.4203125 0.840625 0.0171875 0.05859375
0 0.39375 0.0171875 0.01640625 0.034375
0 0.803125 0.278125 0.03515625 0.02578125
0 0.96328125 0.234375 0.03125 0.025
0 0.89921875 0.1953125 0.02890625 0.025
5 0.0859375 0.39921875 0.04296875 0.028125
0 0.3765625 0.01796875 0.0140625 0.0359375
0 0.34921875 0.7015625 0.015625 0.0546875
0 0.98203125 0.18828125 0.03515625 0.0296875
0 0.78203125 0.63359375 0.01171875 0.04609375
2 0.63671875 0.8921875 0.10859375 0.0515625
0 0.41953125 0.76328125 0.01328125 0.0546875
0 0.7359375 0.2921875 0.02421875 0.02265625
0 0.4375 0.72109375 0.01484375 0.053125
0 0.43515625 0.7875 0.01328125 0.05
0 0.02578125 0.4015625 0.025 0.0265625
0 0.72109375 0.190625 0.0296875 0.0171875
0 0.84453125 0.634375 0.0125 0.0515625
0 0.77265625 0.20390625 0.03046875 0.028125
0 0.79609375 0.6375 0.0125 0.04375
3 0.68671875 0.41015625 0.08515625 0.04296875
0 0.27890625 0.47421875 0.03125 0.02890625
5 0.72109375 0.2484375 0.0375 0.025
0 0.81875 0.2015625 0.0359375 0.02578125
5 0.940625 0.19609375 0.03828125 0.0265625
0 0.9296875 0.5046875 0.01640625 0.05625
0 0.88125 0.521875 0.03359375 0.02734375
5 0.8375 0.5234375 0.0390625 0.03359375
0 0.76640625 0.51484375 0.0140625 0.04921875
0 0.74765625 0.51484375 0.01328125 0.05859375
0 0.7125 0.53203125 0.0328125 0.02890625
0 0.675 0.53671875 0.03046875 0.03125
0 0.61796875 0.54140625 0.03515625 0.0265625
0 0.67734375 0.63828125 0.01484375 0.06875
0 0.66015625 0.64140625 0.0125 0.0640625
0 0.6421875 0.64453125 0.01328125 0.06171875
0 0.62578125 0.63828125 0.01328125 0.03984375
0 0.7234375 0.6328125 0.015625 0.06171875
0 0.8109375 0.63359375 0.01640625 0.0578125
0 0.828125 0.63359375 0.01171875 0.06171875
0 0.8625 0.62734375 0.01484375 0.0671875
0 0.89921875 0.628125 0.0171875 0.05546875
0 0.9921875 0.62109375 0.01484375 0.0640625