0 0.8579704127440575 0.02668090569398194 0.04467730032431163 0.05336181138796388
0 0.805040687097082 0.375276384182353 0.03670115909060954 0.0460529796419344
0 0.18162691193657388 0.6821151858434842 0.08960797077900677 0.03695738433001132
0 0.023946420050953435 0.6723162885566628 0.04789284010190687 0.036617422886674335
0 0.8346402325501296 0.1548742466131392 0.039826159090609534 0.046253238741233015
0 0.8521646976470935 0.08976038634182135 0.039826159090609534 0.046253238741233015
0 0.7049082735422456 0.43397836058508493 0.03988070616851012 0.04937823874123311
0 0.16738317979348136 0.6486914165651527 0.10065456493480811 0.04390829117755644
0 0.5436188027665342 0.9562409916758938 0.040897735389503254 0.01822836829088246
5 0.5789673364484589 0.49589497455703063 0.07439207386326192 0.059393588833518154
5 0.6570725657488824 0.2684825709486878 0.052680715096963836 0.06736677513842756
0 0.736010043427748 0.3063447139165725 0.03664661201270878 0.0429279796419344
0 0.8092702654245709 0.31179487508305437 0.038236385551659424 0.04459060919158375
0 0.7229936205374208 0.20260844463824101 0.04618525324641087 0.052903756939830335
0 0.830492474839492 0.21366825571243786 0.04311480032431163 0.05582849784053172
0 0.9640180409921161 0.20901342921742092 0.04311480032431163 0.055828497840531635
0 0.9840789452114617 0.007191024833885789 0.030205697240056395 0.014382049667771579
0 0.876590584419864 0.5681264157991857 0.04004434740221221 0.0587532387412331