3 0.93274574220136 0.8117332845522294 0.12547269867214011 0.08197722872636959
5 0.3097744549186561 0.06382056372269589 0.03772725897699045 0.03928066861791084
0 0.24973936212368955 0.44618815700864173 0.02989657825883114 0.0361102168225127
3 0.7645932442444634 0.1728894740509873 0.09401362041330899 0.04585792154477706
5 0.3824842053114395 0.32276377166641407 0.05961134933607006 0.040970433645025485
0 0.22641392896964335 0.8299046268562165 0.029914758976990453 0.0392352168225127
0 0.35557470902387267 0.7854046722321482 0.02989657825883114 0.0361102168225127
0 0.2594103196746242 0.2609819100337038 0.03302157825883114 0.03612839754067192
3 0.254221808163551 0.6156875907518631 0.04575792759490129 0.07682612041330898
5 0.30803417203575634 0.2286688589022357 0.040879530054229285 0.04398634933607006
0 0.2368014622453265 0.9243722443426592 0.031477258976990455 0.03924430718159257
0 0.26539059143923416 0.710150663058766 0.026735216822512696 0.029842036104353653
0 0.33506378376666246 0.4167864824388026 0.03303975897699045 0.03925339754067192
5 0.47354606342810823 0.11286607601933603 0.040888620413308985 0.04554884933607006
0 0.6716502026791609 0.5718542148776051 0.03302157825883114 0.03612839754067192
0 0.34232177186280577 0.5120535306434044 0.029887487899751618 0.034547716822512696
5 0.34546897687965766 0.6424995547457055 0.031495439695149674 0.04236930718159222
0 0.35625544419314975 0.9369580818730686 0.03462043969514968 0.04238748789975162
0 0.42043015378718795 0.11161264822804302 0.040870439695149585 0.04242384933607006
0 0.22149969087350002 0.7346239431129952 0.029914758976990363 0.0392352168225127
0 0.24785467525721022 0.36729554254726116 0.03303975897699045 0.03925339754067192
0 0.7383018923743105 0.5292803746167214 0.03614657825883114 0.03614657825883114
4 0.6295955546475096 0.2807024949318344 0.10651362041330899 0.04593064441741408
0 0.7693609948336386 0.5619110674351291 0.04084316861791084 0.03773634933607006
5 0.5172369760940907 0.12276779596510672 0.039317030054229284 0.04397725897699045
0 0.6227279311109427 0.2526184015476927 0.07047612646343318 0.028534066158582762
0 0.3598667784039093 0.8533461511549092 0.031486349336070064 0.040806807181592575
0 0.8552712237563999 0.56609859768575 0.048655668617910666 0.03778180113146803
5 0.18605359114464654 0.5160875665513662 0.040879530054229285 0.04398634933607006
5 0.2888064073032293 0.44517964803165133 0.028334078258831143 0.03610112646343318
0 0.2989075942679045 0.588866015518094 0.031477258976990365 0.0392443071815924
0 0.9195746182720097 0.5243196429634857 0.048655668617910666 0.03778180113146803
0 0.4332437711754348 0.05763367535540609 0.03773634933607006 0.04084316861791084
0 0.04210360324489494 0.5512988795866911 0.03146816861791083 0.0376818071815924
0 0.48320286455957645 0.06437403386485832 0.0298783975406721 0.03298521682251274
5 0.28628137100248413 0.3420728287498105 0.031495439695149674 0.042369307181592396
0 0.890322413746137 0.7182332694269189 0.04239657825883114 0.03618293969514976
0 0.5423273588040398 0.24136780504029304 0.06110112646343317 0.028479524004105094
0 0.12076895872928506 0.5922460664531704 0.03460225897699045 0.03926248789975162
0 0.13986543413600477 0.26402107250329465 0.07043067466803503 0.020721566158582762
0 0.024222774298692684 0.27719830425472614 0.04844554859738537 0.02060339149054773
0 0.12002004586691087 0.45241140681225006 0.06117384933607006 0.040979524004105095
0 0.5093477289227611 0.0032512232654203998 0.031304542154477664 0.0065024465308407995
0 0.3567048960867437 0.9939847866935289 0.031295451795398145 0.007994307181592575
0 0.9333229800029155 0.7125145345522294 0.04393180718159258 0.031504530054229284
3 0.9644240308397961 0.46937306772971665 0.06578862646343282 0.028506795081344016
5 0.14082394613805732 0.23354777732375478 0.07986930718159235 0.03171360831306051
3 0.2018144256499937 0.6269296177810302 0.05043633723582168 0.0752908914905479