0 0.6332816952542946 0.3418734912476403 0.023610216822512697 0.029960220003181704
0 0.21932932132494423 0.6342097259707286 0.050081813231716586 0.014644302673454134
0 0.5411826371889394 0.8953263025939124 0.023601126463433174 0.028397720003181703
0 0.7379681534926004 0.07188716056655006 0.02520907825883114 0.03622840133672711
0 0.7802147408266178 0.08155251456082305 0.023592036104353654 0.02683522000318166
0 0.6241884963857627 0.390420079248913 0.023582945745273774 0.025272720003181703
0 0.7205337939029935 0.8354229492361863 0.02675339754067192 0.03312158267027243
0 0.7823312318496274 0.04246274256050488 0.023601126463433174 0.028397720003181658
0 0.5736315228257547 0.832444494589458 0.02675339754067192 0.03312158267027243
0 0.7777942436552883 0.20268262722791394 0.025181807181592398 0.031540901336727066
0 0.538493974424761 0.9703626652610033 0.023582945745273774 0.025272720003181703
0 0.7774538760706496 0.2784729678946866 0.02675339754067192 0.03312158267027261
0 0.7814550539601386 0.16044967389405035 0.025181807181592398 0.031540901336727115
0 0.638274764045156 0.6629308785805494 0.048601126463433175 0.028688621339908772
0 0.5475230198988885 0.7764944865929579 0.023601126463433174 0.028397720003181703
0 0.6236435957218328 0.43105416991568574 0.020457945745273775 0.02523635733609062
0 0.1967639749157404 0.6500983553071376 0.04382272287263693 0.013009077339272323
0 0.7816793304001305 0.6018831958943685 0.04228749394987581 0.01767839600572696
0 0.7741379785299778 0.24569683056177755 0.01887726502711473 0.022093176002545345
0 0.6867082397464633 0.7959700979074134 0.023601126463433174 0.028397720003181703
0 0.5923390535673551 0.4220427965865946 0.01886817466803503 0.020530676002545434
0 0.31686285147736937 0.6119796426241383 0.05320681323171659 0.014680665340545218
0 0.9829408067888089 0.5768633725334606 0.03411838642238223 0.01449885200509069
0 0.650212203543914 0.8346786092457312 0.0298602168225127 0.030032945337363514
5 0.6445343752850828 0.7988047439131403 0.028334078258831143 0.03626476400381797
0 0.5878480380492611 0.7244592719207764 0.042378397540672096 0.03330339600572714
1 0.28974636045435986 0.6513603159611836 0.10481476502711465 0.023093149347544896
1 0.10771511045435984 0.6534784413192278 0.12202044574527386 0.026418144016544787