0 0.73203125 0.5296875 0.03671875 0.03046875
0 0.5984375 0.1359375 0.034375 0.0328125
0 0.628125 0.08984375 0.03671875 0.034375
0 0.67265625 0.48359375 0.0375 0.0296875
0 0.6359375 0.12265625 0.034375 0.0296875
0 0.57734375 0.5046875 0.0359375 0.02890625
0 0.60546875 0.1703125 0.03671875 0.0328125
0 0.58515625 0.0296875 0.0390625 0.0328125
0 0.5078125 0.25703125 0.03203125 0.02734375
0 0.63046875 0.05234375 0.03671875 0.03125
0 0.50546875 0.184375 0.02734375 0.0265625
0 0.77109375 0.58203125 0.0359375 0.028125
0 0.8234375 0.571875 0.04296875 0.0296875
0 0.66640625 0.96875 0.0140625 0.05625
0 0.73515625 0.46953125 0.040625 0.03046875
0 0.88828125 0.55390625 0.034375 0.028125
0 0.5078125 0.290625 0.03359375 0.02890625
0 0.5078125 0.21953125 0.03515625 0.0296875
0 0.71953125 0.5953125 0.040625 0.03046875
0 0.61953125 0.496875 0.03671875 0.03125
0 0.596875 0.3484375 0.0171875 0.06015625
0 0.78671875 0.45625 0.040625 0.03046875
5 0.18359375 0.6140625 0.03828125 0.03359375
0 0.54609375 0.62734375 0.0375 0.02734375
0 0.58515625 0.00546875 0.03359375 0.0109375
0 0.6375 0.60859375 0.034375 0.028125
0 0.57109375 0.3484375 0.01484375 0.0546875
0 0.9828125 0.534375 0.03359375 0.0328125
0 0.39921875 0.09453125 0.01484375 0.0625
0 0.971875 0.9640625 0.0203125 0.0546875
5 0.209375 0.75703125 0.03515625 0.05390625
5 0.253125 0.8140625 0.04140625 0.0546875
5 0.31640625 0.95078125 0.02109375 0.0859375
5 0.44765625 0.853125 0.01953125 0.075
5 0.4078125 0.278125 0.0171875 0.07421875
3 0.26015625 0.2140625 0.034375 0.13515625
0 0.2453125 0.03125 0.0234375 0.0625
0 0.4046875 0.18203125 0.01796875 0.065625
0 0.45234375 0.48046875 0.0375 0.05234375
0 0.5921875 0.6203125 0.03671875 0.04296875
0 0.60546875 0.8625 0.01796875 0.0796875
0 0.6890625 0.9703125 0.01953125 0.05859375
0 0.71171875 0.96875 0.01875 0.06171875
0 0.890625 0.96953125 0.015625 0.0328125
0 0.9359375 0.54765625 0.04140625 0.03828125
0 0.91875 0.42265625 0.04375 0.0375
0 0.8703125 0.43671875 0.04375 0.03671875
0 0.6171875 0.33671875 0.01796875 0.06796875
0 0.55078125 0.35703125 0.01875 0.07578125
0 0.58984375 0.0953125 0.0359375 0.04453125
0 0.6296875 0.0203125 0.0390625 0.0359375
0 0.6375 0.33984375 0.0203125 0.075
0 0.659375 0.3265625 0.01953125 0.0734375