3 0.85078125 0.9234375 0.06875 0.1453125
3 0.8734375 0.47109375 0.0703125 0.04375
0 0.2015625 0.46953125 0.0359375 0.0296875
0 0.5578125 0.47578125 0.03828125 0.0296875
0 0.1171875 0.55625 0.03359375 0.02890625
3 0.21953125 0.134375 0.0296875 0.1375
0 0.5859375 0.7703125 0.03359375 0.03984375
0 0.70234375 0.4859375 0.0359375 0.028125
0 0.553125 0.7421875 0.0328125 0.0375
0 0.590625 0.67265625 0.034375 0.0328125
0 0.35703125 0.971875 0.0359375 0.0515625
5 0.021875 0.540625 0.04375 0.03984375
0 0.28828125 0.7171875 0.025 0.0625
0 0.23125 0.8875 0.02890625 0.06640625
0 0.52421875 0.04609375 0.03359375 0.028125
5 0.89296875 0.30078125 0.040625 0.0296875
0 0.56953125 0.121875 0.0359375 0.0296875
0 0.1921875 0.1609375 0.015625 0.06328125
3 0.19140625 0.04765625 0.02421875 0.09453125
0 0.3484375 0.44296875 0.03671875 0.03046875
0 0.21015625 0.87578125 0.025 0.06171875
0 0.2953125 0.634375 0.02109375 0.065625
0 0.26796875 0.63984375 0.021875 0.0734375
0 0.26328125 0.79765625 0.02734375 0.0625
5 0.2421875 0.75703125 0.034375 0.0796875
3 0.515625 0.9734375 0.02734375 0.053125
0 0.24375 0.01328125 0.015625 0.0265625
0 0.75078125 0.9265625 0.028125 0.04375
3 0.215625 0.009375 0.021875 0.01796875
4 0.45703125 0.98125 0.02890625 0.0375
5 0.640625 0.5328125 0.040625 0.02734375
0 0.25 0.1671875 0.015625 0.06171875
5 0.20078125 0.9609375 0.04140625 0.078125
0 0.3875 0.4390625 0.0359375 0.02578125